date,game_mode,region,map,tier,hero,role,pick_rate,win_rate
2026-02-11,quickplay,Asia,all-maps,All,D.Va,TANK,8.9,47.5
2026-02-11,quickplay,Asia,all-maps,All,겐지,DAMAGE,14.7,50.7
2026-02-11,quickplay,Asia,all-maps,All,도미나,TANK,-1.0,-1.0
2026-02-11,quickplay,Asia,all-maps,All,둠피스트,TANK,13.9,50.5
2026-02-11,quickplay,Asia,all-maps,All,라마트라,TANK,6.5,49.5
2026-02-11,quickplay,Asia,all-maps,All,라이프위버,SUPPORT,8.0,46.8
2026-02-11,quickplay,Asia,all-maps,All,라인하르트,TANK,9.7,52.7
2026-02-11,quickplay,Asia,all-maps,All,레킹볼,TANK,4.1,49.1
2026-02-11,quickplay,Asia,all-maps,All,로드호그,TANK,5.9,44.0
2026-02-11,quickplay,Asia,all-maps,All,루시우,SUPPORT,8.2,51.8
2026-02-11,quickplay,Asia,all-maps,All,리퍼,DAMAGE,9.6,52.8
2026-02-11,quickplay,Asia,all-maps,All,마우가,TANK,4.0,48.1
2026-02-11,quickplay,Asia,all-maps,All,메르시,SUPPORT,12.6,47.5
2026-02-11,quickplay,Asia,all-maps,All,메이,DAMAGE,6.6,53.6
2026-02-11,quickplay,Asia,all-maps,All,모이라,SUPPORT,15.3,49.4
2026-02-11,quickplay,Asia,all-maps,All,미즈키,SUPPORT,-1.0,-1.0
2026-02-11,quickplay,Asia,all-maps,All,바스티온,DAMAGE,12.7,49.7
2026-02-11,quickplay,Asia,all-maps,All,바티스트,SUPPORT,9.1,47.7
2026-02-11,quickplay,Asia,all-maps,All,벤데타,DAMAGE,12.5,54.3
2026-02-11,quickplay,Asia,all-maps,All,벤처,DAMAGE,4.2,52.9
2026-02-11,quickplay,Asia,all-maps,All,브리기테,SUPPORT,5.6,50.4
2026-02-11,quickplay,Asia,all-maps,All,소전,DAMAGE,14.8,45.7
2026-02-11,quickplay,Asia,all-maps,All,솔저: 76,DAMAGE,17.8,48.9
2026-02-11,quickplay,Asia,all-maps,All,솜브라,DAMAGE,8.7,48.3
2026-02-11,quickplay,Asia,all-maps,All,시그마,TANK,12.3,55.3
2026-02-11,quickplay,Asia,all-maps,All,시메트라,DAMAGE,4.7,57.1
2026-02-11,quickplay,Asia,all-maps,All,아나,SUPPORT,50.4,48.1
2026-02-11,quickplay,Asia,all-maps,All,안란,DAMAGE,0.5,50.9
2026-02-11,quickplay,Asia,all-maps,All,애쉬,DAMAGE,16.4,51.4
2026-02-11,quickplay,Asia,all-maps,All,에코,DAMAGE,6.2,51.0
2026-02-11,quickplay,Asia,all-maps,All,엠레,DAMAGE,-1.0,-1.0
2026-02-11,quickplay,Asia,all-maps,All,오리사,TANK,11.4,46.1
2026-02-11,quickplay,Asia,all-maps,All,우양,SUPPORT,17.5,53.1
2026-02-11,quickplay,Asia,all-maps,All,위도우메이커,DAMAGE,5.0,45.8
2026-02-11,quickplay,Asia,all-maps,All,윈스턴,TANK,6.2,50.8
2026-02-11,quickplay,Asia,all-maps,All,일리아리,SUPPORT,14.0,56.0
2026-02-11,quickplay,Asia,all-maps,All,자리야,TANK,9.2,49.7
2026-02-11,quickplay,Asia,all-maps,All,정커퀸,TANK,5.0,54.8
2026-02-11,quickplay,Asia,all-maps,All,정크랫,DAMAGE,9.4,51.3
2026-02-11,quickplay,Asia,all-maps,All,제트팩 캣,SUPPORT,-1.0,-1.0
2026-02-11,quickplay,Asia,all-maps,All,젠야타,SUPPORT,14.1,54.5
2026-02-11,quickplay,Asia,all-maps,All,주노,SUPPORT,14.3,50.0
2026-02-11,quickplay,Asia,all-maps,All,캐서디,DAMAGE,22.5,46.4
2026-02-11,quickplay,Asia,all-maps,All,키리코,SUPPORT,30.9,46.9
2026-02-11,quickplay,Asia,all-maps,All,토르비욘,DAMAGE,4.2,55.1
2026-02-11,quickplay,Asia,all-maps,All,트레이서,DAMAGE,6.6,47.6
2026-02-11,quickplay,Asia,all-maps,All,파라,DAMAGE,6.8,51.6
2026-02-11,quickplay,Asia,all-maps,All,프레야,DAMAGE,7.2,45.8
2026-02-11,quickplay,Asia,all-maps,All,한조,DAMAGE,9.1,49.6
2026-02-11,quickplay,Asia,all-maps,All,해저드,TANK,2.9,49.3
2026-02-11,quickplay,Asia,volskaya-industries,All,D.Va,TANK,8.2,51.8
2026-02-11,quickplay,Asia,volskaya-industries,All,겐지,DAMAGE,16.5,53.7
2026-02-11,quickplay,Asia,volskaya-industries,All,도미나,TANK,-1.0,-1.0
2026-02-11,quickplay,Asia,volskaya-industries,All,둠피스트,TANK,18.5,49.1
2026-02-11,quickplay,Asia,volskaya-industries,All,라마트라,TANK,6.2,49.1
2026-02-11,quickplay,Asia,volskaya-industries,All,라이프위버,SUPPORT,7.5,46.3
2026-02-11,quickplay,Asia,volskaya-industries,All,라인하르트,TANK,10.5,49.5
2026-02-11,quickplay,Asia,volskaya-industries,All,레킹볼,TANK,3.6,46.6
2026-02-11,quickplay,Asia,volskaya-industries,All,로드호그,TANK,5.3,46.8
2026-02-11,quickplay,Asia,volskaya-industries,All,루시우,SUPPORT,7.2,52.5
2026-02-11,quickplay,Asia,volskaya-industries,All,리퍼,DAMAGE,8.0,53.5
2026-02-11,quickplay,Asia,volskaya-industries,All,마우가,TANK,3.2,49.8
2026-02-11,quickplay,Asia,volskaya-industries,All,메르시,SUPPORT,14.4,48.2
2026-02-11,quickplay,Asia,volskaya-industries,All,메이,DAMAGE,6.1,51.1
2026-02-11,quickplay,Asia,volskaya-industries,All,모이라,SUPPORT,14.5,51.5
2026-02-11,quickplay,Asia,volskaya-industries,All,미즈키,SUPPORT,-1.0,-1.0
2026-02-11,quickplay,Asia,volskaya-industries,All,바스티온,DAMAGE,13.6,48.5
2026-02-11,quickplay,Asia,volskaya-industries,All,바티스트,SUPPORT,8.9,47.1
2026-02-11,quickplay,Asia,volskaya-industries,All,벤데타,DAMAGE,13.1,54.8
2026-02-11,quickplay,Asia,volskaya-industries,All,벤처,DAMAGE,4.0,52.2
2026-02-11,quickplay,Asia,volskaya-industries,All,브리기테,SUPPORT,4.5,49.6
2026-02-11,quickplay,Asia,volskaya-industries,All,소전,DAMAGE,13.6,44.9
2026-02-11,quickplay,Asia,volskaya-industries,All,솔저: 76,DAMAGE,16.1,47.7
2026-02-11,quickplay,Asia,volskaya-industries,All,솜브라,DAMAGE,8.8,52.5
2026-02-11,quickplay,Asia,volskaya-industries,All,시그마,TANK,11.8,52.2
2026-02-11,quickplay,Asia,volskaya-industries,All,시메트라,DAMAGE,9.3,58.2
2026-02-11,quickplay,Asia,volskaya-industries,All,아나,SUPPORT,51.6,48.4
2026-02-11,quickplay,Asia,volskaya-industries,All,안란,DAMAGE,-1.0,-1.0
2026-02-11,quickplay,Asia,volskaya-industries,All,애쉬,DAMAGE,15.3,49.6
2026-02-11,quickplay,Asia,volskaya-industries,All,에코,DAMAGE,4.6,53.0
2026-02-11,quickplay,Asia,volskaya-industries,All,엠레,DAMAGE,-1.0,-1.0
2026-02-11,quickplay,Asia,volskaya-industries,All,오리사,TANK,10.2,45.6
2026-02-11,quickplay,Asia,volskaya-industries,All,우양,SUPPORT,17.1,50.7
2026-02-11,quickplay,Asia,volskaya-industries,All,위도우메이커,DAMAGE,5.1,45.9
2026-02-11,quickplay,Asia,volskaya-industries,All,윈스턴,TANK,5.6,54.0
2026-02-11,quickplay,Asia,volskaya-industries,All,일리아리,SUPPORT,13.5,51.4
2026-02-11,quickplay,Asia,volskaya-industries,All,자리야,TANK,10.5,52.3
2026-02-11,quickplay,Asia,volskaya-industries,All,정커퀸,TANK,3.7,53.7
2026-02-11,quickplay,Asia,volskaya-industries,All,정크랫,DAMAGE,9.0,48.3
2026-02-11,quickplay,Asia,volskaya-industries,All,제트팩 캣,SUPPORT,-1.0,-1.0
2026-02-11,quickplay,Asia,volskaya-industries,All,젠야타,SUPPORT,14.9,56.1
2026-02-11,quickplay,Asia,volskaya-industries,All,주노,SUPPORT,14.5,50.5
2026-02-11,quickplay,Asia,volskaya-industries,All,캐서디,DAMAGE,21.2,47.7
2026-02-11,quickplay,Asia,volskaya-industries,All,키리코,SUPPORT,31.5,48.5
2026-02-11,quickplay,Asia,volskaya-industries,All,토르비욘,DAMAGE,6.1,45.0
2026-02-11,quickplay,Asia,volskaya-industries,All,트레이서,DAMAGE,5.7,46.9
2026-02-11,quickplay,Asia,volskaya-industries,All,파라,DAMAGE,6.0,54.4
2026-02-11,quickplay,Asia,volskaya-industries,All,프레야,DAMAGE,8.1,45.3
2026-02-11,quickplay,Asia,volskaya-industries,All,한조,DAMAGE,9.8,49.2
2026-02-11,quickplay,Asia,volskaya-industries,All,해저드,TANK,2.6,49.1
2026-02-11,quickplay,Asia,temple-of-anubis,All,D.Va,TANK,9.3,48.7
2026-02-11,quickplay,Asia,temple-of-anubis,All,겐지,DAMAGE,17.2,55.3
2026-02-11,quickplay,Asia,temple-of-anubis,All,도미나,TANK,-1.0,-1.0
2026-02-11,quickplay,Asia,temple-of-anubis,All,둠피스트,TANK,19.4,51.4
2026-02-11,quickplay,Asia,temple-of-anubis,All,라마트라,TANK,5.9,48.4
2026-02-11,quickplay,Asia,temple-of-anubis,All,라이프위버,SUPPORT,7.4,46.0
2026-02-11,quickplay,Asia,temple-of-anubis,All,라인하르트,TANK,10.1,52.2
2026-02-11,quickplay,Asia,temple-of-anubis,All,레킹볼,TANK,3.5,48.6
2026-02-11,quickplay,Asia,temple-of-anubis,All,로드호그,TANK,5.3,41.9
2026-02-11,quickplay,Asia,temple-of-anubis,All,루시우,SUPPORT,7.3,52.4
2026-02-11,quickplay,Asia,temple-of-anubis,All,리퍼,DAMAGE,9.7,52.2
2026-02-11,quickplay,Asia,temple-of-anubis,All,마우가,TANK,3.3,48.1
2026-02-11,quickplay,Asia,temple-of-anubis,All,메르시,SUPPORT,15.5,50.0
2026-02-11,quickplay,Asia,temple-of-anubis,All,메이,DAMAGE,5.8,50.2
2026-02-11,quickplay,Asia,temple-of-anubis,All,모이라,SUPPORT,14.9,50.8
2026-02-11,quickplay,Asia,temple-of-anubis,All,미즈키,SUPPORT,-1.0,-1.0
2026-02-11,quickplay,Asia,temple-of-anubis,All,바스티온,DAMAGE,11.9,47.4
2026-02-11,quickplay,Asia,temple-of-anubis,All,바티스트,SUPPORT,8.9,46.3
2026-02-11,quickplay,Asia,temple-of-anubis,All,벤데타,DAMAGE,13.6,56.1
2026-02-11,quickplay,Asia,temple-of-anubis,All,벤처,DAMAGE,4.4,54.6
2026-02-11,quickplay,Asia,temple-of-anubis,All,브리기테,SUPPORT,5.1,48.7
2026-02-11,quickplay,Asia,temple-of-anubis,All,소전,DAMAGE,11.3,45.8
2026-02-11,quickplay,Asia,temple-of-anubis,All,솔저: 76,DAMAGE,14.0,45.4
2026-02-11,quickplay,Asia,temple-of-anubis,All,솜브라,DAMAGE,8.1,50.4
2026-02-11,quickplay,Asia,temple-of-anubis,All,시그마,TANK,11.7,51.5
2026-02-11,quickplay,Asia,temple-of-anubis,All,시메트라,DAMAGE,5.7,50.0
2026-02-11,quickplay,Asia,temple-of-anubis,All,아나,SUPPORT,50.6,48.0
2026-02-11,quickplay,Asia,temple-of-anubis,All,안란,DAMAGE,-1.0,-1.0
2026-02-11,quickplay,Asia,temple-of-anubis,All,애쉬,DAMAGE,14.4,48.1
2026-02-11,quickplay,Asia,temple-of-anubis,All,에코,DAMAGE,4.8,55.5
2026-02-11,quickplay,Asia,temple-of-anubis,All,엠레,DAMAGE,-1.0,-1.0
2026-02-11,quickplay,Asia,temple-of-anubis,All,오리사,TANK,9.8,45.2
2026-02-11,quickplay,Asia,temple-of-anubis,All,우양,SUPPORT,16.8,52.0
2026-02-11,quickplay,Asia,temple-of-anubis,All,위도우메이커,DAMAGE,12.1,53.2
2026-02-11,quickplay,Asia,temple-of-anubis,All,윈스턴,TANK,7.4,55.2
2026-02-11,quickplay,Asia,temple-of-anubis,All,일리아리,SUPPORT,14.0,51.8
2026-02-11,quickplay,Asia,temple-of-anubis,All,자리야,TANK,7.8,50.9
2026-02-11,quickplay,Asia,temple-of-anubis,All,정커퀸,TANK,3.6,53.8
2026-02-11,quickplay,Asia,temple-of-anubis,All,정크랫,DAMAGE,12.6,50.7
2026-02-11,quickplay,Asia,temple-of-anubis,All,제트팩 캣,SUPPORT,-1.0,-1.0
2026-02-11,quickplay,Asia,temple-of-anubis,All,젠야타,SUPPORT,14.7,55.6
2026-02-11,quickplay,Asia,temple-of-anubis,All,주노,SUPPORT,13.6,50.7
2026-02-11,quickplay,Asia,temple-of-anubis,All,캐서디,DAMAGE,18.7,43.3
2026-02-11,quickplay,Asia,temple-of-anubis,All,키리코,SUPPORT,31.4,47.9
2026-02-11,quickplay,Asia,temple-of-anubis,All,토르비욘,DAMAGE,5.9,46.1
2026-02-11,quickplay,Asia,temple-of-anubis,All,트레이서,DAMAGE,4.6,45.6
2026-02-11,quickplay,Asia,temple-of-anubis,All,파라,DAMAGE,7.9,59.7
2026-02-11,quickplay,Asia,temple-of-anubis,All,프레야,DAMAGE,8.0,45.1
2026-02-11,quickplay,Asia,temple-of-anubis,All,한조,DAMAGE,9.2,50.2
2026-02-11,quickplay,Asia,temple-of-anubis,All,해저드,TANK,3.2,50.6
2026-02-11,quickplay,Asia,hanamura,All,D.Va,TANK,8.8,51.3
2026-02-11,quickplay,Asia,hanamura,All,겐지,DAMAGE,19.6,55.0
2026-02-11,quickplay,Asia,hanamura,All,도미나,TANK,-1.0,-1.0
2026-02-11,quickplay,Asia,hanamura,All,둠피스트,TANK,18.5,48.9
2026-02-11,quickplay,Asia,hanamura,All,라마트라,TANK,6.3,47.4
2026-02-11,quickplay,Asia,hanamura,All,라이프위버,SUPPORT,7.3,46.3
2026-02-11,quickplay,Asia,hanamura,All,라인하르트,TANK,13.1,50.9
2026-02-11,quickplay,Asia,hanamura,All,레킹볼,TANK,3.4,46.9
2026-02-11,quickplay,Asia,hanamura,All,로드호그,TANK,4.9,43.1
2026-02-11,quickplay,Asia,hanamura,All,루시우,SUPPORT,7.1,50.0
2026-02-11,quickplay,Asia,hanamura,All,리퍼,DAMAGE,8.2,52.6
2026-02-11,quickplay,Asia,hanamura,All,마우가,TANK,3.4,47.1
2026-02-11,quickplay,Asia,hanamura,All,메르시,SUPPORT,13.6,47.4
2026-02-11,quickplay,Asia,hanamura,All,메이,DAMAGE,8.2,49.0
2026-02-11,quickplay,Asia,hanamura,All,모이라,SUPPORT,14.9,50.5
2026-02-11,quickplay,Asia,hanamura,All,미즈키,SUPPORT,-1.0,-1.0
2026-02-11,quickplay,Asia,hanamura,All,바스티온,DAMAGE,12.8,47.7
2026-02-11,quickplay,Asia,hanamura,All,바티스트,SUPPORT,8.6,48.3
2026-02-11,quickplay,Asia,hanamura,All,벤데타,DAMAGE,13.0,53.3
2026-02-11,quickplay,Asia,hanamura,All,벤처,DAMAGE,4.2,53.2
2026-02-11,quickplay,Asia,hanamura,All,브리기테,SUPPORT,4.8,50.9
2026-02-11,quickplay,Asia,hanamura,All,소전,DAMAGE,12.1,45.7
2026-02-11,quickplay,Asia,hanamura,All,솔저: 76,DAMAGE,15.1,46.9
2026-02-11,quickplay,Asia,hanamura,All,솜브라,DAMAGE,7.8,50.0
2026-02-11,quickplay,Asia,hanamura,All,시그마,TANK,10.8,53.4
2026-02-11,quickplay,Asia,hanamura,All,시메트라,DAMAGE,9.6,60.8
2026-02-11,quickplay,Asia,hanamura,All,아나,SUPPORT,51.7,48.4
2026-02-11,quickplay,Asia,hanamura,All,안란,DAMAGE,-1.0,-1.0
2026-02-11,quickplay,Asia,hanamura,All,애쉬,DAMAGE,14.2,50.7
2026-02-11,quickplay,Asia,hanamura,All,에코,DAMAGE,4.1,52.0
2026-02-11,quickplay,Asia,hanamura,All,엠레,DAMAGE,-1.0,-1.0
2026-02-11,quickplay,Asia,hanamura,All,오리사,TANK,9.8,46.5
2026-02-11,quickplay,Asia,hanamura,All,우양,SUPPORT,16.7,50.9
2026-02-11,quickplay,Asia,hanamura,All,위도우메이커,DAMAGE,4.9,46.9
2026-02-11,quickplay,Asia,hanamura,All,윈스턴,TANK,5.2,54.7
2026-02-11,quickplay,Asia,hanamura,All,일리아리,SUPPORT,13.8,53.3
2026-02-11,quickplay,Asia,hanamura,All,자리야,TANK,9.0,52.6
2026-02-11,quickplay,Asia,hanamura,All,정커퀸,TANK,3.6,55.1
2026-02-11,quickplay,Asia,hanamura,All,정크랫,DAMAGE,10.0,48.1
2026-02-11,quickplay,Asia,hanamura,All,제트팩 캣,SUPPORT,-1.0,-1.0
2026-02-11,quickplay,Asia,hanamura,All,젠야타,SUPPORT,15.0,54.5
2026-02-11,quickplay,Asia,hanamura,All,주노,SUPPORT,13.5,51.4
2026-02-11,quickplay,Asia,hanamura,All,캐서디,DAMAGE,19.5,46.5
2026-02-11,quickplay,Asia,hanamura,All,키리코,SUPPORT,33.0,48.7
2026-02-11,quickplay,Asia,hanamura,All,토르비욘,DAMAGE,7.0,48.9
2026-02-11,quickplay,Asia,hanamura,All,트레이서,DAMAGE,4.7,46.3
2026-02-11,quickplay,Asia,hanamura,All,파라,DAMAGE,5.9,51.3
2026-02-11,quickplay,Asia,hanamura,All,프레야,DAMAGE,7.3,45.5
2026-02-11,quickplay,Asia,hanamura,All,한조,DAMAGE,12.0,49.2
2026-02-11,quickplay,Asia,hanamura,All,해저드,TANK,2.9,49.5
2026-02-11,quickplay,Asia,throne-of-anubis,All,D.Va,TANK,6.7,46.9
2026-02-11,quickplay,Asia,throne-of-anubis,All,겐지,DAMAGE,15.9,51.0
2026-02-11,quickplay,Asia,throne-of-anubis,All,도미나,TANK,-1.0,-1.0
2026-02-11,quickplay,Asia,throne-of-anubis,All,둠피스트,TANK,16.2,52.4
2026-02-11,quickplay,Asia,throne-of-anubis,All,라마트라,TANK,6.7,48.8
2026-02-11,quickplay,Asia,throne-of-anubis,All,라이프위버,SUPPORT,6.7,46.5
2026-02-11,quickplay,Asia,throne-of-anubis,All,라인하르트,TANK,11.8,51.9
2026-02-11,quickplay,Asia,throne-of-anubis,All,레킹볼,TANK,4.0,54.2
2026-02-11,quickplay,Asia,throne-of-anubis,All,로드호그,TANK,5.4,42.5
2026-02-11,quickplay,Asia,throne-of-anubis,All,루시우,SUPPORT,9.3,52.2
2026-02-11,quickplay,Asia,throne-of-anubis,All,리퍼,DAMAGE,12.4,54.9
2026-02-11,quickplay,Asia,throne-of-anubis,All,마우가,TANK,4.5,49.4
2026-02-11,quickplay,Asia,throne-of-anubis,All,메르시,SUPPORT,11.2,46.3
2026-02-11,quickplay,Asia,throne-of-anubis,All,메이,DAMAGE,7.6,53.1
2026-02-11,quickplay,Asia,throne-of-anubis,All,모이라,SUPPORT,18.9,49.4
2026-02-11,quickplay,Asia,throne-of-anubis,All,미즈키,SUPPORT,-1.0,-1.0
2026-02-11,quickplay,Asia,throne-of-anubis,All,바스티온,DAMAGE,12.1,48.9
2026-02-11,quickplay,Asia,throne-of-anubis,All,바티스트,SUPPORT,8.7,47.4
2026-02-11,quickplay,Asia,throne-of-anubis,All,벤데타,DAMAGE,16.6,53.6
2026-02-11,quickplay,Asia,throne-of-anubis,All,벤처,DAMAGE,5.9,53.9
2026-02-11,quickplay,Asia,throne-of-anubis,All,브리기테,SUPPORT,8.1,52.4
2026-02-11,quickplay,Asia,throne-of-anubis,All,소전,DAMAGE,13.9,45.4
2026-02-11,quickplay,Asia,throne-of-anubis,All,솔저: 76,DAMAGE,16.0,48.1
2026-02-11,quickplay,Asia,throne-of-anubis,All,솜브라,DAMAGE,7.9,47.6
2026-02-11,quickplay,Asia,throne-of-anubis,All,시그마,TANK,8.1,50.4
2026-02-11,quickplay,Asia,throne-of-anubis,All,시메트라,DAMAGE,4.8,58.6
2026-02-11,quickplay,Asia,throne-of-anubis,All,아나,SUPPORT,46.3,48.3
2026-02-11,quickplay,Asia,throne-of-anubis,All,안란,DAMAGE,0.5,49.9
2026-02-11,quickplay,Asia,throne-of-anubis,All,애쉬,DAMAGE,10.1,49.1
2026-02-11,quickplay,Asia,throne-of-anubis,All,에코,DAMAGE,5.4,50.9
2026-02-11,quickplay,Asia,throne-of-anubis,All,엠레,DAMAGE,-1.0,-1.0
2026-02-11,quickplay,Asia,throne-of-anubis,All,오리사,TANK,11.0,45.8
2026-02-11,quickplay,Asia,throne-of-anubis,All,우양,SUPPORT,19.4,53.0
2026-02-11,quickplay,Asia,throne-of-anubis,All,위도우메이커,DAMAGE,1.7,39.9
2026-02-11,quickplay,Asia,throne-of-anubis,All,윈스턴,TANK,3.8,49.4
2026-02-11,quickplay,Asia,throne-of-anubis,All,일리아리,SUPPORT,12.1,55.8
2026-02-11,quickplay,Asia,throne-of-anubis,All,자리야,TANK,10.5,49.9
2026-02-11,quickplay,Asia,throne-of-anubis,All,정커퀸,TANK,7.8,56.3
2026-02-11,quickplay,Asia,throne-of-anubis,All,정크랫,DAMAGE,12.6,52.3
2026-02-11,quickplay,Asia,throne-of-anubis,All,제트팩 캣,SUPPORT,-1.0,-1.0
2026-02-11,quickplay,Asia,throne-of-anubis,All,젠야타,SUPPORT,13.3,54.2
2026-02-11,quickplay,Asia,throne-of-anubis,All,주노,SUPPORT,15.4,50.3
2026-02-11,quickplay,Asia,throne-of-anubis,All,캐서디,DAMAGE,26.2,47.3
2026-02-11,quickplay,Asia,throne-of-anubis,All,키리코,SUPPORT,30.7,46.8
2026-02-11,quickplay,Asia,throne-of-anubis,All,토르비욘,DAMAGE,3.8,55.3
2026-02-11,quickplay,Asia,throne-of-anubis,All,트레이서,DAMAGE,7.1,47.3
2026-02-11,quickplay,Asia,throne-of-anubis,All,파라,DAMAGE,5.8,50.0
2026-02-11,quickplay,Asia,throne-of-anubis,All,프레야,DAMAGE,5.8,44.2
2026-02-11,quickplay,Asia,throne-of-anubis,All,한조,DAMAGE,8.1,48.2
2026-02-11,quickplay,Asia,throne-of-anubis,All,해저드,TANK,3.5,49.4
2026-02-11,quickplay,Asia,hanaoka,All,D.Va,TANK,7.8,47.9
2026-02-11,quickplay,Asia,hanaoka,All,겐지,DAMAGE,16.3,50.0
2026-02-11,quickplay,Asia,hanaoka,All,도미나,TANK,-1.0,-1.0
2026-02-11,quickplay,Asia,hanaoka,All,둠피스트,TANK,15.3,52.0
2026-02-11,quickplay,Asia,hanaoka,All,라마트라,TANK,6.6,49.2
2026-02-11,quickplay,Asia,hanaoka,All,라이프위버,SUPPORT,6.7,47.3
2026-02-11,quickplay,Asia,hanaoka,All,라인하르트,TANK,11.2,51.8
2026-02-11,quickplay,Asia,hanaoka,All,레킹볼,TANK,3.6,51.8
2026-02-11,quickplay,Asia,hanaoka,All,로드호그,TANK,5.8,43.3
2026-02-11,quickplay,Asia,hanaoka,All,루시우,SUPPORT,9.4,50.7
2026-02-11,quickplay,Asia,hanaoka,All,리퍼,DAMAGE,11.4,53.1
2026-02-11,quickplay,Asia,hanaoka,All,마우가,TANK,4.6,50.2
2026-02-11,quickplay,Asia,hanaoka,All,메르시,SUPPORT,11.7,46.1
2026-02-11,quickplay,Asia,hanaoka,All,메이,DAMAGE,7.2,53.6
2026-02-11,quickplay,Asia,hanaoka,All,모이라,SUPPORT,19.9,50.6
2026-02-11,quickplay,Asia,hanaoka,All,미즈키,SUPPORT,-1.0,-1.0
2026-02-11,quickplay,Asia,hanaoka,All,바스티온,DAMAGE,13.0,48.9
2026-02-11,quickplay,Asia,hanaoka,All,바티스트,SUPPORT,7.8,47.0
2026-02-11,quickplay,Asia,hanaoka,All,벤데타,DAMAGE,16.3,54.1
2026-02-11,quickplay,Asia,hanaoka,All,벤처,DAMAGE,5.7,53.2
2026-02-11,quickplay,Asia,hanaoka,All,브리기테,SUPPORT,7.8,51.5
2026-02-11,quickplay,Asia,hanaoka,All,소전,DAMAGE,14.5,46.1
2026-02-11,quickplay,Asia,hanaoka,All,솔저: 76,DAMAGE,18.2,49.0
2026-02-11,quickplay,Asia,hanaoka,All,솜브라,DAMAGE,8.3,49.1
2026-02-11,quickplay,Asia,hanaoka,All,시그마,TANK,8.4,50.5
2026-02-11,quickplay,Asia,hanaoka,All,시메트라,DAMAGE,3.6,56.1
2026-02-11,quickplay,Asia,hanaoka,All,아나,SUPPORT,44.5,48.2
2026-02-11,quickplay,Asia,hanaoka,All,안란,DAMAGE,0.5,51.2
2026-02-11,quickplay,Asia,hanaoka,All,애쉬,DAMAGE,10.5,51.2
2026-02-11,quickplay,Asia,hanaoka,All,에코,DAMAGE,4.8,48.6
2026-02-11,quickplay,Asia,hanaoka,All,엠레,DAMAGE,-1.0,-1.0
2026-02-11,quickplay,Asia,hanaoka,All,오리사,TANK,11.3,45.6
2026-02-11,quickplay,Asia,hanaoka,All,우양,SUPPORT,19.5,53.6
2026-02-11,quickplay,Asia,hanaoka,All,위도우메이커,DAMAGE,1.9,38.5
2026-02-11,quickplay,Asia,hanaoka,All,윈스턴,TANK,4.2,50.3
2026-02-11,quickplay,Asia,hanaoka,All,일리아리,SUPPORT,11.1,56.2
2026-02-11,quickplay,Asia,hanaoka,All,자리야,TANK,10.1,50.9
2026-02-11,quickplay,Asia,hanaoka,All,정커퀸,TANK,7.5,56.1
2026-02-11,quickplay,Asia,hanaoka,All,정크랫,DAMAGE,11.3,52.2
2026-02-11,quickplay,Asia,hanaoka,All,제트팩 캣,SUPPORT,-1.0,-1.0
2026-02-11,quickplay,Asia,hanaoka,All,젠야타,SUPPORT,13.3,54.6
2026-02-11,quickplay,Asia,hanaoka,All,주노,SUPPORT,15.7,49.8
2026-02-11,quickplay,Asia,hanaoka,All,캐서디,DAMAGE,26.9,48.7
2026-02-11,quickplay,Asia,hanaoka,All,키리코,SUPPORT,32.6,46.6
2026-02-11,quickplay,Asia,hanaoka,All,토르비욘,DAMAGE,3.6,55.6
2026-02-11,quickplay,Asia,hanaoka,All,트레이서,DAMAGE,7.4,48.0
2026-02-11,quickplay,Asia,hanaoka,All,파라,DAMAGE,4.5,46.7
2026-02-11,quickplay,Asia,hanaoka,All,프레야,DAMAGE,5.6,44.7
2026-02-11,quickplay,Asia,hanaoka,All,한조,DAMAGE,8.4,48.2
2026-02-11,quickplay,Asia,hanaoka,All,해저드,TANK,3.5,49.1
2026-02-11,quickplay,Asia,nepal,All,D.Va,TANK,7.0,45.4
2026-02-11,quickplay,Asia,nepal,All,겐지,DAMAGE,15.0,49.9
2026-02-11,quickplay,Asia,nepal,All,도미나,TANK,-1.0,-1.0
2026-02-11,quickplay,Asia,nepal,All,둠피스트,TANK,14.8,50.7
2026-02-11,quickplay,Asia,nepal,All,라마트라,TANK,6.6,50.7
2026-02-11,quickplay,Asia,nepal,All,라이프위버,SUPPORT,7.1,45.3
2026-02-11,quickplay,Asia,nepal,All,라인하르트,TANK,10.6,54.2
2026-02-11,quickplay,Asia,nepal,All,레킹볼,TANK,3.9,46.5
2026-02-11,quickplay,Asia,nepal,All,로드호그,TANK,7.7,45.4
2026-02-11,quickplay,Asia,nepal,All,루시우,SUPPORT,10.3,52.3
2026-02-11,quickplay,Asia,nepal,All,리퍼,DAMAGE,10.7,53.2
2026-02-11,quickplay,Asia,nepal,All,마우가,TANK,4.1,48.4
2026-02-11,quickplay,Asia,nepal,All,메르시,SUPPORT,11.4,47.2
2026-02-11,quickplay,Asia,nepal,All,메이,DAMAGE,7.2,53.8
2026-02-11,quickplay,Asia,nepal,All,모이라,SUPPORT,17.4,50.4
2026-02-11,quickplay,Asia,nepal,All,미즈키,SUPPORT,-1.0,-1.0
2026-02-11,quickplay,Asia,nepal,All,바스티온,DAMAGE,12.3,50.2
2026-02-11,quickplay,Asia,nepal,All,바티스트,SUPPORT,8.6,47.1
2026-02-11,quickplay,Asia,nepal,All,벤데타,DAMAGE,13.8,54.0
2026-02-11,quickplay,Asia,nepal,All,벤처,DAMAGE,4.9,52.5
2026-02-11,quickplay,Asia,nepal,All,브리기테,SUPPORT,6.5,51.8
2026-02-11,quickplay,Asia,nepal,All,소전,DAMAGE,15.1,46.5
2026-02-11,quickplay,Asia,nepal,All,솔저: 76,DAMAGE,17.5,48.7
2026-02-11,quickplay,Asia,nepal,All,솜브라,DAMAGE,8.4,47.1
2026-02-11,quickplay,Asia,nepal,All,시그마,TANK,9.4,53.8
2026-02-11,quickplay,Asia,nepal,All,시메트라,DAMAGE,7.8,60.1
2026-02-11,quickplay,Asia,nepal,All,아나,SUPPORT,49.0,48.0
2026-02-11,quickplay,Asia,nepal,All,안란,DAMAGE,0.5,44.9
2026-02-11,quickplay,Asia,nepal,All,애쉬,DAMAGE,12.1,49.0
2026-02-11,quickplay,Asia,nepal,All,에코,DAMAGE,6.0,50.4
2026-02-11,quickplay,Asia,nepal,All,엠레,DAMAGE,-1.0,-1.0
2026-02-11,quickplay,Asia,nepal,All,오리사,TANK,12.3,47.5
2026-02-11,quickplay,Asia,nepal,All,우양,SUPPORT,18.5,53.5
2026-02-11,quickplay,Asia,nepal,All,위도우메이커,DAMAGE,1.9,38.1
2026-02-11,quickplay,Asia,nepal,All,윈스턴,TANK,4.7,48.5
2026-02-11,quickplay,Asia,nepal,All,일리아리,SUPPORT,12.3,54.9
2026-02-11,quickplay,Asia,nepal,All,자리야,TANK,10.5,50.7
2026-02-11,quickplay,Asia,nepal,All,정커퀸,TANK,5.4,54.1
2026-02-11,quickplay,Asia,nepal,All,정크랫,DAMAGE,11.2,52.0
2026-02-11,quickplay,Asia,nepal,All,제트팩 캣,SUPPORT,-1.0,-1.0
2026-02-11,quickplay,Asia,nepal,All,젠야타,SUPPORT,13.7,53.4
2026-02-11,quickplay,Asia,nepal,All,주노,SUPPORT,13.7,49.5
2026-02-11,quickplay,Asia,nepal,All,캐서디,DAMAGE,24.1,46.4
2026-02-11,quickplay,Asia,nepal,All,키리코,SUPPORT,31.4,47.8
2026-02-11,quickplay,Asia,nepal,All,토르비욘,DAMAGE,3.5,55.0
2026-02-11,quickplay,Asia,nepal,All,트레이서,DAMAGE,6.8,46.6
2026-02-11,quickplay,Asia,nepal,All,파라,DAMAGE,7.2,51.8
2026-02-11,quickplay,Asia,nepal,All,프레야,DAMAGE,6.1,45.3
2026-02-11,quickplay,Asia,nepal,All,한조,DAMAGE,7.9,48.9
2026-02-11,quickplay,Asia,nepal,All,해저드,TANK,3.0,51.7
2026-02-11,quickplay,Asia,lijiang-tower,All,D.Va,TANK,7.0,45.8
2026-02-11,quickplay,Asia,lijiang-tower,All,겐지,DAMAGE,14.0,50.4
2026-02-11,quickplay,Asia,lijiang-tower,All,도미나,TANK,-1.0,-1.0
2026-02-11,quickplay,Asia,lijiang-tower,All,둠피스트,TANK,16.7,51.7
2026-02-11,quickplay,Asia,lijiang-tower,All,라마트라,TANK,6.1,49.8
2026-02-11,quickplay,Asia,lijiang-tower,All,라이프위버,SUPPORT,6.8,45.5
2026-02-11,quickplay,Asia,lijiang-tower,All,라인하르트,TANK,10.8,54.1
2026-02-11,quickplay,Asia,lijiang-tower,All,레킹볼,TANK,5.1,48.6
2026-02-11,quickplay,Asia,lijiang-tower,All,로드호그,TANK,6.4,44.4
2026-02-11,quickplay,Asia,lijiang-tower,All,루시우,SUPPORT,14.7,54.7
2026-02-11,quickplay,Asia,lijiang-tower,All,리퍼,DAMAGE,9.9,52.8
2026-02-11,quickplay,Asia,lijiang-tower,All,마우가,TANK,3.9,48.0
2026-02-11,quickplay,Asia,lijiang-tower,All,메르시,SUPPORT,11.7,47.3
2026-02-11,quickplay,Asia,lijiang-tower,All,메이,DAMAGE,6.6,51.9
2026-02-11,quickplay,Asia,lijiang-tower,All,모이라,SUPPORT,16.7,50.9
2026-02-11,quickplay,Asia,lijiang-tower,All,미즈키,SUPPORT,-1.0,-1.0
2026-02-11,quickplay,Asia,lijiang-tower,All,바스티온,DAMAGE,12.1,49.4
2026-02-11,quickplay,Asia,lijiang-tower,All,바티스트,SUPPORT,8.3,46.6
2026-02-11,quickplay,Asia,lijiang-tower,All,벤데타,DAMAGE,13.0,54.4
2026-02-11,quickplay,Asia,lijiang-tower,All,벤처,DAMAGE,5.0,52.9
2026-02-11,quickplay,Asia,lijiang-tower,All,브리기테,SUPPORT,6.4,51.0
2026-02-11,quickplay,Asia,lijiang-tower,All,소전,DAMAGE,14.1,45.5
2026-02-11,quickplay,Asia,lijiang-tower,All,솔저: 76,DAMAGE,16.8,47.8
2026-02-11,quickplay,Asia,lijiang-tower,All,솜브라,DAMAGE,7.9,46.4
2026-02-11,quickplay,Asia,lijiang-tower,All,시그마,TANK,8.0,51.8
2026-02-11,quickplay,Asia,lijiang-tower,All,시메트라,DAMAGE,8.7,62.3
2026-02-11,quickplay,Asia,lijiang-tower,All,아나,SUPPORT,48.8,47.1
2026-02-11,quickplay,Asia,lijiang-tower,All,안란,DAMAGE,0.5,46.1
2026-02-11,quickplay,Asia,lijiang-tower,All,애쉬,DAMAGE,10.7,46.9
2026-02-11,quickplay,Asia,lijiang-tower,All,에코,DAMAGE,6.2,49.3
2026-02-11,quickplay,Asia,lijiang-tower,All,엠레,DAMAGE,-1.0,-1.0
2026-02-11,quickplay,Asia,lijiang-tower,All,오리사,TANK,12.9,47.6
2026-02-11,quickplay,Asia,lijiang-tower,All,우양,SUPPORT,18.3,52.5
2026-02-11,quickplay,Asia,lijiang-tower,All,위도우메이커,DAMAGE,2.0,39.1
2026-02-11,quickplay,Asia,lijiang-tower,All,윈스턴,TANK,4.5,50.1
2026-02-11,quickplay,Asia,lijiang-tower,All,일리아리,SUPPORT,11.7,55.5
2026-02-11,quickplay,Asia,lijiang-tower,All,자리야,TANK,10.9,50.8
2026-02-11,quickplay,Asia,lijiang-tower,All,정커퀸,TANK,5.1,54.3
2026-02-11,quickplay,Asia,lijiang-tower,All,정크랫,DAMAGE,11.9,52.0
2026-02-11,quickplay,Asia,lijiang-tower,All,제트팩 캣,SUPPORT,-1.0,-1.0
2026-02-11,quickplay,Asia,lijiang-tower,All,젠야타,SUPPORT,12.9,52.8
2026-02-11,quickplay,Asia,lijiang-tower,All,주노,SUPPORT,13.4,50.2
2026-02-11,quickplay,Asia,lijiang-tower,All,캐서디,DAMAGE,25.2,46.2
2026-02-11,quickplay,Asia,lijiang-tower,All,키리코,SUPPORT,30.2,47.3
2026-02-11,quickplay,Asia,lijiang-tower,All,토르비욘,DAMAGE,3.0,54.2
2026-02-11,quickplay,Asia,lijiang-tower,All,트레이서,DAMAGE,7.1,47.0
2026-02-11,quickplay,Asia,lijiang-tower,All,파라,DAMAGE,12.2,55.9
2026-02-11,quickplay,Asia,lijiang-tower,All,프레야,DAMAGE,5.7,44.6
2026-02-11,quickplay,Asia,lijiang-tower,All,한조,DAMAGE,7.4,49.1
2026-02-11,quickplay,Asia,lijiang-tower,All,해저드,TANK,2.6,51.1
2026-02-11,quickplay,Asia,busan,All,D.Va,TANK,10.2,48.9
2026-02-11,quickplay,Asia,busan,All,겐지,DAMAGE,14.3,49.8
2026-02-11,quickplay,Asia,busan,All,도미나,TANK,-1.0,-1.0
2026-02-11,quickplay,Asia,busan,All,둠피스트,TANK,13.3,48.9
2026-02-11,quickplay,Asia,busan,All,라마트라,TANK,6.6,50.9
2026-02-11,quickplay,Asia,busan,All,라이프위버,SUPPORT,7.3,48.0
2026-02-11,quickplay,Asia,busan,All,라인하르트,TANK,9.6,52.3
2026-02-11,quickplay,Asia,busan,All,레킹볼,TANK,4.4,46.5
2026-02-11,quickplay,Asia,busan,All,로드호그,TANK,5.3,44.2
2026-02-11,quickplay,Asia,busan,All,루시우,SUPPORT,7.9,50.3
2026-02-11,quickplay,Asia,busan,All,리퍼,DAMAGE,10.8,51.9
2026-02-11,quickplay,Asia,busan,All,마우가,TANK,4.5,49.6
2026-02-11,quickplay,Asia,busan,All,메르시,SUPPORT,12.3,46.8
2026-02-11,quickplay,Asia,busan,All,메이,DAMAGE,6.7,53.5
2026-02-11,quickplay,Asia,busan,All,모이라,SUPPORT,18.5,50.4
2026-02-11,quickplay,Asia,busan,All,미즈키,SUPPORT,-1.0,-1.0
2026-02-11,quickplay,Asia,busan,All,바스티온,DAMAGE,13.0,50.3
2026-02-11,quickplay,Asia,busan,All,바티스트,SUPPORT,8.8,47.5
2026-02-11,quickplay,Asia,busan,All,벤데타,DAMAGE,13.3,54.1
2026-02-11,quickplay,Asia,busan,All,벤처,DAMAGE,4.2,51.4
2026-02-11,quickplay,Asia,busan,All,브리기테,SUPPORT,6.2,50.2
2026-02-11,quickplay,Asia,busan,All,소전,DAMAGE,15.0,46.5
2026-02-11,quickplay,Asia,busan,All,솔저: 76,DAMAGE,20.5,50.9
2026-02-11,quickplay,Asia,busan,All,솜브라,DAMAGE,10.1,48.5
2026-02-11,quickplay,Asia,busan,All,시그마,TANK,9.9,53.9
2026-02-11,quickplay,Asia,busan,All,시메트라,DAMAGE,3.9,57.0
2026-02-11,quickplay,Asia,busan,All,아나,SUPPORT,47.4,47.8
2026-02-11,quickplay,Asia,busan,All,안란,DAMAGE,0.5,54.5
2026-02-11,quickplay,Asia,busan,All,애쉬,DAMAGE,14.6,51.0
2026-02-11,quickplay,Asia,busan,All,에코,DAMAGE,5.2,50.1
2026-02-11,quickplay,Asia,busan,All,엠레,DAMAGE,-1.0,-1.0
2026-02-11,quickplay,Asia,busan,All,오리사,TANK,11.7,46.7
2026-02-11,quickplay,Asia,busan,All,우양,SUPPORT,18.0,53.7
2026-02-11,quickplay,Asia,busan,All,위도우메이커,DAMAGE,5.3,45.3
2026-02-11,quickplay,Asia,busan,All,윈스턴,TANK,6.6,50.8
2026-02-11,quickplay,Asia,busan,All,일리아리,SUPPORT,11.6,55.7
2026-02-11,quickplay,Asia,busan,All,자리야,TANK,9.8,52.0
2026-02-11,quickplay,Asia,busan,All,정커퀸,TANK,5.1,54.6
2026-02-11,quickplay,Asia,busan,All,정크랫,DAMAGE,8.8,49.3
2026-02-11,quickplay,Asia,busan,All,제트팩 캣,SUPPORT,-1.0,-1.0
2026-02-11,quickplay,Asia,busan,All,젠야타,SUPPORT,13.8,53.9
2026-02-11,quickplay,Asia,busan,All,주노,SUPPORT,15.2,50.9
2026-02-11,quickplay,Asia,busan,All,캐서디,DAMAGE,23.4,48.5
2026-02-11,quickplay,Asia,busan,All,키리코,SUPPORT,32.8,47.3
2026-02-11,quickplay,Asia,busan,All,토르비욘,DAMAGE,3.7,55.2
2026-02-11,quickplay,Asia,busan,All,트레이서,DAMAGE,7.4,47.1
2026-02-11,quickplay,Asia,busan,All,파라,DAMAGE,5.1,49.7
2026-02-11,quickplay,Asia,busan,All,프레야,DAMAGE,6.5,46.6
2026-02-11,quickplay,Asia,busan,All,한조,DAMAGE,7.7,47.8
2026-02-11,quickplay,Asia,busan,All,해저드,TANK,3.0,49.7
2026-02-11,quickplay,Asia,samoa,All,D.Va,TANK,6.8,47.0
2026-02-11,quickplay,Asia,samoa,All,겐지,DAMAGE,14.2,49.7
2026-02-11,quickplay,Asia,samoa,All,도미나,TANK,-1.0,-1.0
2026-02-11,quickplay,Asia,samoa,All,둠피스트,TANK,13.6,49.1
2026-02-11,quickplay,Asia,samoa,All,라마트라,TANK,7.0,50.2
2026-02-11,quickplay,Asia,samoa,All,라이프위버,SUPPORT,6.9,45.9
2026-02-11,quickplay,Asia,samoa,All,라인하르트,TANK,9.7,52.7
2026-02-11,quickplay,Asia,samoa,All,레킹볼,TANK,4.0,45.5
2026-02-11,quickplay,Asia,samoa,All,로드호그,TANK,5.1,43.8
2026-02-11,quickplay,Asia,samoa,All,루시우,SUPPORT,7.6,51.0
2026-02-11,quickplay,Asia,samoa,All,리퍼,DAMAGE,10.9,54.1
2026-02-11,quickplay,Asia,samoa,All,마우가,TANK,5.9,51.5
2026-02-11,quickplay,Asia,samoa,All,메르시,SUPPORT,10.4,47.2
2026-02-11,quickplay,Asia,samoa,All,메이,DAMAGE,6.9,52.9
2026-02-11,quickplay,Asia,samoa,All,모이라,SUPPORT,17.7,50.5
2026-02-11,quickplay,Asia,samoa,All,미즈키,SUPPORT,-1.0,-1.0
2026-02-11,quickplay,Asia,samoa,All,바스티온,DAMAGE,13.4,50.8
2026-02-11,quickplay,Asia,samoa,All,바티스트,SUPPORT,9.4,48.4
2026-02-11,quickplay,Asia,samoa,All,벤데타,DAMAGE,13.4,54.2
2026-02-11,quickplay,Asia,samoa,All,벤처,DAMAGE,4.8,52.9
2026-02-11,quickplay,Asia,samoa,All,브리기테,SUPPORT,7.0,50.8
2026-02-11,quickplay,Asia,samoa,All,소전,DAMAGE,16.4,46.5
2026-02-11,quickplay,Asia,samoa,All,솔저: 76,DAMAGE,17.2,49.8
2026-02-11,quickplay,Asia,samoa,All,솜브라,DAMAGE,9.2,49.9
2026-02-11,quickplay,Asia,samoa,All,시그마,TANK,10.1,54.4
2026-02-11,quickplay,Asia,samoa,All,시메트라,DAMAGE,4.8,58.1
2026-02-11,quickplay,Asia,samoa,All,아나,SUPPORT,49.4,47.8
2026-02-11,quickplay,Asia,samoa,All,안란,DAMAGE,0.5,58.7
2026-02-11,quickplay,Asia,samoa,All,애쉬,DAMAGE,13.2,49.8
2026-02-11,quickplay,Asia,samoa,All,에코,DAMAGE,5.8,49.9
2026-02-11,quickplay,Asia,samoa,All,엠레,DAMAGE,-1.0,-1.0
2026-02-11,quickplay,Asia,samoa,All,오리사,TANK,12.5,46.1
2026-02-11,quickplay,Asia,samoa,All,우양,SUPPORT,18.9,53.2
2026-02-11,quickplay,Asia,samoa,All,위도우메이커,DAMAGE,2.0,39.2
2026-02-11,quickplay,Asia,samoa,All,윈스턴,TANK,4.9,48.4
2026-02-11,quickplay,Asia,samoa,All,일리아리,SUPPORT,12.7,56.4
2026-02-11,quickplay,Asia,samoa,All,자리야,TANK,10.8,51.7
2026-02-11,quickplay,Asia,samoa,All,정커퀸,TANK,6.6,56.3
2026-02-11,quickplay,Asia,samoa,All,정크랫,DAMAGE,8.2,50.2
2026-02-11,quickplay,Asia,samoa,All,제트팩 캣,SUPPORT,-1.0,-1.0
2026-02-11,quickplay,Asia,samoa,All,젠야타,SUPPORT,13.5,53.5
2026-02-11,quickplay,Asia,samoa,All,주노,SUPPORT,14.7,50.6
2026-02-11,quickplay,Asia,samoa,All,캐서디,DAMAGE,25.8,47.5
2026-02-11,quickplay,Asia,samoa,All,키리코,SUPPORT,31.6,46.7
2026-02-11,quickplay,Asia,samoa,All,토르비욘,DAMAGE,4.9,54.9
2026-02-11,quickplay,Asia,samoa,All,트레이서,DAMAGE,9.4,48.0
2026-02-11,quickplay,Asia,samoa,All,파라,DAMAGE,5.5,49.7
2026-02-11,quickplay,Asia,samoa,All,프레야,DAMAGE,6.3,45.1
2026-02-11,quickplay,Asia,samoa,All,한조,DAMAGE,7.4,47.7
2026-02-11,quickplay,Asia,samoa,All,해저드,TANK,2.9,49.2
2026-02-11,quickplay,Asia,oasis,All,D.Va,TANK,8.3,48.0
2026-02-11,quickplay,Asia,oasis,All,겐지,DAMAGE,15.2,50.4
2026-02-11,quickplay,Asia,oasis,All,도미나,TANK,-1.0,-1.0
2026-02-11,quickplay,Asia,oasis,All,둠피스트,TANK,15.0,49.9
2026-02-11,quickplay,Asia,oasis,All,라마트라,TANK,6.3,50.2
2026-02-11,quickplay,Asia,oasis,All,라이프위버,SUPPORT,7.2,46.8
2026-02-11,quickplay,Asia,oasis,All,라인하르트,TANK,9.4,51.8
2026-02-11,quickplay,Asia,oasis,All,레킹볼,TANK,4.4,47.0
2026-02-11,quickplay,Asia,oasis,All,로드호그,TANK,5.8,45.3
2026-02-11,quickplay,Asia,oasis,All,루시우,SUPPORT,8.5,50.7
2026-02-11,quickplay,Asia,oasis,All,리퍼,DAMAGE,10.8,53.3
2026-02-11,quickplay,Asia,oasis,All,마우가,TANK,4.3,49.3
2026-02-11,quickplay,Asia,oasis,All,메르시,SUPPORT,12.0,47.7
2026-02-11,quickplay,Asia,oasis,All,메이,DAMAGE,7.0,52.9
2026-02-11,quickplay,Asia,oasis,All,모이라,SUPPORT,17.4,50.9
2026-02-11,quickplay,Asia,oasis,All,미즈키,SUPPORT,-1.0,-1.0
2026-02-11,quickplay,Asia,oasis,All,바스티온,DAMAGE,12.6,50.3
2026-02-11,quickplay,Asia,oasis,All,바티스트,SUPPORT,9.1,48.3
2026-02-11,quickplay,Asia,oasis,All,벤데타,DAMAGE,13.7,53.3
2026-02-11,quickplay,Asia,oasis,All,벤처,DAMAGE,4.7,52.5
2026-02-11,quickplay,Asia,oasis,All,브리기테,SUPPORT,7.3,50.5
2026-02-11,quickplay,Asia,oasis,All,소전,DAMAGE,14.7,46.3
2026-02-11,quickplay,Asia,oasis,All,솔저: 76,DAMAGE,18.2,49.6
2026-02-11,quickplay,Asia,oasis,All,솜브라,DAMAGE,9.7,48.7
2026-02-11,quickplay,Asia,oasis,All,시그마,TANK,9.0,53.5
2026-02-11,quickplay,Asia,oasis,All,시메트라,DAMAGE,4.7,55.8
2026-02-11,quickplay,Asia,oasis,All,아나,SUPPORT,47.8,47.9
2026-02-11,quickplay,Asia,oasis,All,안란,DAMAGE,0.5,53.9
2026-02-11,quickplay,Asia,oasis,All,애쉬,DAMAGE,10.9,48.6
2026-02-11,quickplay,Asia,oasis,All,에코,DAMAGE,6.3,50.2
2026-02-11,quickplay,Asia,oasis,All,엠레,DAMAGE,-1.0,-1.0
2026-02-11,quickplay,Asia,oasis,All,오리사,TANK,11.8,47.5
2026-02-11,quickplay,Asia,oasis,All,우양,SUPPORT,18.7,53.4
2026-02-11,quickplay,Asia,oasis,All,위도우메이커,DAMAGE,1.6,39.2
2026-02-11,quickplay,Asia,oasis,All,윈스턴,TANK,6.0,50.2
2026-02-11,quickplay,Asia,oasis,All,일리아리,SUPPORT,12.2,56.0
2026-02-11,quickplay,Asia,oasis,All,자리야,TANK,10.6,51.0
2026-02-11,quickplay,Asia,oasis,All,정커퀸,TANK,5.9,55.7
2026-02-11,quickplay,Asia,oasis,All,정크랫,DAMAGE,8.3,50.4
2026-02-11,quickplay,Asia,oasis,All,제트팩 캣,SUPPORT,-1.0,-1.0
2026-02-11,quickplay,Asia,oasis,All,젠야타,SUPPORT,13.0,53.1
2026-02-11,quickplay,Asia,oasis,All,주노,SUPPORT,14.2,50.0
2026-02-11,quickplay,Asia,oasis,All,캐서디,DAMAGE,28.7,48.4
2026-02-11,quickplay,Asia,oasis,All,키리코,SUPPORT,32.8,47.2
2026-02-11,quickplay,Asia,oasis,All,토르비욘,DAMAGE,3.6,55.2
2026-02-11,quickplay,Asia,oasis,All,트레이서,DAMAGE,8.7,47.6
2026-02-11,quickplay,Asia,oasis,All,파라,DAMAGE,6.7,52.6
2026-02-11,quickplay,Asia,oasis,All,프레야,DAMAGE,6.0,45.8
2026-02-11,quickplay,Asia,oasis,All,한조,DAMAGE,7.4,49.0
2026-02-11,quickplay,Asia,oasis,All,해저드,TANK,3.2,49.6
2026-02-11,quickplay,Asia,ilios,All,D.Va,TANK,9.6,48.2
2026-02-11,quickplay,Asia,ilios,All,겐지,DAMAGE,14.6,51.2
2026-02-11,quickplay,Asia,ilios,All,도미나,TANK,-1.0,-1.0
2026-02-11,quickplay,Asia,ilios,All,둠피스트,TANK,13.7,49.9
2026-02-11,quickplay,Asia,ilios,All,라마트라,TANK,4.9,49.2
2026-02-11,quickplay,Asia,ilios,All,라이프위버,SUPPORT,9.2,46.1
2026-02-11,quickplay,Asia,ilios,All,라인하르트,TANK,7.7,53.2
2026-02-11,quickplay,Asia,ilios,All,레킹볼,TANK,4.2,47.2
2026-02-11,quickplay,Asia,ilios,All,로드호그,TANK,13.4,49.0
2026-02-11,quickplay,Asia,ilios,All,루시우,SUPPORT,17.3,56.0
2026-02-11,quickplay,Asia,ilios,All,리퍼,DAMAGE,11.4,54.1
2026-02-11,quickplay,Asia,ilios,All,마우가,TANK,3.8,48.5
2026-02-11,quickplay,Asia,ilios,All,메르시,SUPPORT,12.6,47.9
2026-02-11,quickplay,Asia,ilios,All,메이,DAMAGE,5.9,51.5
2026-02-11,quickplay,Asia,ilios,All,모이라,SUPPORT,16.5,48.8
2026-02-11,quickplay,Asia,ilios,All,미즈키,SUPPORT,-1.0,-1.0
2026-02-11,quickplay,Asia,ilios,All,바스티온,DAMAGE,11.2,49.2
2026-02-11,quickplay,Asia,ilios,All,바티스트,SUPPORT,8.3,47.3
2026-02-11,quickplay,Asia,ilios,All,벤데타,DAMAGE,13.5,54.7
2026-02-11,quickplay,Asia,ilios,All,벤처,DAMAGE,5.0,53.4
2026-02-11,quickplay,Asia,ilios,All,브리기테,SUPPORT,7.4,52.0
2026-02-11,quickplay,Asia,ilios,All,소전,DAMAGE,12.5,45.7
2026-02-11,quickplay,Asia,ilios,All,솔저: 76,DAMAGE,17.0,47.5
2026-02-11,quickplay,Asia,ilios,All,솜브라,DAMAGE,9.4,47.9
2026-02-11,quickplay,Asia,ilios,All,시그마,TANK,7.2,52.0
2026-02-11,quickplay,Asia,ilios,All,시메트라,DAMAGE,4.7,57.1
2026-02-11,quickplay,Asia,ilios,All,아나,SUPPORT,44.4,47.6
2026-02-11,quickplay,Asia,ilios,All,안란,DAMAGE,0.5,46.8
2026-02-11,quickplay,Asia,ilios,All,애쉬,DAMAGE,12.2,48.3
2026-02-11,quickplay,Asia,ilios,All,에코,DAMAGE,8.8,52.4
2026-02-11,quickplay,Asia,ilios,All,엠레,DAMAGE,-1.0,-1.0
2026-02-11,quickplay,Asia,ilios,All,오리사,TANK,12.8,48.2
2026-02-11,quickplay,Asia,ilios,All,우양,SUPPORT,16.0,52.5
2026-02-11,quickplay,Asia,ilios,All,위도우메이커,DAMAGE,4.2,43.7
2026-02-11,quickplay,Asia,ilios,All,윈스턴,TANK,6.7,52.3
2026-02-11,quickplay,Asia,ilios,All,일리아리,SUPPORT,11.2,54.8
2026-02-11,quickplay,Asia,ilios,All,자리야,TANK,7.9,48.7
2026-02-11,quickplay,Asia,ilios,All,정커퀸,TANK,5.0,54.7
2026-02-11,quickplay,Asia,ilios,All,정크랫,DAMAGE,9.1,52.5
2026-02-11,quickplay,Asia,ilios,All,제트팩 캣,SUPPORT,-1.0,-1.0
2026-02-11,quickplay,Asia,ilios,All,젠야타,SUPPORT,11.5,52.9
2026-02-11,quickplay,Asia,ilios,All,주노,SUPPORT,14.2,50.2
2026-02-11,quickplay,Asia,ilios,All,캐서디,DAMAGE,24.0,46.2
2026-02-11,quickplay,Asia,ilios,All,키리코,SUPPORT,31.5,47.0
2026-02-11,quickplay,Asia,ilios,All,토르비욘,DAMAGE,3.3,54.2
2026-02-11,quickplay,Asia,ilios,All,트레이서,DAMAGE,7.6,47.8
2026-02-11,quickplay,Asia,ilios,All,파라,DAMAGE,11.5,54.5
2026-02-11,quickplay,Asia,ilios,All,프레야,DAMAGE,6.9,45.7
2026-02-11,quickplay,Asia,ilios,All,한조,DAMAGE,6.7,48.6
2026-02-11,quickplay,Asia,ilios,All,해저드,TANK,3.0,51.8
2026-02-11,quickplay,Asia,route-66,All,D.Va,TANK,11.6,48.7
2026-02-11,quickplay,Asia,route-66,All,겐지,DAMAGE,14.5,51.9
2026-02-11,quickplay,Asia,route-66,All,도미나,TANK,-1.0,-1.0
2026-02-11,quickplay,Asia,route-66,All,둠피스트,TANK,12.1,51.4
2026-02-11,quickplay,Asia,route-66,All,라마트라,TANK,5.9,49.7
2026-02-11,quickplay,Asia,route-66,All,라이프위버,SUPPORT,8.9,48.1
2026-02-11,quickplay,Asia,route-66,All,라인하르트,TANK,8.1,50.6
2026-02-11,quickplay,Asia,route-66,All,레킹볼,TANK,3.7,51.7
2026-02-11,quickplay,Asia,route-66,All,로드호그,TANK,5.2,43.4
2026-02-11,quickplay,Asia,route-66,All,루시우,SUPPORT,5.1,49.9
2026-02-11,quickplay,Asia,route-66,All,리퍼,DAMAGE,8.8,52.5
2026-02-11,quickplay,Asia,route-66,All,마우가,TANK,3.7,46.1
2026-02-11,quickplay,Asia,route-66,All,메르시,SUPPORT,15.5,48.3
2026-02-11,quickplay,Asia,route-66,All,메이,DAMAGE,5.8,54.5
2026-02-11,quickplay,Asia,route-66,All,모이라,SUPPORT,13.6,47.3
2026-02-11,quickplay,Asia,route-66,All,미즈키,SUPPORT,-1.0,-1.0
2026-02-11,quickplay,Asia,route-66,All,바스티온,DAMAGE,13.0,48.9
2026-02-11,quickplay,Asia,route-66,All,바티스트,SUPPORT,9.7,48.1
2026-02-11,quickplay,Asia,route-66,All,벤데타,DAMAGE,10.6,55.5
2026-02-11,quickplay,Asia,route-66,All,벤처,DAMAGE,3.4,53.5
2026-02-11,quickplay,Asia,route-66,All,브리기테,SUPPORT,4.0,51.0
2026-02-11,quickplay,Asia,route-66,All,소전,DAMAGE,14.1,44.8
2026-02-11,quickplay,Asia,route-66,All,솔저: 76,DAMAGE,18.9,48.5
2026-02-11,quickplay,Asia,route-66,All,솜브라,DAMAGE,8.1,48.0
2026-02-11,quickplay,Asia,route-66,All,시그마,TANK,15.8,56.1
2026-02-11,quickplay,Asia,route-66,All,시메트라,DAMAGE,2.9,53.6
2026-02-11,quickplay,Asia,route-66,All,아나,SUPPORT,53.4,49.0
2026-02-11,quickplay,Asia,route-66,All,안란,DAMAGE,0.5,51.7
2026-02-11,quickplay,Asia,route-66,All,애쉬,DAMAGE,23.3,52.6
2026-02-11,quickplay,Asia,route-66,All,에코,DAMAGE,6.1,51.9
2026-02-11,quickplay,Asia,route-66,All,엠레,DAMAGE,-1.0,-1.0
2026-02-11,quickplay,Asia,route-66,All,오리사,TANK,10.9,45.1
2026-02-11,quickplay,Asia,route-66,All,우양,SUPPORT,16.1,53.0
2026-02-11,quickplay,Asia,route-66,All,위도우메이커,DAMAGE,7.2,45.8
2026-02-11,quickplay,Asia,route-66,All,윈스턴,TANK,8.8,51.9
2026-02-11,quickplay,Asia,route-66,All,일리아리,SUPPORT,16.2,56.9
2026-02-11,quickplay,Asia,route-66,All,자리야,TANK,7.8,48.0
2026-02-11,quickplay,Asia,route-66,All,정커퀸,TANK,3.2,51.3
2026-02-11,quickplay,Asia,route-66,All,정크랫,DAMAGE,8.9,52.0
2026-02-11,quickplay,Asia,route-66,All,제트팩 캣,SUPPORT,-1.0,-1.0
2026-02-11,quickplay,Asia,route-66,All,젠야타,SUPPORT,14.3,55.2
2026-02-11,quickplay,Asia,route-66,All,주노,SUPPORT,14.5,49.0
2026-02-11,quickplay,Asia,route-66,All,캐서디,DAMAGE,19.9,45.6
2026-02-11,quickplay,Asia,route-66,All,키리코,SUPPORT,28.7,45.9
2026-02-11,quickplay,Asia,route-66,All,토르비욘,DAMAGE,4.9,55.4
2026-02-11,quickplay,Asia,route-66,All,트레이서,DAMAGE,4.7,46.5
2026-02-11,quickplay,Asia,route-66,All,파라,DAMAGE,5.7,50.7
2026-02-11,quickplay,Asia,route-66,All,프레야,DAMAGE,8.6,47.5
2026-02-11,quickplay,Asia,route-66,All,한조,DAMAGE,10.1,50.1
2026-02-11,quickplay,Asia,route-66,All,해저드,TANK,3.0,49.4
2026-02-11,quickplay,Asia,watchpoint-gibraltar,All,D.Va,TANK,17.4,49.9
2026-02-11,quickplay,Asia,watchpoint-gibraltar,All,겐지,DAMAGE,16.7,51.3
2026-02-11,quickplay,Asia,watchpoint-gibraltar,All,도미나,TANK,-1.0,-1.0
2026-02-11,quickplay,Asia,watchpoint-gibraltar,All,둠피스트,TANK,13.3,50.1
2026-02-11,quickplay,Asia,watchpoint-gibraltar,All,라마트라,TANK,4.6,48.7
2026-02-11,quickplay,Asia,watchpoint-gibraltar,All,라이프위버,SUPPORT,10.0,47.6
2026-02-11,quickplay,Asia,watchpoint-gibraltar,All,라인하르트,TANK,6.3,49.3
2026-02-11,quickplay,Asia,watchpoint-gibraltar,All,레킹볼,TANK,4.0,51.1
2026-02-11,quickplay,Asia,watchpoint-gibraltar,All,로드호그,TANK,4.7,41.9
2026-02-11,quickplay,Asia,watchpoint-gibraltar,All,루시우,SUPPORT,4.9,48.6
2026-02-11,quickplay,Asia,watchpoint-gibraltar,All,리퍼,DAMAGE,10.0,51.2
2026-02-11,quickplay,Asia,watchpoint-gibraltar,All,마우가,TANK,3.3,46.3
2026-02-11,quickplay,Asia,watchpoint-gibraltar,All,메르시,SUPPORT,16.3,46.8
2026-02-11,quickplay,Asia,watchpoint-gibraltar,All,메이,DAMAGE,4.9,53.2
2026-02-11,quickplay,Asia,watchpoint-gibraltar,All,모이라,SUPPORT,13.6,47.8
2026-02-11,quickplay,Asia,watchpoint-gibraltar,All,미즈키,SUPPORT,-1.0,-1.0
2026-02-11,quickplay,Asia,watchpoint-gibraltar,All,바스티온,DAMAGE,11.5,48.8
2026-02-11,quickplay,Asia,watchpoint-gibraltar,All,바티스트,SUPPORT,9.8,48.4
2026-02-11,quickplay,Asia,watchpoint-gibraltar,All,벤데타,DAMAGE,11.4,54.7
2026-02-11,quickplay,Asia,watchpoint-gibraltar,All,벤처,DAMAGE,3.1,52.1
2026-02-11,quickplay,Asia,watchpoint-gibraltar,All,브리기테,SUPPORT,4.6,51.3
2026-02-11,quickplay,Asia,watchpoint-gibraltar,All,소전,DAMAGE,12.3,45.1
2026-02-11,quickplay,Asia,watchpoint-gibraltar,All,솔저: 76,DAMAGE,19.4,49.3
2026-02-11,quickplay,Asia,watchpoint-gibraltar,All,솜브라,DAMAGE,8.8,46.5
2026-02-11,quickplay,Asia,watchpoint-gibraltar,All,시그마,TANK,10.7,55.1
2026-02-11,quickplay,Asia,watchpoint-gibraltar,All,시메트라,DAMAGE,3.3,52.7
2026-02-11,quickplay,Asia,watchpoint-gibraltar,All,아나,SUPPORT,51.7,49.2
2026-02-11,quickplay,Asia,watchpoint-gibraltar,All,안란,DAMAGE,0.5,57.5
2026-02-11,quickplay,Asia,watchpoint-gibraltar,All,애쉬,DAMAGE,22.9,54.7
2026-02-11,quickplay,Asia,watchpoint-gibraltar,All,에코,DAMAGE,7.6,50.8
2026-02-11,quickplay,Asia,watchpoint-gibraltar,All,엠레,DAMAGE,-1.0,-1.0
2026-02-11,quickplay,Asia,watchpoint-gibraltar,All,오리사,TANK,9.4,44.3
2026-02-11,quickplay,Asia,watchpoint-gibraltar,All,우양,SUPPORT,14.5,53.3
2026-02-11,quickplay,Asia,watchpoint-gibraltar,All,위도우메이커,DAMAGE,8.0,47.3
2026-02-11,quickplay,Asia,watchpoint-gibraltar,All,윈스턴,TANK,14.5,54.9
2026-02-11,quickplay,Asia,watchpoint-gibraltar,All,일리아리,SUPPORT,14.5,57.1
2026-02-11,quickplay,Asia,watchpoint-gibraltar,All,자리야,TANK,6.1,47.9
2026-02-11,quickplay,Asia,watchpoint-gibraltar,All,정커퀸,TANK,2.3,52.7
2026-02-11,quickplay,Asia,watchpoint-gibraltar,All,정크랫,DAMAGE,8.1,50.6
2026-02-11,quickplay,Asia,watchpoint-gibraltar,All,제트팩 캣,SUPPORT,-1.0,-1.0
2026-02-11,quickplay,Asia,watchpoint-gibraltar,All,젠야타,SUPPORT,12.1,54.2
2026-02-11,quickplay,Asia,watchpoint-gibraltar,All,주노,SUPPORT,14.5,50.0
2026-02-11,quickplay,Asia,watchpoint-gibraltar,All,캐서디,DAMAGE,18.1,45.9
2026-02-11,quickplay,Asia,watchpoint-gibraltar,All,키리코,SUPPORT,33.7,47.6
2026-02-11,quickplay,Asia,watchpoint-gibraltar,All,토르비욘,DAMAGE,4.7,56.2
2026-02-11,quickplay,Asia,watchpoint-gibraltar,All,트레이서,DAMAGE,5.3,46.5
2026-02-11,quickplay,Asia,watchpoint-gibraltar,All,파라,DAMAGE,5.7,50.5
2026-02-11,quickplay,Asia,watchpoint-gibraltar,All,프레야,DAMAGE,8.5,46.7
2026-02-11,quickplay,Asia,watchpoint-gibraltar,All,한조,DAMAGE,9.5,49.8
2026-02-11,quickplay,Asia,watchpoint-gibraltar,All,해저드,TANK,3.3,48.6
2026-02-11,quickplay,Asia,dorado,All,D.Va,TANK,15.1,49.1
2026-02-11,quickplay,Asia,dorado,All,겐지,DAMAGE,15.8,50.9
2026-02-11,quickplay,Asia,dorado,All,도미나,TANK,-1.0,-1.0
2026-02-11,quickplay,Asia,dorado,All,둠피스트,TANK,13.6,51.5
2026-02-11,quickplay,Asia,dorado,All,라마트라,TANK,5.2,49.0
2026-02-11,quickplay,Asia,dorado,All,라이프위버,SUPPORT,9.6,48.2
2026-02-11,quickplay,Asia,dorado,All,라인하르트,TANK,7.7,51.6
2026-02-11,quickplay,Asia,dorado,All,레킹볼,TANK,3.8,52.5
2026-02-11,quickplay,Asia,dorado,All,로드호그,TANK,4.8,42.1
2026-02-11,quickplay,Asia,dorado,All,루시우,SUPPORT,5.0,49.0
2026-02-11,quickplay,Asia,dorado,All,리퍼,DAMAGE,10.3,53.2
2026-02-11,quickplay,Asia,dorado,All,마우가,TANK,3.5,47.2
2026-02-11,quickplay,Asia,dorado,All,메르시,SUPPORT,15.3,48.2
2026-02-11,quickplay,Asia,dorado,All,메이,DAMAGE,5.7,53.6
2026-02-11,quickplay,Asia,dorado,All,모이라,SUPPORT,13.5,48.3
2026-02-11,quickplay,Asia,dorado,All,미즈키,SUPPORT,-1.0,-1.0
2026-02-11,quickplay,Asia,dorado,All,바스티온,DAMAGE,12.2,49.4
2026-02-11,quickplay,Asia,dorado,All,바티스트,SUPPORT,10.0,48.5
2026-02-11,quickplay,Asia,dorado,All,벤데타,DAMAGE,12.4,55.1
2026-02-11,quickplay,Asia,dorado,All,벤처,DAMAGE,3.6,52.9
2026-02-11,quickplay,Asia,dorado,All,브리기테,SUPPORT,5.0,49.7
2026-02-11,quickplay,Asia,dorado,All,소전,DAMAGE,12.9,44.2
2026-02-11,quickplay,Asia,dorado,All,솔저: 76,DAMAGE,18.5,48.6
2026-02-11,quickplay,Asia,dorado,All,솜브라,DAMAGE,8.4,47.2
2026-02-11,quickplay,Asia,dorado,All,시그마,TANK,12.6,55.1
2026-02-11,quickplay,Asia,dorado,All,시메트라,DAMAGE,4.1,55.1
2026-02-11,quickplay,Asia,dorado,All,아나,SUPPORT,50.9,49.0
2026-02-11,quickplay,Asia,dorado,All,안란,DAMAGE,0.5,52.2
2026-02-11,quickplay,Asia,dorado,All,애쉬,DAMAGE,21.0,53.3
2026-02-11,quickplay,Asia,dorado,All,에코,DAMAGE,8.1,52.1
2026-02-11,quickplay,Asia,dorado,All,엠레,DAMAGE,-1.0,-1.0
2026-02-11,quickplay,Asia,dorado,All,오리사,TANK,9.6,44.7
2026-02-11,quickplay,Asia,dorado,All,우양,SUPPORT,16.2,53.5
2026-02-11,quickplay,Asia,dorado,All,위도우메이커,DAMAGE,4.6,46.1
2026-02-11,quickplay,Asia,dorado,All,윈스턴,TANK,11.0,53.7
2026-02-11,quickplay,Asia,dorado,All,일리아리,SUPPORT,15.5,56.6
2026-02-11,quickplay,Asia,dorado,All,자리야,TANK,7.1,46.5
2026-02-11,quickplay,Asia,dorado,All,정커퀸,TANK,3.0,51.9
2026-02-11,quickplay,Asia,dorado,All,정크랫,DAMAGE,9.6,51.6
2026-02-11,quickplay,Asia,dorado,All,제트팩 캣,SUPPORT,-1.0,-1.0
2026-02-11,quickplay,Asia,dorado,All,젠야타,SUPPORT,12.8,54.9
2026-02-11,quickplay,Asia,dorado,All,주노,SUPPORT,14.1,48.7
2026-02-11,quickplay,Asia,dorado,All,캐서디,DAMAGE,20.0,45.6
2026-02-11,quickplay,Asia,dorado,All,키리코,SUPPORT,32.1,46.7
2026-02-11,quickplay,Asia,dorado,All,토르비욘,DAMAGE,4.4,56.0
2026-02-11,quickplay,Asia,dorado,All,트레이서,DAMAGE,4.1,45.1
2026-02-11,quickplay,Asia,dorado,All,파라,DAMAGE,6.5,50.2
2026-02-11,quickplay,Asia,dorado,All,프레야,DAMAGE,8.3,45.5
2026-02-11,quickplay,Asia,dorado,All,한조,DAMAGE,8.8,49.6
2026-02-11,quickplay,Asia,dorado,All,해저드,TANK,3.2,48.3
2026-02-11,quickplay,Asia,rialto,All,D.Va,TANK,9.9,47.2
2026-02-11,quickplay,Asia,rialto,All,겐지,DAMAGE,13.8,50.4
2026-02-11,quickplay,Asia,rialto,All,도미나,TANK,-1.0,-1.0
2026-02-11,quickplay,Asia,rialto,All,둠피스트,TANK,13.2,49.8
2026-02-11,quickplay,Asia,rialto,All,라마트라,TANK,6.2,48.8
2026-02-11,quickplay,Asia,rialto,All,라이프위버,SUPPORT,9.3,47.2
2026-02-11,quickplay,Asia,rialto,All,라인하르트,TANK,9.3,53.1
2026-02-11,quickplay,Asia,rialto,All,레킹볼,TANK,3.5,49.0
2026-02-11,quickplay,Asia,rialto,All,로드호그,TANK,5.9,44.3
2026-02-11,quickplay,Asia,rialto,All,루시우,SUPPORT,4.8,49.3
2026-02-11,quickplay,Asia,rialto,All,리퍼,DAMAGE,7.5,52.2
2026-02-11,quickplay,Asia,rialto,All,마우가,TANK,3.5,46.2
2026-02-11,quickplay,Asia,rialto,All,메르시,SUPPORT,13.3,47.2
2026-02-11,quickplay,Asia,rialto,All,메이,DAMAGE,6.4,55.8
2026-02-11,quickplay,Asia,rialto,All,모이라,SUPPORT,11.1,47.9
2026-02-11,quickplay,Asia,rialto,All,미즈키,SUPPORT,-1.0,-1.0
2026-02-11,quickplay,Asia,rialto,All,바스티온,DAMAGE,13.0,50.5
2026-02-11,quickplay,Asia,rialto,All,바티스트,SUPPORT,9.5,48.3
2026-02-11,quickplay,Asia,rialto,All,벤데타,DAMAGE,10.4,53.5
2026-02-11,quickplay,Asia,rialto,All,벤처,DAMAGE,3.4,53.6
2026-02-11,quickplay,Asia,rialto,All,브리기테,SUPPORT,3.8,49.5
2026-02-11,quickplay,Asia,rialto,All,소전,DAMAGE,14.5,44.6
2026-02-11,quickplay,Asia,rialto,All,솔저: 76,DAMAGE,16.9,48.4
2026-02-11,quickplay,Asia,rialto,All,솜브라,DAMAGE,7.8,48.3
2026-02-11,quickplay,Asia,rialto,All,시그마,TANK,16.5,57.1
2026-02-11,quickplay,Asia,rialto,All,시메트라,DAMAGE,3.5,54.5
2026-02-11,quickplay,Asia,rialto,All,아나,SUPPORT,57.4,48.9
2026-02-11,quickplay,Asia,rialto,All,안란,DAMAGE,0.5,56.9
2026-02-11,quickplay,Asia,rialto,All,애쉬,DAMAGE,23.8,52.6
2026-02-11,quickplay,Asia,rialto,All,에코,DAMAGE,6.5,51.5
2026-02-11,quickplay,Asia,rialto,All,엠레,DAMAGE,-1.0,-1.0
2026-02-11,quickplay,Asia,rialto,All,오리사,TANK,10.8,46.0
2026-02-11,quickplay,Asia,rialto,All,우양,SUPPORT,16.1,52.6
2026-02-11,quickplay,Asia,rialto,All,위도우메이커,DAMAGE,10.2,47.6
2026-02-11,quickplay,Asia,rialto,All,윈스턴,TANK,7.0,49.9
2026-02-11,quickplay,Asia,rialto,All,일리아리,SUPPORT,17.2,56.3
2026-02-11,quickplay,Asia,rialto,All,자리야,TANK,8.2,49.0
2026-02-11,quickplay,Asia,rialto,All,정커퀸,TANK,3.6,53.2
2026-02-11,quickplay,Asia,rialto,All,정크랫,DAMAGE,8.6,52.5
2026-02-11,quickplay,Asia,rialto,All,제트팩 캣,SUPPORT,-1.0,-1.0
2026-02-11,quickplay,Asia,rialto,All,젠야타,SUPPORT,16.4,56.1
2026-02-11,quickplay,Asia,rialto,All,주노,SUPPORT,12.9,48.8
2026-02-11,quickplay,Asia,rialto,All,캐서디,DAMAGE,18.0,44.9
2026-02-11,quickplay,Asia,rialto,All,키리코,SUPPORT,28.2,46.3
2026-02-11,quickplay,Asia,rialto,All,토르비욘,DAMAGE,4.5,56.5
2026-02-11,quickplay,Asia,rialto,All,트레이서,DAMAGE,4.4,46.5
2026-02-11,quickplay,Asia,rialto,All,파라,DAMAGE,6.3,51.5
2026-02-11,quickplay,Asia,rialto,All,프레야,DAMAGE,8.3,45.5
2026-02-11,quickplay,Asia,rialto,All,한조,DAMAGE,11.6,50.9
2026-02-11,quickplay,Asia,rialto,All,해저드,TANK,2.5,47.9
2026-02-11,quickplay,Asia,shambali-monastery,All,D.Va,TANK,7.5,45.9
2026-02-11,quickplay,Asia,shambali-monastery,All,겐지,DAMAGE,13.7,51.1
2026-02-11,quickplay,Asia,shambali-monastery,All,도미나,TANK,-1.0,-1.0
2026-02-11,quickplay,Asia,shambali-monastery,All,둠피스트,TANK,12.6,49.1
2026-02-11,quickplay,Asia,shambali-monastery,All,라마트라,TANK,8.3,49.8
2026-02-11,quickplay,Asia,shambali-monastery,All,라이프위버,SUPPORT,8.6,46.9
2026-02-11,quickplay,Asia,shambali-monastery,All,라인하르트,TANK,9.2,53.2
2026-02-11,quickplay,Asia,shambali-monastery,All,레킹볼,TANK,3.5,49.5
2026-02-11,quickplay,Asia,shambali-monastery,All,로드호그,TANK,4.5,41.2
2026-02-11,quickplay,Asia,shambali-monastery,All,루시우,SUPPORT,4.4,49.0
2026-02-11,quickplay,Asia,shambali-monastery,All,리퍼,DAMAGE,7.7,51.6
2026-02-11,quickplay,Asia,shambali-monastery,All,마우가,TANK,3.7,45.6
2026-02-11,quickplay,Asia,shambali-monastery,All,메르시,SUPPORT,13.1,47.8
2026-02-11,quickplay,Asia,shambali-monastery,All,메이,DAMAGE,7.0,55.9
2026-02-11,quickplay,Asia,shambali-monastery,All,모이라,SUPPORT,12.3,48.3
2026-02-11,quickplay,Asia,shambali-monastery,All,미즈키,SUPPORT,-1.0,-1.0
2026-02-11,quickplay,Asia,shambali-monastery,All,바스티온,DAMAGE,13.4,51.1
2026-02-11,quickplay,Asia,shambali-monastery,All,바티스트,SUPPORT,10.1,48.7
2026-02-11,quickplay,Asia,shambali-monastery,All,벤데타,DAMAGE,10.9,53.6
2026-02-11,quickplay,Asia,shambali-monastery,All,벤처,DAMAGE,3.8,54.3
2026-02-11,quickplay,Asia,shambali-monastery,All,브리기테,SUPPORT,3.9,48.6
2026-02-11,quickplay,Asia,shambali-monastery,All,소전,DAMAGE,15.5,44.7
2026-02-11,quickplay,Asia,shambali-monastery,All,솔저: 76,DAMAGE,16.7,48.0
2026-02-11,quickplay,Asia,shambali-monastery,All,솜브라,DAMAGE,7.4,48.8
2026-02-11,quickplay,Asia,shambali-monastery,All,시그마,TANK,19.5,58.9
2026-02-11,quickplay,Asia,shambali-monastery,All,시메트라,DAMAGE,3.8,55.5
2026-02-11,quickplay,Asia,shambali-monastery,All,아나,SUPPORT,54.6,47.9
2026-02-11,quickplay,Asia,shambali-monastery,All,안란,DAMAGE,0.5,46.0
2026-02-11,quickplay,Asia,shambali-monastery,All,애쉬,DAMAGE,22.3,53.0
2026-02-11,quickplay,Asia,shambali-monastery,All,에코,DAMAGE,6.8,51.5
2026-02-11,quickplay,Asia,shambali-monastery,All,엠레,DAMAGE,-1.0,-1.0
2026-02-11,quickplay,Asia,shambali-monastery,All,오리사,TANK,11.1,45.5
2026-02-11,quickplay,Asia,shambali-monastery,All,우양,SUPPORT,17.4,53.1
2026-02-11,quickplay,Asia,shambali-monastery,All,위도우메이커,DAMAGE,5.9,43.9
2026-02-11,quickplay,Asia,shambali-monastery,All,윈스턴,TANK,5.1,46.8
2026-02-11,quickplay,Asia,shambali-monastery,All,일리아리,SUPPORT,18.3,56.7
2026-02-11,quickplay,Asia,shambali-monastery,All,자리야,TANK,8.7,48.3
2026-02-11,quickplay,Asia,shambali-monastery,All,정커퀸,TANK,3.9,53.1
2026-02-11,quickplay,Asia,shambali-monastery,All,정크랫,DAMAGE,9.8,52.9
2026-02-11,quickplay,Asia,shambali-monastery,All,제트팩 캣,SUPPORT,-1.0,-1.0
2026-02-11,quickplay,Asia,shambali-monastery,All,젠야타,SUPPORT,16.2,54.7
2026-02-11,quickplay,Asia,shambali-monastery,All,주노,SUPPORT,13.0,49.9
2026-02-11,quickplay,Asia,shambali-monastery,All,캐서디,DAMAGE,19.0,44.9
2026-02-11,quickplay,Asia,shambali-monastery,All,키리코,SUPPORT,28.0,46.5
2026-02-11,quickplay,Asia,shambali-monastery,All,토르비욘,DAMAGE,4.6,56.8
2026-02-11,quickplay,Asia,shambali-monastery,All,트레이서,DAMAGE,4.4,46.1
2026-02-11,quickplay,Asia,shambali-monastery,All,파라,DAMAGE,6.1,49.4
2026-02-11,quickplay,Asia,shambali-monastery,All,프레야,DAMAGE,8.9,45.5
2026-02-11,quickplay,Asia,shambali-monastery,All,한조,DAMAGE,11.9,50.7
2026-02-11,quickplay,Asia,shambali-monastery,All,해저드,TANK,2.6,46.1
2026-02-11,quickplay,Asia,circuit-royal,All,D.Va,TANK,6.6,43.2
2026-02-11,quickplay,Asia,circuit-royal,All,겐지,DAMAGE,12.7,50.2
2026-02-11,quickplay,Asia,circuit-royal,All,도미나,TANK,-1.0,-1.0
2026-02-11,quickplay,Asia,circuit-royal,All,둠피스트,TANK,11.1,49.0
2026-02-11,quickplay,Asia,circuit-royal,All,라마트라,TANK,7.2,47.7
2026-02-11,quickplay,Asia,circuit-royal,All,라이프위버,SUPPORT,9.2,47.1
2026-02-11,quickplay,Asia,circuit-royal,All,라인하르트,TANK,9.0,50.9
2026-02-11,quickplay,Asia,circuit-royal,All,레킹볼,TANK,3.4,48.4
2026-02-11,quickplay,Asia,circuit-royal,All,로드호그,TANK,3.7,38.5
2026-02-11,quickplay,Asia,circuit-royal,All,루시우,SUPPORT,3.7,47.5
2026-02-11,quickplay,Asia,circuit-royal,All,리퍼,DAMAGE,6.5,50.6
2026-02-11,quickplay,Asia,circuit-royal,All,마우가,TANK,3.3,45.6
2026-02-11,quickplay,Asia,circuit-royal,All,메르시,SUPPORT,13.3,48.0
2026-02-11,quickplay,Asia,circuit-royal,All,메이,DAMAGE,6.8,56.4
2026-02-11,quickplay,Asia,circuit-royal,All,모이라,SUPPORT,10.5,48.9
2026-02-11,quickplay,Asia,circuit-royal,All,미즈키,SUPPORT,-1.0,-1.0
2026-02-11,quickplay,Asia,circuit-royal,All,바스티온,DAMAGE,13.5,50.9
2026-02-11,quickplay,Asia,circuit-royal,All,바티스트,SUPPORT,11.1,48.1
2026-02-11,quickplay,Asia,circuit-royal,All,벤데타,DAMAGE,9.0,53.0
2026-02-11,quickplay,Asia,circuit-royal,All,벤처,DAMAGE,2.9,51.3
2026-02-11,quickplay,Asia,circuit-royal,All,브리기테,SUPPORT,2.7,47.9
2026-02-11,quickplay,Asia,circuit-royal,All,소전,DAMAGE,16.3,46.5
2026-02-11,quickplay,Asia,circuit-royal,All,솔저: 76,DAMAGE,16.1,47.7
2026-02-11,quickplay,Asia,circuit-royal,All,솜브라,DAMAGE,7.0,48.0
2026-02-11,quickplay,Asia,circuit-royal,All,시그마,TANK,28.2,61.0
2026-02-11,quickplay,Asia,circuit-royal,All,시메트라,DAMAGE,3.4,53.5
2026-02-11,quickplay,Asia,circuit-royal,All,아나,SUPPORT,57.0,47.6
2026-02-11,quickplay,Asia,circuit-royal,All,안란,DAMAGE,0.4,46.9
2026-02-11,quickplay,Asia,circuit-royal,All,애쉬,DAMAGE,26.1,54.7
2026-02-11,quickplay,Asia,circuit-royal,All,에코,DAMAGE,4.8,50.3
2026-02-11,quickplay,Asia,circuit-royal,All,엠레,DAMAGE,-1.0,-1.0
2026-02-11,quickplay,Asia,circuit-royal,All,오리사,TANK,9.9,43.9
2026-02-11,quickplay,Asia,circuit-royal,All,우양,SUPPORT,15.5,52.0
2026-02-11,quickplay,Asia,circuit-royal,All,위도우메이커,DAMAGE,14.8,49.1
2026-02-11,quickplay,Asia,circuit-royal,All,윈스턴,TANK,5.1,45.8
2026-02-11,quickplay,Asia,circuit-royal,All,일리아리,SUPPORT,20.8,56.3
2026-02-11,quickplay,Asia,circuit-royal,All,자리야,TANK,7.7,47.9
2026-02-11,quickplay,Asia,circuit-royal,All,정커퀸,TANK,3.0,50.6
2026-02-11,quickplay,Asia,circuit-royal,All,정크랫,DAMAGE,8.0,50.5
2026-02-11,quickplay,Asia,circuit-royal,All,제트팩 캣,SUPPORT,-1.0,-1.0
2026-02-11,quickplay,Asia,circuit-royal,All,젠야타,SUPPORT,18.1,56.7
2026-02-11,quickplay,Asia,circuit-royal,All,주노,SUPPORT,13.5,49.7
2026-02-11,quickplay,Asia,circuit-royal,All,캐서디,DAMAGE,15.2,44.5
2026-02-11,quickplay,Asia,circuit-royal,All,키리코,SUPPORT,24.6,45.7
2026-02-11,quickplay,Asia,circuit-royal,All,토르비욘,DAMAGE,4.3,55.7
2026-02-11,quickplay,Asia,circuit-royal,All,트레이서,DAMAGE,2.8,43.3
2026-02-11,quickplay,Asia,circuit-royal,All,파라,DAMAGE,5.5,49.8
2026-02-11,quickplay,Asia,circuit-royal,All,프레야,DAMAGE,10.3,46.7
2026-02-11,quickplay,Asia,circuit-royal,All,한조,DAMAGE,13.6,50.7
2026-02-11,quickplay,Asia,circuit-royal,All,해저드,TANK,1.7,45.1
2026-02-11,quickplay,Asia,junkertown,All,D.Va,TANK,9.9,46.7
2026-02-11,quickplay,Asia,junkertown,All,겐지,DAMAGE,13.8,50.5
2026-02-11,quickplay,Asia,junkertown,All,도미나,TANK,-1.0,-1.0
2026-02-11,quickplay,Asia,junkertown,All,둠피스트,TANK,11.8,49.4
2026-02-11,quickplay,Asia,junkertown,All,라마트라,TANK,6.0,48.3
2026-02-11,quickplay,Asia,junkertown,All,라이프위버,SUPPORT,8.9,48.4
2026-02-11,quickplay,Asia,junkertown,All,라인하르트,TANK,8.2,51.0
2026-02-11,quickplay,Asia,junkertown,All,레킹볼,TANK,4.2,51.9
2026-02-11,quickplay,Asia,junkertown,All,로드호그,TANK,5.3,42.9
2026-02-11,quickplay,Asia,junkertown,All,루시우,SUPPORT,4.4,48.2
2026-02-11,quickplay,Asia,junkertown,All,리퍼,DAMAGE,8.1,52.6
2026-02-11,quickplay,Asia,junkertown,All,마우가,TANK,3.9,48.6
2026-02-11,quickplay,Asia,junkertown,All,메르시,SUPPORT,13.9,46.4
2026-02-11,quickplay,Asia,junkertown,All,메이,DAMAGE,5.7,54.2
2026-02-11,quickplay,Asia,junkertown,All,모이라,SUPPORT,13.0,48.1
2026-02-11,quickplay,Asia,junkertown,All,미즈키,SUPPORT,-1.0,-1.0
2026-02-11,quickplay,Asia,junkertown,All,바스티온,DAMAGE,13.0,49.9
2026-02-11,quickplay,Asia,junkertown,All,바티스트,SUPPORT,9.6,47.8
2026-02-11,quickplay,Asia,junkertown,All,벤데타,DAMAGE,10.2,54.4
2026-02-11,quickplay,Asia,junkertown,All,벤처,DAMAGE,3.1,52.8
2026-02-11,quickplay,Asia,junkertown,All,브리기테,SUPPORT,3.7,49.4
2026-02-11,quickplay,Asia,junkertown,All,소전,DAMAGE,14.6,45.8
2026-02-11,quickplay,Asia,junkertown,All,솔저: 76,DAMAGE,18.8,50.0
2026-02-11,quickplay,Asia,junkertown,All,솜브라,DAMAGE,9.3,48.3
2026-02-11,quickplay,Asia,junkertown,All,시그마,TANK,18.5,57.0
2026-02-11,quickplay,Asia,junkertown,All,시메트라,DAMAGE,2.7,52.6
2026-02-11,quickplay,Asia,junkertown,All,아나,SUPPORT,55.1,49.2
2026-02-11,quickplay,Asia,junkertown,All,안란,DAMAGE,0.4,54.9
2026-02-11,quickplay,Asia,junkertown,All,애쉬,DAMAGE,23.5,53.4
2026-02-11,quickplay,Asia,junkertown,All,에코,DAMAGE,4.9,51.3
2026-02-11,quickplay,Asia,junkertown,All,엠레,DAMAGE,-1.0,-1.0
2026-02-11,quickplay,Asia,junkertown,All,오리사,TANK,10.8,45.9
2026-02-11,quickplay,Asia,junkertown,All,우양,SUPPORT,16.3,52.7
2026-02-11,quickplay,Asia,junkertown,All,위도우메이커,DAMAGE,11.6,48.6
2026-02-11,quickplay,Asia,junkertown,All,윈스턴,TANK,7.3,51.3
2026-02-11,quickplay,Asia,junkertown,All,일리아리,SUPPORT,16.5,56.6
2026-02-11,quickplay,Asia,junkertown,All,자리야,TANK,7.4,48.2
2026-02-11,quickplay,Asia,junkertown,All,정커퀸,TANK,4.0,54.9
2026-02-11,quickplay,Asia,junkertown,All,정크랫,DAMAGE,9.0,50.9
2026-02-11,quickplay,Asia,junkertown,All,제트팩 캣,SUPPORT,-1.0,-1.0
2026-02-11,quickplay,Asia,junkertown,All,젠야타,SUPPORT,15.8,55.4
2026-02-11,quickplay,Asia,junkertown,All,주노,SUPPORT,13.9,49.0
2026-02-11,quickplay,Asia,junkertown,All,캐서디,DAMAGE,19.3,46.2
2026-02-11,quickplay,Asia,junkertown,All,키리코,SUPPORT,28.9,46.8
2026-02-11,quickplay,Asia,junkertown,All,토르비욘,DAMAGE,4.5,55.3
2026-02-11,quickplay,Asia,junkertown,All,트레이서,DAMAGE,4.3,46.1
2026-02-11,quickplay,Asia,junkertown,All,파라,DAMAGE,4.4,48.2
2026-02-11,quickplay,Asia,junkertown,All,프레야,DAMAGE,8.4,45.7
2026-02-11,quickplay,Asia,junkertown,All,한조,DAMAGE,10.4,49.6
2026-02-11,quickplay,Asia,junkertown,All,해저드,TANK,2.6,46.2
2026-02-11,quickplay,Asia,havana,All,D.Va,TANK,8.8,45.8
2026-02-11,quickplay,Asia,havana,All,겐지,DAMAGE,13.1,50.5
2026-02-11,quickplay,Asia,havana,All,도미나,TANK,-1.0,-1.0
2026-02-11,quickplay,Asia,havana,All,둠피스트,TANK,11.4,49.7
2026-02-11,quickplay,Asia,havana,All,라마트라,TANK,7.2,50.2
2026-02-11,quickplay,Asia,havana,All,라이프위버,SUPPORT,8.8,48.4
2026-02-11,quickplay,Asia,havana,All,라인하르트,TANK,8.7,50.7
2026-02-11,quickplay,Asia,havana,All,레킹볼,TANK,3.3,49.6
2026-02-11,quickplay,Asia,havana,All,로드호그,TANK,4.5,42.3
2026-02-11,quickplay,Asia,havana,All,루시우,SUPPORT,4.3,48.6
2026-02-11,quickplay,Asia,havana,All,리퍼,DAMAGE,7.7,51.6
2026-02-11,quickplay,Asia,havana,All,마우가,TANK,3.8,45.9
2026-02-11,quickplay,Asia,havana,All,메르시,SUPPORT,13.7,46.6
2026-02-11,quickplay,Asia,havana,All,메이,DAMAGE,6.4,55.2
2026-02-11,quickplay,Asia,havana,All,모이라,SUPPORT,12.2,47.0
2026-02-11,quickplay,Asia,havana,All,미즈키,SUPPORT,-1.0,-1.0
2026-02-11,quickplay,Asia,havana,All,바스티온,DAMAGE,13.3,49.5
2026-02-11,quickplay,Asia,havana,All,바티스트,SUPPORT,9.4,47.4
2026-02-11,quickplay,Asia,havana,All,벤데타,DAMAGE,9.6,54.3
2026-02-11,quickplay,Asia,havana,All,벤처,DAMAGE,3.0,52.2
2026-02-11,quickplay,Asia,havana,All,브리기테,SUPPORT,3.2,49.5
2026-02-11,quickplay,Asia,havana,All,소전,DAMAGE,14.9,45.5
2026-02-11,quickplay,Asia,havana,All,솔저: 76,DAMAGE,17.5,49.1
2026-02-11,quickplay,Asia,havana,All,솜브라,DAMAGE,8.6,48.2
2026-02-11,quickplay,Asia,havana,All,시그마,TANK,22.1,58.2
2026-02-11,quickplay,Asia,havana,All,시메트라,DAMAGE,3.2,52.7
2026-02-11,quickplay,Asia,havana,All,아나,SUPPORT,56.4,49.4
2026-02-11,quickplay,Asia,havana,All,안란,DAMAGE,0.4,48.4
2026-02-11,quickplay,Asia,havana,All,애쉬,DAMAGE,23.8,54.5
2026-02-11,quickplay,Asia,havana,All,에코,DAMAGE,4.3,49.1
2026-02-11,quickplay,Asia,havana,All,엠레,DAMAGE,-1.0,-1.0
2026-02-11,quickplay,Asia,havana,All,오리사,TANK,11.4,46.0
2026-02-11,quickplay,Asia,havana,All,우양,SUPPORT,15.3,52.5
2026-02-11,quickplay,Asia,havana,All,위도우메이커,DAMAGE,15.7,49.5
2026-02-11,quickplay,Asia,havana,All,윈스턴,TANK,6.1,49.5
2026-02-11,quickplay,Asia,havana,All,일리아리,SUPPORT,17.5,56.8
2026-02-11,quickplay,Asia,havana,All,자리야,TANK,7.6,47.4
2026-02-11,quickplay,Asia,havana,All,정커퀸,TANK,3.2,52.4
2026-02-11,quickplay,Asia,havana,All,정크랫,DAMAGE,7.7,49.8
2026-02-11,quickplay,Asia,havana,All,제트팩 캣,SUPPORT,-1.0,-1.0
2026-02-11,quickplay,Asia,havana,All,젠야타,SUPPORT,17.7,56.9
2026-02-11,quickplay,Asia,havana,All,주노,SUPPORT,13.1,48.1
2026-02-11,quickplay,Asia,havana,All,캐서디,DAMAGE,16.7,45.4
2026-02-11,quickplay,Asia,havana,All,키리코,SUPPORT,28.4,45.8
2026-02-11,quickplay,Asia,havana,All,토르비욘,DAMAGE,4.5,56.7
2026-02-11,quickplay,Asia,havana,All,트레이서,DAMAGE,3.9,45.4
2026-02-11,quickplay,Asia,havana,All,파라,DAMAGE,4.2,47.4
2026-02-11,quickplay,Asia,havana,All,프레야,DAMAGE,8.4,47.0
2026-02-11,quickplay,Asia,havana,All,한조,DAMAGE,13.1,50.5
2026-02-11,quickplay,Asia,havana,All,해저드,TANK,2.0,47.4
2026-02-11,quickplay,Asia,new-junk-city,All,D.Va,TANK,6.6,47.4
2026-02-11,quickplay,Asia,new-junk-city,All,겐지,DAMAGE,16.1,51.2
2026-02-11,quickplay,Asia,new-junk-city,All,도미나,TANK,-1.0,-1.0
2026-02-11,quickplay,Asia,new-junk-city,All,둠피스트,TANK,14.7,51.8
2026-02-11,quickplay,Asia,new-junk-city,All,라마트라,TANK,7.0,50.4
2026-02-11,quickplay,Asia,new-junk-city,All,라이프위버,SUPPORT,6.0,46.6
2026-02-11,quickplay,Asia,new-junk-city,All,라인하르트,TANK,10.2,51.0
2026-02-11,quickplay,Asia,new-junk-city,All,레킹볼,TANK,3.7,49.9
2026-02-11,quickplay,Asia,new-junk-city,All,로드호그,TANK,5.1,43.2
2026-02-11,quickplay,Asia,new-junk-city,All,루시우,SUPPORT,11.1,52.1
2026-02-11,quickplay,Asia,new-junk-city,All,리퍼,DAMAGE,10.8,53.6
2026-02-11,quickplay,Asia,new-junk-city,All,마우가,TANK,4.4,49.4
2026-02-11,quickplay,Asia,new-junk-city,All,메르시,SUPPORT,8.9,46.2
2026-02-11,quickplay,Asia,new-junk-city,All,메이,DAMAGE,7.2,51.8
2026-02-11,quickplay,Asia,new-junk-city,All,모이라,SUPPORT,20.2,51.1
2026-02-11,quickplay,Asia,new-junk-city,All,미즈키,SUPPORT,-1.0,-1.0
2026-02-11,quickplay,Asia,new-junk-city,All,바스티온,DAMAGE,11.4,48.6
2026-02-11,quickplay,Asia,new-junk-city,All,바티스트,SUPPORT,8.6,46.6
2026-02-11,quickplay,Asia,new-junk-city,All,벤데타,DAMAGE,15.2,55.0
2026-02-11,quickplay,Asia,new-junk-city,All,벤처,DAMAGE,5.8,53.9
2026-02-11,quickplay,Asia,new-junk-city,All,브리기테,SUPPORT,8.2,53.1
2026-02-11,quickplay,Asia,new-junk-city,All,소전,DAMAGE,18.3,46.4
2026-02-11,quickplay,Asia,new-junk-city,All,솔저: 76,DAMAGE,17.8,49.2
2026-02-11,quickplay,Asia,new-junk-city,All,솜브라,DAMAGE,9.7,50.2
2026-02-11,quickplay,Asia,new-junk-city,All,시그마,TANK,7.8,51.8
2026-02-11,quickplay,Asia,new-junk-city,All,시메트라,DAMAGE,3.9,57.3
2026-02-11,quickplay,Asia,new-junk-city,All,아나,SUPPORT,42.5,46.6
2026-02-11,quickplay,Asia,new-junk-city,All,안란,DAMAGE,0.6,53.0
2026-02-11,quickplay,Asia,new-junk-city,All,애쉬,DAMAGE,8.6,50.2
2026-02-11,quickplay,Asia,new-junk-city,All,에코,DAMAGE,5.4,51.8
2026-02-11,quickplay,Asia,new-junk-city,All,엠레,DAMAGE,-1.0,-1.0
2026-02-11,quickplay,Asia,new-junk-city,All,오리사,TANK,11.2,45.4
2026-02-11,quickplay,Asia,new-junk-city,All,우양,SUPPORT,20.5,54.1
2026-02-11,quickplay,Asia,new-junk-city,All,위도우메이커,DAMAGE,1.2,38.2
2026-02-11,quickplay,Asia,new-junk-city,All,윈스턴,TANK,3.9,49.3
2026-02-11,quickplay,Asia,new-junk-city,All,일리아리,SUPPORT,9.7,55.2
2026-02-11,quickplay,Asia,new-junk-city,All,자리야,TANK,10.6,47.9
2026-02-11,quickplay,Asia,new-junk-city,All,정커퀸,TANK,11.0,58.2
2026-02-11,quickplay,Asia,new-junk-city,All,정크랫,DAMAGE,10.4,52.1
2026-02-11,quickplay,Asia,new-junk-city,All,제트팩 캣,SUPPORT,-1.0,-1.0
2026-02-11,quickplay,Asia,new-junk-city,All,젠야타,SUPPORT,11.8,53.6
2026-02-11,quickplay,Asia,new-junk-city,All,주노,SUPPORT,15.5,51.8
2026-02-11,quickplay,Asia,new-junk-city,All,캐서디,DAMAGE,27.7,46.0
2026-02-11,quickplay,Asia,new-junk-city,All,키리코,SUPPORT,37.0,46.6
2026-02-11,quickplay,Asia,new-junk-city,All,토르비욘,DAMAGE,3.6,54.9
2026-02-11,quickplay,Asia,new-junk-city,All,트레이서,DAMAGE,9.5,48.6
2026-02-11,quickplay,Asia,new-junk-city,All,파라,DAMAGE,4.4,49.0
2026-02-11,quickplay,Asia,new-junk-city,All,프레야,DAMAGE,5.3,45.2
2026-02-11,quickplay,Asia,new-junk-city,All,한조,DAMAGE,7.1,48.1
2026-02-11,quickplay,Asia,new-junk-city,All,해저드,TANK,3.6,49.3
2026-02-11,quickplay,Asia,suravasa,All,D.Va,TANK,6.8,47.4
2026-02-11,quickplay,Asia,suravasa,All,겐지,DAMAGE,15.9,50.9
2026-02-11,quickplay,Asia,suravasa,All,도미나,TANK,-1.0,-1.0
2026-02-11,quickplay,Asia,suravasa,All,둠피스트,TANK,15.7,52.5
2026-02-11,quickplay,Asia,suravasa,All,라마트라,TANK,6.4,49.9
2026-02-11,quickplay,Asia,suravasa,All,라이프위버,SUPPORT,6.7,46.1
2026-02-11,quickplay,Asia,suravasa,All,라인하르트,TANK,9.7,52.5
2026-02-11,quickplay,Asia,suravasa,All,레킹볼,TANK,5.1,51.4
2026-02-11,quickplay,Asia,suravasa,All,로드호그,TANK,5.2,40.6
2026-02-11,quickplay,Asia,suravasa,All,루시우,SUPPORT,10.1,52.3
2026-02-11,quickplay,Asia,suravasa,All,리퍼,DAMAGE,10.2,53.6
2026-02-11,quickplay,Asia,suravasa,All,마우가,TANK,4.3,49.9
2026-02-11,quickplay,Asia,suravasa,All,메르시,SUPPORT,9.3,47.3
2026-02-11,quickplay,Asia,suravasa,All,메이,DAMAGE,6.8,54.3
2026-02-11,quickplay,Asia,suravasa,All,모이라,SUPPORT,18.0,50.3
2026-02-11,quickplay,Asia,suravasa,All,미즈키,SUPPORT,-1.0,-1.0
2026-02-11,quickplay,Asia,suravasa,All,바스티온,DAMAGE,11.2,49.8
2026-02-11,quickplay,Asia,suravasa,All,바티스트,SUPPORT,8.3,46.9
2026-02-11,quickplay,Asia,suravasa,All,벤데타,DAMAGE,14.6,55.4
2026-02-11,quickplay,Asia,suravasa,All,벤처,DAMAGE,5.3,53.9
2026-02-11,quickplay,Asia,suravasa,All,브리기테,SUPPORT,7.7,51.0
2026-02-11,quickplay,Asia,suravasa,All,소전,DAMAGE,17.9,46.3
2026-02-11,quickplay,Asia,suravasa,All,솔저: 76,DAMAGE,18.2,49.7
2026-02-11,quickplay,Asia,suravasa,All,솜브라,DAMAGE,10.6,49.1
2026-02-11,quickplay,Asia,suravasa,All,시그마,TANK,7.9,51.9
2026-02-11,quickplay,Asia,suravasa,All,시메트라,DAMAGE,3.9,56.5
2026-02-11,quickplay,Asia,suravasa,All,아나,SUPPORT,44.7,47.1
2026-02-11,quickplay,Asia,suravasa,All,안란,DAMAGE,0.6,50.1
2026-02-11,quickplay,Asia,suravasa,All,애쉬,DAMAGE,9.6,49.3
2026-02-11,quickplay,Asia,suravasa,All,에코,DAMAGE,5.9,51.7
2026-02-11,quickplay,Asia,suravasa,All,엠레,DAMAGE,-1.0,-1.0
2026-02-11,quickplay,Asia,suravasa,All,오리사,TANK,11.2,44.2
2026-02-11,quickplay,Asia,suravasa,All,우양,SUPPORT,20.5,53.5
2026-02-11,quickplay,Asia,suravasa,All,위도우메이커,DAMAGE,1.2,38.7
2026-02-11,quickplay,Asia,suravasa,All,윈스턴,TANK,5.4,51.8
2026-02-11,quickplay,Asia,suravasa,All,일리아리,SUPPORT,11.3,56.9
2026-02-11,quickplay,Asia,suravasa,All,자리야,TANK,10.3,48.2
2026-02-11,quickplay,Asia,suravasa,All,정커퀸,TANK,8.6,57.1
2026-02-11,quickplay,Asia,suravasa,All,정크랫,DAMAGE,7.7,51.9
2026-02-11,quickplay,Asia,suravasa,All,제트팩 캣,SUPPORT,-1.0,-1.0
2026-02-11,quickplay,Asia,suravasa,All,젠야타,SUPPORT,11.5,53.5
2026-02-11,quickplay,Asia,suravasa,All,주노,SUPPORT,15.0,50.5
2026-02-11,quickplay,Asia,suravasa,All,캐서디,DAMAGE,28.9,45.4
2026-02-11,quickplay,Asia,suravasa,All,키리코,SUPPORT,36.6,47.4
2026-02-11,quickplay,Asia,suravasa,All,토르비욘,DAMAGE,3.6,55.3
2026-02-11,quickplay,Asia,suravasa,All,트레이서,DAMAGE,10.7,50.0
2026-02-11,quickplay,Asia,suravasa,All,파라,DAMAGE,4.7,48.8
2026-02-11,quickplay,Asia,suravasa,All,프레야,DAMAGE,5.9,45.1
2026-02-11,quickplay,Asia,suravasa,All,한조,DAMAGE,6.6,48.1
2026-02-11,quickplay,Asia,suravasa,All,해저드,TANK,3.3,50.4
2026-02-11,quickplay,Asia,aatlis,All,D.Va,TANK,7.5,49.6
2026-02-11,quickplay,Asia,aatlis,All,겐지,DAMAGE,15.6,51.0
2026-02-11,quickplay,Asia,aatlis,All,도미나,TANK,-1.0,-1.0
2026-02-11,quickplay,Asia,aatlis,All,둠피스트,TANK,16.0,52.1
2026-02-11,quickplay,Asia,aatlis,All,라마트라,TANK,6.8,51.6
2026-02-11,quickplay,Asia,aatlis,All,라이프위버,SUPPORT,6.0,47.5
2026-02-11,quickplay,Asia,aatlis,All,라인하르트,TANK,9.5,51.4
2026-02-11,quickplay,Asia,aatlis,All,레킹볼,TANK,4.1,50.9
2026-02-11,quickplay,Asia,aatlis,All,로드호그,TANK,5.3,42.3
2026-02-11,quickplay,Asia,aatlis,All,루시우,SUPPORT,12.1,53.2
2026-02-11,quickplay,Asia,aatlis,All,리퍼,DAMAGE,12.2,53.2
2026-02-11,quickplay,Asia,aatlis,All,마우가,TANK,4.4,49.2
2026-02-11,quickplay,Asia,aatlis,All,메르시,SUPPORT,9.4,46.7
2026-02-11,quickplay,Asia,aatlis,All,메이,DAMAGE,6.8,54.4
2026-02-11,quickplay,Asia,aatlis,All,모이라,SUPPORT,21.9,51.2
2026-02-11,quickplay,Asia,aatlis,All,미즈키,SUPPORT,-1.0,-1.0
2026-02-11,quickplay,Asia,aatlis,All,바스티온,DAMAGE,11.5,46.9
2026-02-11,quickplay,Asia,aatlis,All,바티스트,SUPPORT,8.6,46.9
2026-02-11,quickplay,Asia,aatlis,All,벤데타,DAMAGE,16.8,56.6
2026-02-11,quickplay,Asia,aatlis,All,벤처,DAMAGE,6.8,53.8
2026-02-11,quickplay,Asia,aatlis,All,브리기테,SUPPORT,8.8,51.0
2026-02-11,quickplay,Asia,aatlis,All,소전,DAMAGE,16.2,45.3
2026-02-11,quickplay,Asia,aatlis,All,솔저: 76,DAMAGE,17.5,49.1
2026-02-11,quickplay,Asia,aatlis,All,솜브라,DAMAGE,10.1,49.1
2026-02-11,quickplay,Asia,aatlis,All,시그마,TANK,7.9,50.9
2026-02-11,quickplay,Asia,aatlis,All,시메트라,DAMAGE,4.0,55.5
2026-02-11,quickplay,Asia,aatlis,All,아나,SUPPORT,39.6,46.8
2026-02-11,quickplay,Asia,aatlis,All,안란,DAMAGE,0.7,49.2
2026-02-11,quickplay,Asia,aatlis,All,애쉬,DAMAGE,7.5,48.8
2026-02-11,quickplay,Asia,aatlis,All,에코,DAMAGE,5.4,50.5
2026-02-11,quickplay,Asia,aatlis,All,엠레,DAMAGE,-1.0,-1.0
2026-02-11,quickplay,Asia,aatlis,All,오리사,TANK,10.7,43.3
2026-02-11,quickplay,Asia,aatlis,All,우양,SUPPORT,21.4,53.6
2026-02-11,quickplay,Asia,aatlis,All,위도우메이커,DAMAGE,1.2,38.1
2026-02-11,quickplay,Asia,aatlis,All,윈스턴,TANK,4.9,51.1
2026-02-11,quickplay,Asia,aatlis,All,일리아리,SUPPORT,9.8,56.4
2026-02-11,quickplay,Asia,aatlis,All,자리야,TANK,10.3,48.0
2026-02-11,quickplay,Asia,aatlis,All,정커퀸,TANK,8.3,58.4
2026-02-11,quickplay,Asia,aatlis,All,정크랫,DAMAGE,9.2,52.1
2026-02-11,quickplay,Asia,aatlis,All,제트팩 캣,SUPPORT,-1.0,-1.0
2026-02-11,quickplay,Asia,aatlis,All,젠야타,SUPPORT,10.6,52.9
2026-02-11,quickplay,Asia,aatlis,All,주노,SUPPORT,14.9,50.4
2026-02-11,quickplay,Asia,aatlis,All,캐서디,DAMAGE,28.9,47.1
2026-02-11,quickplay,Asia,aatlis,All,키리코,SUPPORT,36.9,46.9
2026-02-11,quickplay,Asia,aatlis,All,토르비욘,DAMAGE,3.4,55.3
2026-02-11,quickplay,Asia,aatlis,All,트레이서,DAMAGE,10.6,49.6
2026-02-11,quickplay,Asia,aatlis,All,파라,DAMAGE,4.6,48.3
2026-02-11,quickplay,Asia,aatlis,All,프레야,DAMAGE,5.1,44.6
2026-02-11,quickplay,Asia,aatlis,All,한조,DAMAGE,6.1,47.4
2026-02-11,quickplay,Asia,aatlis,All,해저드,TANK,4.2,50.1
2026-02-11,quickplay,Asia,numbani,All,D.Va,TANK,15.1,50.4
2026-02-11,quickplay,Asia,numbani,All,겐지,DAMAGE,15.4,51.5
2026-02-11,quickplay,Asia,numbani,All,도미나,TANK,-1.0,-1.0
2026-02-11,quickplay,Asia,numbani,All,둠피스트,TANK,13.7,51.8
2026-02-11,quickplay,Asia,numbani,All,라마트라,TANK,5.1,46.8
2026-02-11,quickplay,Asia,numbani,All,라이프위버,SUPPORT,10.2,46.4
2026-02-11,quickplay,Asia,numbani,All,라인하르트,TANK,7.5,49.8
2026-02-11,quickplay,Asia,numbani,All,레킹볼,TANK,4.1,52.0
2026-02-11,quickplay,Asia,numbani,All,로드호그,TANK,4.8,42.6
2026-02-11,quickplay,Asia,numbani,All,루시우,SUPPORT,5.3,50.2
2026-02-11,quickplay,Asia,numbani,All,리퍼,DAMAGE,8.7,52.5
2026-02-11,quickplay,Asia,numbani,All,마우가,TANK,3.6,46.8
2026-02-11,quickplay,Asia,numbani,All,메르시,SUPPORT,16.3,48.8
2026-02-11,quickplay,Asia,numbani,All,메이,DAMAGE,5.6,53.5
2026-02-11,quickplay,Asia,numbani,All,모이라,SUPPORT,12.6,46.7
2026-02-11,quickplay,Asia,numbani,All,미즈키,SUPPORT,-1.0,-1.0
2026-02-11,quickplay,Asia,numbani,All,바스티온,DAMAGE,12.7,49.3
2026-02-11,quickplay,Asia,numbani,All,바티스트,SUPPORT,10.3,48.3
2026-02-11,quickplay,Asia,numbani,All,벤데타,DAMAGE,11.5,54.7
2026-02-11,quickplay,Asia,numbani,All,벤처,DAMAGE,3.3,52.8
2026-02-11,quickplay,Asia,numbani,All,브리기테,SUPPORT,4.0,48.7
2026-02-11,quickplay,Asia,numbani,All,소전,DAMAGE,13.2,43.8
2026-02-11,quickplay,Asia,numbani,All,솔저: 76,DAMAGE,19.3,49.5
2026-02-11,quickplay,Asia,numbani,All,솜브라,DAMAGE,8.3,49.0
2026-02-11,quickplay,Asia,numbani,All,시그마,TANK,12.0,54.8
2026-02-11,quickplay,Asia,numbani,All,시메트라,DAMAGE,3.9,52.1
2026-02-11,quickplay,Asia,numbani,All,아나,SUPPORT,51.3,48.8
2026-02-11,quickplay,Asia,numbani,All,안란,DAMAGE,0.5,46.6
2026-02-11,quickplay,Asia,numbani,All,애쉬,DAMAGE,22.2,53.3
2026-02-11,quickplay,Asia,numbani,All,에코,DAMAGE,8.3,52.4
2026-02-11,quickplay,Asia,numbani,All,엠레,DAMAGE,-1.0,-1.0
2026-02-11,quickplay,Asia,numbani,All,오리사,TANK,10.3,45.3
2026-02-11,quickplay,Asia,numbani,All,우양,SUPPORT,15.8,52.6
2026-02-11,quickplay,Asia,numbani,All,위도우메이커,DAMAGE,4.4,44.7
2026-02-11,quickplay,Asia,numbani,All,윈스턴,TANK,10.1,53.7
2026-02-11,quickplay,Asia,numbani,All,일리아리,SUPPORT,15.2,55.9
2026-02-11,quickplay,Asia,numbani,All,자리야,TANK,7.5,48.4
2026-02-11,quickplay,Asia,numbani,All,정커퀸,TANK,2.8,51.2
2026-02-11,quickplay,Asia,numbani,All,정크랫,DAMAGE,9.3,51.2
2026-02-11,quickplay,Asia,numbani,All,제트팩 캣,SUPPORT,-1.0,-1.0
2026-02-11,quickplay,Asia,numbani,All,젠야타,SUPPORT,12.6,54.4
2026-02-11,quickplay,Asia,numbani,All,주노,SUPPORT,14.6,50.7
2026-02-11,quickplay,Asia,numbani,All,캐서디,DAMAGE,19.2,45.6
2026-02-11,quickplay,Asia,numbani,All,키리코,SUPPORT,31.9,48.4
2026-02-11,quickplay,Asia,numbani,All,토르비욘,DAMAGE,4.5,52.9
2026-02-11,quickplay,Asia,numbani,All,트레이서,DAMAGE,4.6,47.9
2026-02-11,quickplay,Asia,numbani,All,파라,DAMAGE,6.5,50.5
2026-02-11,quickplay,Asia,numbani,All,프레야,DAMAGE,8.6,46.2
2026-02-11,quickplay,Asia,numbani,All,한조,DAMAGE,10.0,50.0
2026-02-11,quickplay,Asia,numbani,All,해저드,TANK,3.5,49.0
2026-02-11,quickplay,Asia,midtown,All,D.Va,TANK,7.0,45.9
2026-02-11,quickplay,Asia,midtown,All,겐지,DAMAGE,12.4,50.0
2026-02-11,quickplay,Asia,midtown,All,도미나,TANK,-1.0,-1.0
2026-02-11,quickplay,Asia,midtown,All,둠피스트,TANK,11.4,49.1
2026-02-11,quickplay,Asia,midtown,All,라마트라,TANK,8.2,49.5
2026-02-11,quickplay,Asia,midtown,All,라이프위버,SUPPORT,8.0,47.0
2026-02-11,quickplay,Asia,midtown,All,라인하르트,TANK,9.6,51.9
2026-02-11,quickplay,Asia,midtown,All,레킹볼,TANK,2.9,48.2
2026-02-11,quickplay,Asia,midtown,All,로드호그,TANK,4.6,42.8
2026-02-11,quickplay,Asia,midtown,All,루시우,SUPPORT,4.3,47.7
2026-02-11,quickplay,Asia,midtown,All,리퍼,DAMAGE,7.5,51.5
2026-02-11,quickplay,Asia,midtown,All,마우가,TANK,3.8,47.2
2026-02-11,quickplay,Asia,midtown,All,메르시,SUPPORT,12.4,47.5
2026-02-11,quickplay,Asia,midtown,All,메이,DAMAGE,7.4,55.8
2026-02-11,quickplay,Asia,midtown,All,모이라,SUPPORT,12.3,48.5
2026-02-11,quickplay,Asia,midtown,All,미즈키,SUPPORT,-1.0,-1.0
2026-02-11,quickplay,Asia,midtown,All,바스티온,DAMAGE,14.4,50.5
2026-02-11,quickplay,Asia,midtown,All,바티스트,SUPPORT,10.5,47.8
2026-02-11,quickplay,Asia,midtown,All,벤데타,DAMAGE,10.0,53.7
2026-02-11,quickplay,Asia,midtown,All,벤처,DAMAGE,3.4,51.7
2026-02-11,quickplay,Asia,midtown,All,브리기테,SUPPORT,3.7,49.7
2026-02-11,quickplay,Asia,midtown,All,소전,DAMAGE,16.8,45.5
2026-02-11,quickplay,Asia,midtown,All,솔저: 76,DAMAGE,17.1,48.5
2026-02-11,quickplay,Asia,midtown,All,솜브라,DAMAGE,7.4,48.0
2026-02-11,quickplay,Asia,midtown,All,시그마,TANK,20.0,57.4
2026-02-11,quickplay,Asia,midtown,All,시메트라,DAMAGE,5.5,57.4
2026-02-11,quickplay,Asia,midtown,All,아나,SUPPORT,54.9,48.7
2026-02-11,quickplay,Asia,midtown,All,안란,DAMAGE,0.5,46.4
2026-02-11,quickplay,Asia,midtown,All,애쉬,DAMAGE,23.3,54.0
2026-02-11,quickplay,Asia,midtown,All,에코,DAMAGE,5.3,49.8
2026-02-11,quickplay,Asia,midtown,All,엠레,DAMAGE,-1.0,-1.0
2026-02-11,quickplay,Asia,midtown,All,오리사,TANK,11.7,46.0
2026-02-11,quickplay,Asia,midtown,All,우양,SUPPORT,17.2,53.1
2026-02-11,quickplay,Asia,midtown,All,위도우메이커,DAMAGE,5.1,45.9
2026-02-11,quickplay,Asia,midtown,All,윈스턴,TANK,4.3,47.6
2026-02-11,quickplay,Asia,midtown,All,일리아리,SUPPORT,18.6,56.2
2026-02-11,quickplay,Asia,midtown,All,자리야,TANK,10.3,49.5
2026-02-11,quickplay,Asia,midtown,All,정커퀸,TANK,4.1,53.9
2026-02-11,quickplay,Asia,midtown,All,정크랫,DAMAGE,9.1,50.6
2026-02-11,quickplay,Asia,midtown,All,제트팩 캣,SUPPORT,-1.0,-1.0
2026-02-11,quickplay,Asia,midtown,All,젠야타,SUPPORT,16.7,55.6
2026-02-11,quickplay,Asia,midtown,All,주노,SUPPORT,13.3,49.7
2026-02-11,quickplay,Asia,midtown,All,캐서디,DAMAGE,19.8,45.7
2026-02-11,quickplay,Asia,midtown,All,키리코,SUPPORT,28.1,45.8
2026-02-11,quickplay,Asia,midtown,All,토르비욘,DAMAGE,5.0,56.4
2026-02-11,quickplay,Asia,midtown,All,트레이서,DAMAGE,4.8,46.8
2026-02-11,quickplay,Asia,midtown,All,파라,DAMAGE,5.1,49.1
2026-02-11,quickplay,Asia,midtown,All,프레야,DAMAGE,7.8,44.9
2026-02-11,quickplay,Asia,midtown,All,한조,DAMAGE,12.2,50.1
2026-02-11,quickplay,Asia,midtown,All,해저드,TANK,2.1,46.9
2026-02-11,quickplay,Asia,blizzard-world,All,D.Va,TANK,10.1,47.4
2026-02-11,quickplay,Asia,blizzard-world,All,겐지,DAMAGE,13.7,49.8
2026-02-11,quickplay,Asia,blizzard-world,All,도미나,TANK,-1.0,-1.0
2026-02-11,quickplay,Asia,blizzard-world,All,둠피스트,TANK,12.6,51.3
2026-02-11,quickplay,Asia,blizzard-world,All,라마트라,TANK,6.5,49.1
2026-02-11,quickplay,Asia,blizzard-world,All,라이프위버,SUPPORT,8.6,46.9
2026-02-11,quickplay,Asia,blizzard-world,All,라인하르트,TANK,8.5,52.0
2026-02-11,quickplay,Asia,blizzard-world,All,레킹볼,TANK,4.3,49.6
2026-02-11,quickplay,Asia,blizzard-world,All,로드호그,TANK,4.8,41.0
2026-02-11,quickplay,Asia,blizzard-world,All,루시우,SUPPORT,5.0,47.3
2026-02-11,quickplay,Asia,blizzard-world,All,리퍼,DAMAGE,8.4,50.5
2026-02-11,quickplay,Asia,blizzard-world,All,마우가,TANK,3.7,46.0
2026-02-11,quickplay,Asia,blizzard-world,All,메르시,SUPPORT,14.6,47.0
2026-02-11,quickplay,Asia,blizzard-world,All,메이,DAMAGE,6.3,54.7
2026-02-11,quickplay,Asia,blizzard-world,All,모이라,SUPPORT,13.9,47.0
2026-02-11,quickplay,Asia,blizzard-world,All,미즈키,SUPPORT,-1.0,-1.0
2026-02-11,quickplay,Asia,blizzard-world,All,바스티온,DAMAGE,12.8,49.6
2026-02-11,quickplay,Asia,blizzard-world,All,바티스트,SUPPORT,9.3,48.5
2026-02-11,quickplay,Asia,blizzard-world,All,벤데타,DAMAGE,10.6,53.1
2026-02-11,quickplay,Asia,blizzard-world,All,벤처,DAMAGE,3.4,52.0
2026-02-11,quickplay,Asia,blizzard-world,All,브리기테,SUPPORT,4.0,48.2
2026-02-11,quickplay,Asia,blizzard-world,All,소전,DAMAGE,14.9,46.8
2026-02-11,quickplay,Asia,blizzard-world,All,솔저: 76,DAMAGE,18.2,49.0
2026-02-11,quickplay,Asia,blizzard-world,All,솜브라,DAMAGE,9.3,48.0
2026-02-11,quickplay,Asia,blizzard-world,All,시그마,TANK,16.5,57.6
2026-02-11,quickplay,Asia,blizzard-world,All,시메트라,DAMAGE,3.9,55.7
2026-02-11,quickplay,Asia,blizzard-world,All,아나,SUPPORT,53.0,49.2
2026-02-11,quickplay,Asia,blizzard-world,All,안란,DAMAGE,0.4,50.5
2026-02-11,quickplay,Asia,blizzard-world,All,애쉬,DAMAGE,20.9,53.7
2026-02-11,quickplay,Asia,blizzard-world,All,에코,DAMAGE,5.9,51.5
2026-02-11,quickplay,Asia,blizzard-world,All,엠레,DAMAGE,-1.0,-1.0
2026-02-11,quickplay,Asia,blizzard-world,All,오리사,TANK,11.5,45.1
2026-02-11,quickplay,Asia,blizzard-world,All,우양,SUPPORT,16.7,52.8
2026-02-11,quickplay,Asia,blizzard-world,All,위도우메이커,DAMAGE,7.4,47.6
2026-02-11,quickplay,Asia,blizzard-world,All,윈스턴,TANK,8.0,51.3
2026-02-11,quickplay,Asia,blizzard-world,All,일리아리,SUPPORT,16.4,57.3
2026-02-11,quickplay,Asia,blizzard-world,All,자리야,TANK,7.7,48.8
2026-02-11,quickplay,Asia,blizzard-world,All,정커퀸,TANK,3.1,51.1
2026-02-11,quickplay,Asia,blizzard-world,All,정크랫,DAMAGE,9.4,51.6
2026-02-11,quickplay,Asia,blizzard-world,All,제트팩 캣,SUPPORT,-1.0,-1.0
2026-02-11,quickplay,Asia,blizzard-world,All,젠야타,SUPPORT,15.0,56.0
2026-02-11,quickplay,Asia,blizzard-world,All,주노,SUPPORT,14.1,49.4
2026-02-11,quickplay,Asia,blizzard-world,All,캐서디,DAMAGE,18.4,45.6
2026-02-11,quickplay,Asia,blizzard-world,All,키리코,SUPPORT,29.3,46.8
2026-02-11,quickplay,Asia,blizzard-world,All,토르비욘,DAMAGE,5.5,57.1
2026-02-11,quickplay,Asia,blizzard-world,All,트레이서,DAMAGE,5.7,46.8
2026-02-11,quickplay,Asia,blizzard-world,All,파라,DAMAGE,5.7,49.3
2026-02-11,quickplay,Asia,blizzard-world,All,프레야,DAMAGE,8.5,45.9
2026-02-11,quickplay,Asia,blizzard-world,All,한조,DAMAGE,10.8,50.6
2026-02-11,quickplay,Asia,blizzard-world,All,해저드,TANK,2.7,48.4
2026-02-11,quickplay,Asia,eichenwalde,All,D.Va,TANK,8.0,45.3
2026-02-11,quickplay,Asia,eichenwalde,All,겐지,DAMAGE,13.3,50.1
2026-02-11,quickplay,Asia,eichenwalde,All,도미나,TANK,-1.0,-1.0
2026-02-11,quickplay,Asia,eichenwalde,All,둠피스트,TANK,12.4,50.8
2026-02-11,quickplay,Asia,eichenwalde,All,라마트라,TANK,7.2,49.5
2026-02-11,quickplay,Asia,eichenwalde,All,라이프위버,SUPPORT,7.5,46.9
2026-02-11,quickplay,Asia,eichenwalde,All,라인하르트,TANK,12.6,53.3
2026-02-11,quickplay,Asia,eichenwalde,All,레킹볼,TANK,3.6,48.5
2026-02-11,quickplay,Asia,eichenwalde,All,로드호그,TANK,5.1,41.8
2026-02-11,quickplay,Asia,eichenwalde,All,루시우,SUPPORT,5.3,48.5
2026-02-11,quickplay,Asia,eichenwalde,All,리퍼,DAMAGE,8.2,52.0
2026-02-11,quickplay,Asia,eichenwalde,All,마우가,TANK,3.5,46.4
2026-02-11,quickplay,Asia,eichenwalde,All,메르시,SUPPORT,13.7,47.1
2026-02-11,quickplay,Asia,eichenwalde,All,메이,DAMAGE,7.0,55.0
2026-02-11,quickplay,Asia,eichenwalde,All,모이라,SUPPORT,13.5,48.0
2026-02-11,quickplay,Asia,eichenwalde,All,미즈키,SUPPORT,-1.0,-1.0
2026-02-11,quickplay,Asia,eichenwalde,All,바스티온,DAMAGE,14.1,49.7
2026-02-11,quickplay,Asia,eichenwalde,All,바티스트,SUPPORT,9.8,47.5
2026-02-11,quickplay,Asia,eichenwalde,All,벤데타,DAMAGE,10.7,53.6
2026-02-11,quickplay,Asia,eichenwalde,All,벤처,DAMAGE,3.6,54.1
2026-02-11,quickplay,Asia,eichenwalde,All,브리기테,SUPPORT,3.8,50.9
2026-02-11,quickplay,Asia,eichenwalde,All,소전,DAMAGE,13.7,44.7
2026-02-11,quickplay,Asia,eichenwalde,All,솔저: 76,DAMAGE,16.3,46.9
2026-02-11,quickplay,Asia,eichenwalde,All,솜브라,DAMAGE,7.4,45.7
2026-02-11,quickplay,Asia,eichenwalde,All,시그마,TANK,16.2,57.1
2026-02-11,quickplay,Asia,eichenwalde,All,시메트라,DAMAGE,5.5,57.6
2026-02-11,quickplay,Asia,eichenwalde,All,아나,SUPPORT,53.5,49.2
2026-02-11,quickplay,Asia,eichenwalde,All,안란,DAMAGE,0.5,53.4
2026-02-11,quickplay,Asia,eichenwalde,All,애쉬,DAMAGE,17.4,51.4
2026-02-11,quickplay,Asia,eichenwalde,All,에코,DAMAGE,7.0,52.3
2026-02-11,quickplay,Asia,eichenwalde,All,엠레,DAMAGE,-1.0,-1.0
2026-02-11,quickplay,Asia,eichenwalde,All,오리사,TANK,11.0,45.6
2026-02-11,quickplay,Asia,eichenwalde,All,우양,SUPPORT,16.9,52.4
2026-02-11,quickplay,Asia,eichenwalde,All,위도우메이커,DAMAGE,3.4,42.8
2026-02-11,quickplay,Asia,eichenwalde,All,윈스턴,TANK,4.8,47.5
2026-02-11,quickplay,Asia,eichenwalde,All,일리아리,SUPPORT,17.6,56.6
2026-02-11,quickplay,Asia,eichenwalde,All,자리야,TANK,9.6,50.4
2026-02-11,quickplay,Asia,eichenwalde,All,정커퀸,TANK,3.6,53.3
2026-02-11,quickplay,Asia,eichenwalde,All,정크랫,DAMAGE,12.9,53.6
2026-02-11,quickplay,Asia,eichenwalde,All,제트팩 캣,SUPPORT,-1.0,-1.0
2026-02-11,quickplay,Asia,eichenwalde,All,젠야타,SUPPORT,17.6,55.9
2026-02-11,quickplay,Asia,eichenwalde,All,주노,SUPPORT,12.6,49.2
2026-02-11,quickplay,Asia,eichenwalde,All,캐서디,DAMAGE,19.4,44.8
2026-02-11,quickplay,Asia,eichenwalde,All,키리코,SUPPORT,28.1,45.9
2026-02-11,quickplay,Asia,eichenwalde,All,토르비욘,DAMAGE,7.7,59.0
2026-02-11,quickplay,Asia,eichenwalde,All,트레이서,DAMAGE,4.3,45.6
2026-02-11,quickplay,Asia,eichenwalde,All,파라,DAMAGE,8.5,50.6
2026-02-11,quickplay,Asia,eichenwalde,All,프레야,DAMAGE,7.4,45.7
2026-02-11,quickplay,Asia,eichenwalde,All,한조,DAMAGE,11.7,50.4
2026-02-11,quickplay,Asia,eichenwalde,All,해저드,TANK,2.4,48.4
2026-02-11,quickplay,Asia,kings-row,All,D.Va,TANK,7.4,44.9
2026-02-11,quickplay,Asia,kings-row,All,겐지,DAMAGE,14.3,51.3
2026-02-11,quickplay,Asia,kings-row,All,도미나,TANK,-1.0,-1.0
2026-02-11,quickplay,Asia,kings-row,All,둠피스트,TANK,12.3,52.7
2026-02-11,quickplay,Asia,kings-row,All,라마트라,TANK,7.8,47.7
2026-02-11,quickplay,Asia,kings-row,All,라이프위버,SUPPORT,7.9,46.4
2026-02-11,quickplay,Asia,kings-row,All,라인하르트,TANK,13.1,53.6
2026-02-11,quickplay,Asia,kings-row,All,레킹볼,TANK,2.9,51.3
2026-02-11,quickplay,Asia,kings-row,All,로드호그,TANK,4.6,40.1
2026-02-11,quickplay,Asia,kings-row,All,루시우,SUPPORT,4.8,48.2
2026-02-11,quickplay,Asia,kings-row,All,리퍼,DAMAGE,8.1,51.9
2026-02-11,quickplay,Asia,kings-row,All,마우가,TANK,3.5,45.2
2026-02-11,quickplay,Asia,kings-row,All,메르시,SUPPORT,12.6,47.3
2026-02-11,quickplay,Asia,kings-row,All,메이,DAMAGE,8.4,54.2
2026-02-11,quickplay,Asia,kings-row,All,모이라,SUPPORT,12.2,47.9
2026-02-11,quickplay,Asia,kings-row,All,미즈키,SUPPORT,-1.0,-1.0
2026-02-11,quickplay,Asia,kings-row,All,바스티온,DAMAGE,14.4,50.2
2026-02-11,quickplay,Asia,kings-row,All,바티스트,SUPPORT,10.2,47.9
2026-02-11,quickplay,Asia,kings-row,All,벤데타,DAMAGE,10.3,54.8
2026-02-11,quickplay,Asia,kings-row,All,벤처,DAMAGE,3.5,53.6
2026-02-11,quickplay,Asia,kings-row,All,브리기테,SUPPORT,3.7,48.0
2026-02-11,quickplay,Asia,kings-row,All,소전,DAMAGE,14.9,45.3
2026-02-11,quickplay,Asia,kings-row,All,솔저: 76,DAMAGE,15.4,46.7
2026-02-11,quickplay,Asia,kings-row,All,솜브라,DAMAGE,6.6,47.3
2026-02-11,quickplay,Asia,kings-row,All,시그마,TANK,15.4,55.8
2026-02-11,quickplay,Asia,kings-row,All,시메트라,DAMAGE,4.9,54.0
2026-02-11,quickplay,Asia,kings-row,All,아나,SUPPORT,57.7,49.2
2026-02-11,quickplay,Asia,kings-row,All,안란,DAMAGE,0.5,49.7
2026-02-11,quickplay,Asia,kings-row,All,애쉬,DAMAGE,19.6,52.6
2026-02-11,quickplay,Asia,kings-row,All,에코,DAMAGE,5.4,50.9
2026-02-11,quickplay,Asia,kings-row,All,엠레,DAMAGE,-1.0,-1.0
2026-02-11,quickplay,Asia,kings-row,All,오리사,TANK,10.8,44.8
2026-02-11,quickplay,Asia,kings-row,All,우양,SUPPORT,16.6,52.0
2026-02-11,quickplay,Asia,kings-row,All,위도우메이커,DAMAGE,9.8,51.3
2026-02-11,quickplay,Asia,kings-row,All,윈스턴,TANK,5.3,48.7
2026-02-11,quickplay,Asia,kings-row,All,일리아리,SUPPORT,17.5,55.9
2026-02-11,quickplay,Asia,kings-row,All,자리야,TANK,11.1,51.6
2026-02-11,quickplay,Asia,kings-row,All,정커퀸,TANK,3.7,53.4
2026-02-11,quickplay,Asia,kings-row,All,정크랫,DAMAGE,11.0,51.1
2026-02-11,quickplay,Asia,kings-row,All,제트팩 캣,SUPPORT,-1.0,-1.0
2026-02-11,quickplay,Asia,kings-row,All,젠야타,SUPPORT,17.7,56.4
2026-02-11,quickplay,Asia,kings-row,All,주노,SUPPORT,12.2,50.1
2026-02-11,quickplay,Asia,kings-row,All,캐서디,DAMAGE,18.7,45.2
2026-02-11,quickplay,Asia,kings-row,All,키리코,SUPPORT,27.1,46.1
2026-02-11,quickplay,Asia,kings-row,All,토르비욘,DAMAGE,4.3,53.3
2026-02-11,quickplay,Asia,kings-row,All,트레이서,DAMAGE,4.0,47.1
2026-02-11,quickplay,Asia,kings-row,All,파라,DAMAGE,6.4,50.7
2026-02-11,quickplay,Asia,kings-row,All,프레야,DAMAGE,7.5,45.4
2026-02-11,quickplay,Asia,kings-row,All,한조,DAMAGE,12.0,50.8
2026-02-11,quickplay,Asia,kings-row,All,해저드,TANK,2.1,47.3
2026-02-11,quickplay,Asia,paraiso,All,D.Va,TANK,12.3,49.5
2026-02-11,quickplay,Asia,paraiso,All,겐지,DAMAGE,14.4,49.1
2026-02-11,quickplay,Asia,paraiso,All,도미나,TANK,-1.0,-1.0
2026-02-11,quickplay,Asia,paraiso,All,둠피스트,TANK,11.9,49.2
2026-02-11,quickplay,Asia,paraiso,All,라마트라,TANK,6.5,49.8
2026-02-11,quickplay,Asia,paraiso,All,라이프위버,SUPPORT,9.3,48.6
2026-02-11,quickplay,Asia,paraiso,All,라인하르트,TANK,7.6,50.8
2026-02-11,quickplay,Asia,paraiso,All,레킹볼,TANK,3.4,48.2
2026-02-11,quickplay,Asia,paraiso,All,로드호그,TANK,4.8,43.3
2026-02-11,quickplay,Asia,paraiso,All,루시우,SUPPORT,5.2,46.7
2026-02-11,quickplay,Asia,paraiso,All,리퍼,DAMAGE,9.0,52.3
2026-02-11,quickplay,Asia,paraiso,All,마우가,TANK,3.9,46.9
2026-02-11,quickplay,Asia,paraiso,All,메르시,SUPPORT,14.2,47.3
2026-02-11,quickplay,Asia,paraiso,All,메이,DAMAGE,6.1,54.3
2026-02-11,quickplay,Asia,paraiso,All,모이라,SUPPORT,13.6,49.4
2026-02-11,quickplay,Asia,paraiso,All,미즈키,SUPPORT,-1.0,-1.0
2026-02-11,quickplay,Asia,paraiso,All,바스티온,DAMAGE,13.4,50.7
2026-02-11,quickplay,Asia,paraiso,All,바티스트,SUPPORT,10.4,49.6
2026-02-11,quickplay,Asia,paraiso,All,벤데타,DAMAGE,11.5,53.3
2026-02-11,quickplay,Asia,paraiso,All,벤처,DAMAGE,3.4,52.0
2026-02-11,quickplay,Asia,paraiso,All,브리기테,SUPPORT,4.2,51.1
2026-02-11,quickplay,Asia,paraiso,All,소전,DAMAGE,15.1,44.9
2026-02-11,quickplay,Asia,paraiso,All,솔저: 76,DAMAGE,17.3,49.2
2026-02-11,quickplay,Asia,paraiso,All,솜브라,DAMAGE,7.7,47.5
2026-02-11,quickplay,Asia,paraiso,All,시그마,TANK,15.6,57.1
2026-02-11,quickplay,Asia,paraiso,All,시메트라,DAMAGE,4.3,55.6
2026-02-11,quickplay,Asia,paraiso,All,아나,SUPPORT,50.3,48.1
2026-02-11,quickplay,Asia,paraiso,All,안란,DAMAGE,0.4,49.8
2026-02-11,quickplay,Asia,paraiso,All,애쉬,DAMAGE,22.1,54.1
2026-02-11,quickplay,Asia,paraiso,All,에코,DAMAGE,7.5,51.7
2026-02-11,quickplay,Asia,paraiso,All,엠레,DAMAGE,-1.0,-1.0
2026-02-11,quickplay,Asia,paraiso,All,오리사,TANK,11.1,46.8
2026-02-11,quickplay,Asia,paraiso,All,우양,SUPPORT,16.7,52.7
2026-02-11,quickplay,Asia,paraiso,All,위도우메이커,DAMAGE,4.7,44.0
2026-02-11,quickplay,Asia,paraiso,All,윈스턴,TANK,8.0,50.5
2026-02-11,quickplay,Asia,paraiso,All,일리아리,SUPPORT,16.7,57.5
2026-02-11,quickplay,Asia,paraiso,All,자리야,TANK,7.7,48.0
2026-02-11,quickplay,Asia,paraiso,All,정커퀸,TANK,3.6,54.5
2026-02-11,quickplay,Asia,paraiso,All,정크랫,DAMAGE,9.3,50.9
2026-02-11,quickplay,Asia,paraiso,All,제트팩 캣,SUPPORT,-1.0,-1.0
2026-02-11,quickplay,Asia,paraiso,All,젠야타,SUPPORT,13.9,54.5
2026-02-11,quickplay,Asia,paraiso,All,주노,SUPPORT,14.8,49.9
2026-02-11,quickplay,Asia,paraiso,All,캐서디,DAMAGE,18.9,46.0
2026-02-11,quickplay,Asia,paraiso,All,키리코,SUPPORT,30.7,46.1
2026-02-11,quickplay,Asia,paraiso,All,토르비욘,DAMAGE,5.5,58.6
2026-02-11,quickplay,Asia,paraiso,All,트레이서,DAMAGE,4.3,43.7
2026-02-11,quickplay,Asia,paraiso,All,파라,DAMAGE,6.5,50.5
2026-02-11,quickplay,Asia,paraiso,All,프레야,DAMAGE,8.8,46.2
2026-02-11,quickplay,Asia,paraiso,All,한조,DAMAGE,9.7,49.6
2026-02-11,quickplay,Asia,paraiso,All,해저드,TANK,3.4,46.7
2026-02-11,quickplay,Asia,hollywood,All,D.Va,TANK,10.8,47.7
2026-02-11,quickplay,Asia,hollywood,All,겐지,DAMAGE,14.6,51.3
2026-02-11,quickplay,Asia,hollywood,All,도미나,TANK,-1.0,-1.0
2026-02-11,quickplay,Asia,hollywood,All,둠피스트,TANK,12.8,49.8
2026-02-11,quickplay,Asia,hollywood,All,라마트라,TANK,6.5,49.7
2026-02-11,quickplay,Asia,hollywood,All,라이프위버,SUPPORT,8.4,48.1
2026-02-11,quickplay,Asia,hollywood,All,라인하르트,TANK,8.7,50.9
2026-02-11,quickplay,Asia,hollywood,All,레킹볼,TANK,3.5,50.3
2026-02-11,quickplay,Asia,hollywood,All,로드호그,TANK,4.9,42.1
2026-02-11,quickplay,Asia,hollywood,All,루시우,SUPPORT,4.6,47.4
2026-02-11,quickplay,Asia,hollywood,All,리퍼,DAMAGE,8.9,52.3
2026-02-11,quickplay,Asia,hollywood,All,마우가,TANK,3.5,47.2
2026-02-11,quickplay,Asia,hollywood,All,메르시,SUPPORT,14.1,48.7
2026-02-11,quickplay,Asia,hollywood,All,메이,DAMAGE,6.6,54.5
2026-02-11,quickplay,Asia,hollywood,All,모이라,SUPPORT,12.7,48.3
2026-02-11,quickplay,Asia,hollywood,All,미즈키,SUPPORT,-1.0,-1.0
2026-02-11,quickplay,Asia,hollywood,All,바스티온,DAMAGE,12.8,48.9
2026-02-11,quickplay,Asia,hollywood,All,바티스트,SUPPORT,9.8,47.8
2026-02-11,quickplay,Asia,hollywood,All,벤데타,DAMAGE,10.9,54.9
2026-02-11,quickplay,Asia,hollywood,All,벤처,DAMAGE,3.4,52.4
2026-02-11,quickplay,Asia,hollywood,All,브리기테,SUPPORT,4.0,48.9
2026-02-11,quickplay,Asia,hollywood,All,소전,DAMAGE,14.1,44.5
2026-02-11,quickplay,Asia,hollywood,All,솔저: 76,DAMAGE,16.9,47.9
2026-02-11,quickplay,Asia,hollywood,All,솜브라,DAMAGE,7.7,46.4
2026-02-11,quickplay,Asia,hollywood,All,시그마,TANK,15.8,56.7
2026-02-11,quickplay,Asia,hollywood,All,시메트라,DAMAGE,4.9,55.7
2026-02-11,quickplay,Asia,hollywood,All,아나,SUPPORT,55.0,48.8
2026-02-11,quickplay,Asia,hollywood,All,안란,DAMAGE,0.5,52.1
2026-02-11,quickplay,Asia,hollywood,All,애쉬,DAMAGE,22.1,53.4
2026-02-11,quickplay,Asia,hollywood,All,에코,DAMAGE,5.9,51.2
2026-02-11,quickplay,Asia,hollywood,All,엠레,DAMAGE,-1.0,-1.0
2026-02-11,quickplay,Asia,hollywood,All,오리사,TANK,10.3,45.0
2026-02-11,quickplay,Asia,hollywood,All,우양,SUPPORT,16.6,52.6
2026-02-11,quickplay,Asia,hollywood,All,위도우메이커,DAMAGE,6.7,45.4
2026-02-11,quickplay,Asia,hollywood,All,윈스턴,TANK,7.9,51.6
2026-02-11,quickplay,Asia,hollywood,All,일리아리,SUPPORT,17.6,56.7
2026-02-11,quickplay,Asia,hollywood,All,자리야,TANK,9.1,50.4
2026-02-11,quickplay,Asia,hollywood,All,정커퀸,TANK,3.4,53.7
2026-02-11,quickplay,Asia,hollywood,All,정크랫,DAMAGE,10.0,52.6
2026-02-11,quickplay,Asia,hollywood,All,제트팩 캣,SUPPORT,-1.0,-1.0
2026-02-11,quickplay,Asia,hollywood,All,젠야타,SUPPORT,15.3,54.9
2026-02-11,quickplay,Asia,hollywood,All,주노,SUPPORT,13.1,49.4
2026-02-11,quickplay,Asia,hollywood,All,캐서디,DAMAGE,19.7,45.9
2026-02-11,quickplay,Asia,hollywood,All,키리코,SUPPORT,28.8,46.1
2026-02-11,quickplay,Asia,hollywood,All,토르비욘,DAMAGE,5.0,56.4
2026-02-11,quickplay,Asia,hollywood,All,트레이서,DAMAGE,4.5,48.1
2026-02-11,quickplay,Asia,hollywood,All,파라,DAMAGE,5.8,50.0
2026-02-11,quickplay,Asia,hollywood,All,프레야,DAMAGE,7.9,45.8
2026-02-11,quickplay,Asia,hollywood,All,한조,DAMAGE,11.0,49.9
2026-02-11,quickplay,Asia,hollywood,All,해저드,TANK,2.8,49.0
2026-02-11,quickplay,Asia,new-queen-street,All,D.Va,TANK,8.6,48.8
2026-02-11,quickplay,Asia,new-queen-street,All,겐지,DAMAGE,15.5,50.9
2026-02-11,quickplay,Asia,new-queen-street,All,도미나,TANK,-1.0,-1.0
2026-02-11,quickplay,Asia,new-queen-street,All,둠피스트,TANK,14.6,50.0
2026-02-11,quickplay,Asia,new-queen-street,All,라마트라,TANK,6.4,49.2
2026-02-11,quickplay,Asia,new-queen-street,All,라이프위버,SUPPORT,8.1,46.7
2026-02-11,quickplay,Asia,new-queen-street,All,라인하르트,TANK,9.8,54.0
2026-02-11,quickplay,Asia,new-queen-street,All,레킹볼,TANK,5.7,50.2
2026-02-11,quickplay,Asia,new-queen-street,All,로드호그,TANK,5.0,41.8
2026-02-11,quickplay,Asia,new-queen-street,All,루시우,SUPPORT,7.2,50.4
2026-02-11,quickplay,Asia,new-queen-street,All,리퍼,DAMAGE,8.8,53.2
2026-02-11,quickplay,Asia,new-queen-street,All,마우가,TANK,4.5,48.5
2026-02-11,quickplay,Asia,new-queen-street,All,메르시,SUPPORT,11.7,47.5
2026-02-11,quickplay,Asia,new-queen-street,All,메이,DAMAGE,5.8,53.4
2026-02-11,quickplay,Asia,new-queen-street,All,모이라,SUPPORT,15.6,49.3
2026-02-11,quickplay,Asia,new-queen-street,All,미즈키,SUPPORT,-1.0,-1.0
2026-02-11,quickplay,Asia,new-queen-street,All,바스티온,DAMAGE,12.1,49.2
2026-02-11,quickplay,Asia,new-queen-street,All,바티스트,SUPPORT,8.2,49.1
2026-02-11,quickplay,Asia,new-queen-street,All,벤데타,DAMAGE,12.8,53.7
2026-02-11,quickplay,Asia,new-queen-street,All,벤처,DAMAGE,3.8,52.2
2026-02-11,quickplay,Asia,new-queen-street,All,브리기테,SUPPORT,6.2,48.2
2026-02-11,quickplay,Asia,new-queen-street,All,소전,DAMAGE,16.9,46.4
2026-02-11,quickplay,Asia,new-queen-street,All,솔저: 76,DAMAGE,23.2,52.9
2026-02-11,quickplay,Asia,new-queen-street,All,솜브라,DAMAGE,11.1,50.8
2026-02-11,quickplay,Asia,new-queen-street,All,시그마,TANK,10.1,54.6
2026-02-11,quickplay,Asia,new-queen-street,All,시메트라,DAMAGE,2.2,52.1
2026-02-11,quickplay,Asia,new-queen-street,All,아나,SUPPORT,48.0,47.1
2026-02-11,quickplay,Asia,new-queen-street,All,안란,DAMAGE,0.5,50.4
2026-02-11,quickplay,Asia,new-queen-street,All,애쉬,DAMAGE,15.1,50.6
2026-02-11,quickplay,Asia,new-queen-street,All,에코,DAMAGE,6.0,50.0
2026-02-11,quickplay,Asia,new-queen-street,All,엠레,DAMAGE,-1.0,-1.0
2026-02-11,quickplay,Asia,new-queen-street,All,오리사,TANK,11.2,45.6
2026-02-11,quickplay,Asia,new-queen-street,All,우양,SUPPORT,19.1,54.7
2026-02-11,quickplay,Asia,new-queen-street,All,위도우메이커,DAMAGE,3.1,42.5
2026-02-11,quickplay,Asia,new-queen-street,All,윈스턴,TANK,6.0,50.6
2026-02-11,quickplay,Asia,new-queen-street,All,일리아리,SUPPORT,11.3,55.2
2026-02-11,quickplay,Asia,new-queen-street,All,자리야,TANK,8.5,48.8
2026-02-11,quickplay,Asia,new-queen-street,All,정커퀸,TANK,6.7,56.3
2026-02-11,quickplay,Asia,new-queen-street,All,정크랫,DAMAGE,6.2,47.7
2026-02-11,quickplay,Asia,new-queen-street,All,제트팩 캣,SUPPORT,-1.0,-1.0
2026-02-11,quickplay,Asia,new-queen-street,All,젠야타,SUPPORT,12.8,54.2
2026-02-11,quickplay,Asia,new-queen-street,All,주노,SUPPORT,17.2,51.3
2026-02-11,quickplay,Asia,new-queen-street,All,캐서디,DAMAGE,24.3,47.1
2026-02-11,quickplay,Asia,new-queen-street,All,키리코,SUPPORT,34.5,48.0
2026-02-11,quickplay,Asia,new-queen-street,All,토르비욘,DAMAGE,3.3,52.9
2026-02-11,quickplay,Asia,new-queen-street,All,트레이서,DAMAGE,9.7,49.7
2026-02-11,quickplay,Asia,new-queen-street,All,파라,DAMAGE,4.9,48.5
2026-02-11,quickplay,Asia,new-queen-street,All,프레야,DAMAGE,6.9,45.6
2026-02-11,quickplay,Asia,new-queen-street,All,한조,DAMAGE,7.7,50.0
2026-02-11,quickplay,Asia,new-queen-street,All,해저드,TANK,3.0,48.0
2026-02-11,quickplay,Asia,runasapi,All,D.Va,TANK,7.7,48.4
2026-02-11,quickplay,Asia,runasapi,All,겐지,DAMAGE,15.1,50.2
2026-02-11,quickplay,Asia,runasapi,All,도미나,TANK,-1.0,-1.0
2026-02-11,quickplay,Asia,runasapi,All,둠피스트,TANK,14.2,49.5
2026-02-11,quickplay,Asia,runasapi,All,라마트라,TANK,6.8,49.2
2026-02-11,quickplay,Asia,runasapi,All,라이프위버,SUPPORT,7.9,46.6
2026-02-11,quickplay,Asia,runasapi,All,라인하르트,TANK,10.0,54.8
2026-02-11,quickplay,Asia,runasapi,All,레킹볼,TANK,5.3,50.6
2026-02-11,quickplay,Asia,runasapi,All,로드호그,TANK,4.8,42.4
2026-02-11,quickplay,Asia,runasapi,All,루시우,SUPPORT,7.8,51.5
2026-02-11,quickplay,Asia,runasapi,All,리퍼,DAMAGE,9.0,53.7
2026-02-11,quickplay,Asia,runasapi,All,마우가,TANK,4.8,48.0
2026-02-11,quickplay,Asia,runasapi,All,메르시,SUPPORT,11.3,47.6
2026-02-11,quickplay,Asia,runasapi,All,메이,DAMAGE,5.9,53.0
2026-02-11,quickplay,Asia,runasapi,All,모이라,SUPPORT,15.3,49.1
2026-02-11,quickplay,Asia,runasapi,All,미즈키,SUPPORT,-1.0,-1.0
2026-02-11,quickplay,Asia,runasapi,All,바스티온,DAMAGE,12.7,50.6
2026-02-11,quickplay,Asia,runasapi,All,바티스트,SUPPORT,8.3,47.8
2026-02-11,quickplay,Asia,runasapi,All,벤데타,DAMAGE,13.3,54.2
2026-02-11,quickplay,Asia,runasapi,All,벤처,DAMAGE,4.3,53.8
2026-02-11,quickplay,Asia,runasapi,All,브리기테,SUPPORT,6.7,48.2
2026-02-11,quickplay,Asia,runasapi,All,소전,DAMAGE,17.7,46.2
2026-02-11,quickplay,Asia,runasapi,All,솔저: 76,DAMAGE,21.0,51.6
2026-02-11,quickplay,Asia,runasapi,All,솜브라,DAMAGE,10.5,50.8
2026-02-11,quickplay,Asia,runasapi,All,시그마,TANK,10.2,54.6
2026-02-11,quickplay,Asia,runasapi,All,시메트라,DAMAGE,2.5,51.8
2026-02-11,quickplay,Asia,runasapi,All,아나,SUPPORT,47.1,47.0
2026-02-11,quickplay,Asia,runasapi,All,안란,DAMAGE,0.5,60.1
2026-02-11,quickplay,Asia,runasapi,All,애쉬,DAMAGE,14.2,49.7
2026-02-11,quickplay,Asia,runasapi,All,에코,DAMAGE,6.1,50.1
2026-02-11,quickplay,Asia,runasapi,All,엠레,DAMAGE,-1.0,-1.0
2026-02-11,quickplay,Asia,runasapi,All,오리사,TANK,11.4,44.7
2026-02-11,quickplay,Asia,runasapi,All,우양,SUPPORT,19.4,55.3
2026-02-11,quickplay,Asia,runasapi,All,위도우메이커,DAMAGE,2.6,40.2
2026-02-11,quickplay,Asia,runasapi,All,윈스턴,TANK,5.5,51.2
2026-02-11,quickplay,Asia,runasapi,All,일리아리,SUPPORT,11.7,56.1
2026-02-11,quickplay,Asia,runasapi,All,자리야,TANK,8.7,48.2
2026-02-11,quickplay,Asia,runasapi,All,정커퀸,TANK,7.3,56.5
2026-02-11,quickplay,Asia,runasapi,All,정크랫,DAMAGE,6.6,49.1
2026-02-11,quickplay,Asia,runasapi,All,제트팩 캣,SUPPORT,-1.0,-1.0
2026-02-11,quickplay,Asia,runasapi,All,젠야타,SUPPORT,12.2,53.5
2026-02-11,quickplay,Asia,runasapi,All,주노,SUPPORT,18.5,51.8
2026-02-11,quickplay,Asia,runasapi,All,캐서디,DAMAGE,25.6,47.8
2026-02-11,quickplay,Asia,runasapi,All,키리코,SUPPORT,33.9,47.3
2026-02-11,quickplay,Asia,runasapi,All,토르비욘,DAMAGE,3.4,54.4
2026-02-11,quickplay,Asia,runasapi,All,트레이서,DAMAGE,9.9,50.1
2026-02-11,quickplay,Asia,runasapi,All,파라,DAMAGE,4.9,47.0
2026-02-11,quickplay,Asia,runasapi,All,프레야,DAMAGE,7.2,45.3
2026-02-11,quickplay,Asia,runasapi,All,한조,DAMAGE,7.1,50.1
2026-02-11,quickplay,Asia,runasapi,All,해저드,TANK,3.2,49.4
2026-02-11,quickplay,Asia,esperanca,All,D.Va,TANK,9.0,49.2
2026-02-11,quickplay,Asia,esperanca,All,겐지,DAMAGE,16.4,50.5
2026-02-11,quickplay,Asia,esperanca,All,도미나,TANK,-1.0,-1.0
2026-02-11,quickplay,Asia,esperanca,All,둠피스트,TANK,14.4,50.2
2026-02-11,quickplay,Asia,esperanca,All,라마트라,TANK,6.4,48.8
2026-02-11,quickplay,Asia,esperanca,All,라이프위버,SUPPORT,8.3,46.9
2026-02-11,quickplay,Asia,esperanca,All,라인하르트,TANK,9.7,54.4
2026-02-11,quickplay,Asia,esperanca,All,레킹볼,TANK,5.4,50.6
2026-02-11,quickplay,Asia,esperanca,All,로드호그,TANK,4.9,41.8
2026-02-11,quickplay,Asia,esperanca,All,루시우,SUPPORT,7.6,50.6
2026-02-11,quickplay,Asia,esperanca,All,리퍼,DAMAGE,9.1,53.6
2026-02-11,quickplay,Asia,esperanca,All,마우가,TANK,4.5,48.3
2026-02-11,quickplay,Asia,esperanca,All,메르시,SUPPORT,11.9,49.0
2026-02-11,quickplay,Asia,esperanca,All,메이,DAMAGE,5.9,52.2
2026-02-11,quickplay,Asia,esperanca,All,모이라,SUPPORT,15.5,49.3
2026-02-11,quickplay,Asia,esperanca,All,미즈키,SUPPORT,-1.0,-1.0
2026-02-11,quickplay,Asia,esperanca,All,바스티온,DAMAGE,12.0,50.2
2026-02-11,quickplay,Asia,esperanca,All,바티스트,SUPPORT,8.1,47.7
2026-02-11,quickplay,Asia,esperanca,All,벤데타,DAMAGE,13.5,53.6
2026-02-11,quickplay,Asia,esperanca,All,벤처,DAMAGE,3.9,52.2
2026-02-11,quickplay,Asia,esperanca,All,브리기테,SUPPORT,6.4,48.6
2026-02-11,quickplay,Asia,esperanca,All,소전,DAMAGE,16.6,46.0
2026-02-11,quickplay,Asia,esperanca,All,솔저: 76,DAMAGE,20.5,51.5
2026-02-11,quickplay,Asia,esperanca,All,솜브라,DAMAGE,10.8,50.8
2026-02-11,quickplay,Asia,esperanca,All,시그마,TANK,9.9,54.9
2026-02-11,quickplay,Asia,esperanca,All,시메트라,DAMAGE,2.6,52.0
2026-02-11,quickplay,Asia,esperanca,All,아나,SUPPORT,47.2,47.2
2026-02-11,quickplay,Asia,esperanca,All,안란,DAMAGE,0.5,51.4
2026-02-11,quickplay,Asia,esperanca,All,애쉬,DAMAGE,15.0,50.4
2026-02-11,quickplay,Asia,esperanca,All,에코,DAMAGE,6.7,51.8
2026-02-11,quickplay,Asia,esperanca,All,엠레,DAMAGE,-1.0,-1.0
2026-02-11,quickplay,Asia,esperanca,All,오리사,TANK,10.9,44.3
2026-02-11,quickplay,Asia,esperanca,All,우양,SUPPORT,19.1,54.8
2026-02-11,quickplay,Asia,esperanca,All,위도우메이커,DAMAGE,2.7,41.6
2026-02-11,quickplay,Asia,esperanca,All,윈스턴,TANK,7.0,52.0
2026-02-11,quickplay,Asia,esperanca,All,일리아리,SUPPORT,11.4,55.0
2026-02-11,quickplay,Asia,esperanca,All,자리야,TANK,8.0,47.5
2026-02-11,quickplay,Asia,esperanca,All,정커퀸,TANK,6.6,56.1
2026-02-11,quickplay,Asia,esperanca,All,정크랫,DAMAGE,6.9,50.4
2026-02-11,quickplay,Asia,esperanca,All,제트팩 캣,SUPPORT,-1.0,-1.0
2026-02-11,quickplay,Asia,esperanca,All,젠야타,SUPPORT,12.2,53.3
2026-02-11,quickplay,Asia,esperanca,All,주노,SUPPORT,17.6,50.9
2026-02-11,quickplay,Asia,esperanca,All,캐서디,DAMAGE,24.3,47.0
2026-02-11,quickplay,Asia,esperanca,All,키리코,SUPPORT,34.8,48.2
2026-02-11,quickplay,Asia,esperanca,All,토르비욘,DAMAGE,3.4,52.3
2026-02-11,quickplay,Asia,esperanca,All,트레이서,DAMAGE,9.5,49.9
2026-02-11,quickplay,Asia,esperanca,All,파라,DAMAGE,5.2,48.0
2026-02-11,quickplay,Asia,esperanca,All,프레야,DAMAGE,7.2,46.6
2026-02-11,quickplay,Asia,esperanca,All,한조,DAMAGE,7.1,49.7
2026-02-11,quickplay,Asia,esperanca,All,해저드,TANK,3.2,48.7
2026-02-11,quickplay,Asia,colosseo,All,D.Va,TANK,7.5,46.3
2026-02-11,quickplay,Asia,colosseo,All,겐지,DAMAGE,15.0,51.9
2026-02-11,quickplay,Asia,colosseo,All,도미나,TANK,-1.0,-1.0
2026-02-11,quickplay,Asia,colosseo,All,둠피스트,TANK,14.2,51.2
2026-02-11,quickplay,Asia,colosseo,All,라마트라,TANK,7.0,49.4
2026-02-11,quickplay,Asia,colosseo,All,라이프위버,SUPPORT,8.0,46.8
2026-02-11,quickplay,Asia,colosseo,All,라인하르트,TANK,10.2,54.5
2026-02-11,quickplay,Asia,colosseo,All,레킹볼,TANK,5.1,51.6
2026-02-11,quickplay,Asia,colosseo,All,로드호그,TANK,4.7,42.2
2026-02-11,quickplay,Asia,colosseo,All,루시우,SUPPORT,6.7,52.8
2026-02-11,quickplay,Asia,colosseo,All,리퍼,DAMAGE,8.5,52.8
2026-02-11,quickplay,Asia,colosseo,All,마우가,TANK,4.3,47.8
2026-02-11,quickplay,Asia,colosseo,All,메르시,SUPPORT,11.9,48.0
2026-02-11,quickplay,Asia,colosseo,All,메이,DAMAGE,6.1,53.2
2026-02-11,quickplay,Asia,colosseo,All,모이라,SUPPORT,14.5,48.9
2026-02-11,quickplay,Asia,colosseo,All,미즈키,SUPPORT,-1.0,-1.0
2026-02-11,quickplay,Asia,colosseo,All,바스티온,DAMAGE,12.6,48.6
2026-02-11,quickplay,Asia,colosseo,All,바티스트,SUPPORT,8.1,46.8
2026-02-11,quickplay,Asia,colosseo,All,벤데타,DAMAGE,13.1,55.7
2026-02-11,quickplay,Asia,colosseo,All,벤처,DAMAGE,3.7,54.8
2026-02-11,quickplay,Asia,colosseo,All,브리기테,SUPPORT,5.4,49.0
2026-02-11,quickplay,Asia,colosseo,All,소전,DAMAGE,16.8,46.5
2026-02-11,quickplay,Asia,colosseo,All,솔저: 76,DAMAGE,18.4,49.6
2026-02-11,quickplay,Asia,colosseo,All,솜브라,DAMAGE,10.1,50.5
2026-02-11,quickplay,Asia,colosseo,All,시그마,TANK,12.0,54.4
2026-02-11,quickplay,Asia,colosseo,All,시메트라,DAMAGE,2.3,52.2
2026-02-11,quickplay,Asia,colosseo,All,아나,SUPPORT,52.3,47.8
2026-02-11,quickplay,Asia,colosseo,All,안란,DAMAGE,0.5,56.7
2026-02-11,quickplay,Asia,colosseo,All,애쉬,DAMAGE,18.3,49.8
2026-02-11,quickplay,Asia,colosseo,All,에코,DAMAGE,5.7,52.2
2026-02-11,quickplay,Asia,colosseo,All,엠레,DAMAGE,-1.0,-1.0
2026-02-11,quickplay,Asia,colosseo,All,오리사,TANK,11.4,44.3
2026-02-11,quickplay,Asia,colosseo,All,우양,SUPPORT,18.1,54.4
2026-02-11,quickplay,Asia,colosseo,All,위도우메이커,DAMAGE,5.7,46.3
2026-02-11,quickplay,Asia,colosseo,All,윈스턴,TANK,5.7,51.3
2026-02-11,quickplay,Asia,colosseo,All,일리아리,SUPPORT,12.4,55.3
2026-02-11,quickplay,Asia,colosseo,All,자리야,TANK,8.5,47.0
2026-02-11,quickplay,Asia,colosseo,All,정커퀸,TANK,6.4,56.5
2026-02-11,quickplay,Asia,colosseo,All,정크랫,DAMAGE,7.4,50.0
2026-02-11,quickplay,Asia,colosseo,All,제트팩 캣,SUPPORT,-1.0,-1.0
2026-02-11,quickplay,Asia,colosseo,All,젠야타,SUPPORT,14.8,54.7
2026-02-11,quickplay,Asia,colosseo,All,주노,SUPPORT,15.8,50.2
2026-02-11,quickplay,Asia,colosseo,All,캐서디,DAMAGE,21.3,45.2
2026-02-11,quickplay,Asia,colosseo,All,키리코,SUPPORT,32.0,46.9
2026-02-11,quickplay,Asia,colosseo,All,토르비욘,DAMAGE,3.4,52.9
2026-02-11,quickplay,Asia,colosseo,All,트레이서,DAMAGE,8.3,51.3
2026-02-11,quickplay,Asia,colosseo,All,파라,DAMAGE,4.9,49.3
2026-02-11,quickplay,Asia,colosseo,All,프레야,DAMAGE,7.7,47.1
2026-02-11,quickplay,Asia,colosseo,All,한조,DAMAGE,10.1,50.2
2026-02-11,quickplay,Asia,colosseo,All,해저드,TANK,2.9,49.8
2026-02-11,competitive,Asia,all-maps,All,D.Va,TANK,8.7,49.0
2026-02-11,competitive,Asia,all-maps,All,겐지,DAMAGE,17.8,52.1
2026-02-11,competitive,Asia,all-maps,All,도미나,TANK,-1.0,-1.0
2026-02-11,competitive,Asia,all-maps,All,둠피스트,TANK,7.0,51.6
2026-02-11,competitive,Asia,all-maps,All,라마트라,TANK,6.4,47.3
2026-02-11,competitive,Asia,all-maps,All,라이프위버,SUPPORT,5.2,43.1
2026-02-11,competitive,Asia,all-maps,All,라인하르트,TANK,9.4,49.1
2026-02-11,competitive,Asia,all-maps,All,레킹볼,TANK,4.0,49.1
2026-02-11,competitive,Asia,all-maps,All,로드호그,TANK,5.7,42.2
2026-02-11,competitive,Asia,all-maps,All,루시우,SUPPORT,6.1,48.3
2026-02-11,competitive,Asia,all-maps,All,리퍼,DAMAGE,11.1,50.3
2026-02-11,competitive,Asia,all-maps,All,마우가,TANK,3.2,45.3
2026-02-11,competitive,Asia,all-maps,All,메르시,SUPPORT,10.6,47.4
2026-02-11,competitive,Asia,all-maps,All,메이,DAMAGE,7.8,49.6
2026-02-11,competitive,Asia,all-maps,All,모이라,SUPPORT,14.9,46.2
2026-02-11,competitive,Asia,all-maps,All,미즈키,SUPPORT,-1.0,-1.0
2026-02-11,competitive,Asia,all-maps,All,바스티온,DAMAGE,11.3,48.1
2026-02-11,competitive,Asia,all-maps,All,바티스트,SUPPORT,10.8,47.1
2026-02-11,competitive,Asia,all-maps,All,벤데타,DAMAGE,4.1,55.9
2026-02-11,competitive,Asia,all-maps,All,벤처,DAMAGE,5.8,52.0
2026-02-11,competitive,Asia,all-maps,All,브리기테,SUPPORT,4.5,47.3
2026-02-11,competitive,Asia,all-maps,All,소전,DAMAGE,16.7,46.4
2026-02-11,competitive,Asia,all-maps,All,솔저: 76,DAMAGE,19.8,48.8
2026-02-11,competitive,Asia,all-maps,All,솜브라,DAMAGE,4.2,50.5
2026-02-11,competitive,Asia,all-maps,All,시그마,TANK,17.3,55.8
2026-02-11,competitive,Asia,all-maps,All,시메트라,DAMAGE,5.2,54.1
2026-02-11,competitive,Asia,all-maps,All,아나,SUPPORT,56.6,50.9
2026-02-11,competitive,Asia,all-maps,All,안란,DAMAGE,0.0,45.7
2026-02-11,competitive,Asia,all-maps,All,애쉬,DAMAGE,18.9,51.9
2026-02-11,competitive,Asia,all-maps,All,에코,DAMAGE,6.6,52.0
2026-02-11,competitive,Asia,all-maps,All,엠레,DAMAGE,-1.0,-1.0
2026-02-11,competitive,Asia,all-maps,All,오리사,TANK,11.4,44.9
2026-02-11,competitive,Asia,all-maps,All,우양,SUPPORT,18.4,53.4
2026-02-11,competitive,Asia,all-maps,All,위도우메이커,DAMAGE,5.1,49.2
2026-02-11,competitive,Asia,all-maps,All,윈스턴,TANK,10.3,50.6
2026-02-11,competitive,Asia,all-maps,All,일리아리,SUPPORT,16.2,56.2
2026-02-11,competitive,Asia,all-maps,All,자리야,TANK,9.0,51.3
2026-02-11,competitive,Asia,all-maps,All,정커퀸,TANK,4.3,52.3
2026-02-11,competitive,Asia,all-maps,All,정크랫,DAMAGE,7.0,48.1
2026-02-11,competitive,Asia,all-maps,All,제트팩 캣,SUPPORT,-1.0,-1.0
2026-02-11,competitive,Asia,all-maps,All,젠야타,SUPPORT,14.0,52.4
2026-02-11,competitive,Asia,all-maps,All,주노,SUPPORT,9.2,48.8
2026-02-11,competitive,Asia,all-maps,All,캐서디,DAMAGE,24.3,45.8
2026-02-11,competitive,Asia,all-maps,All,키리코,SUPPORT,33.4,46.7
2026-02-11,competitive,Asia,all-maps,All,토르비욘,DAMAGE,4.0,48.6
2026-02-11,competitive,Asia,all-maps,All,트레이서,DAMAGE,7.7,49.2
2026-02-11,competitive,Asia,all-maps,All,파라,DAMAGE,6.5,52.0
2026-02-11,competitive,Asia,all-maps,All,프레야,DAMAGE,6.2,47.6
2026-02-11,competitive,Asia,all-maps,All,한조,DAMAGE,9.9,49.7
2026-02-11,competitive,Asia,all-maps,All,해저드,TANK,3.1,49.9
2026-02-11,competitive,Asia,all-maps,Bronze,D.Va,TANK,10.6,47.7
2026-02-11,competitive,Asia,all-maps,Bronze,겐지,DAMAGE,11.5,53.5
2026-02-11,competitive,Asia,all-maps,Bronze,도미나,TANK,-1.0,-1.0
2026-02-11,competitive,Asia,all-maps,Bronze,둠피스트,TANK,3.6,56.0
2026-02-11,competitive,Asia,all-maps,Bronze,라마트라,TANK,9.2,48.4
2026-02-11,competitive,Asia,all-maps,Bronze,라이프위버,SUPPORT,5.2,44.3
2026-02-11,competitive,Asia,all-maps,Bronze,라인하르트,TANK,9.6,51.1
2026-02-11,competitive,Asia,all-maps,Bronze,레킹볼,TANK,3.5,53.0
2026-02-11,competitive,Asia,all-maps,Bronze,로드호그,TANK,6.5,45.8
2026-02-11,competitive,Asia,all-maps,Bronze,루시우,SUPPORT,9.2,48.3
2026-02-11,competitive,Asia,all-maps,Bronze,리퍼,DAMAGE,12.4,51.0
2026-02-11,competitive,Asia,all-maps,Bronze,마우가,TANK,4.7,44.6
2026-02-11,competitive,Asia,all-maps,Bronze,메르시,SUPPORT,14.4,46.2
2026-02-11,competitive,Asia,all-maps,Bronze,메이,DAMAGE,7.3,50.7
2026-02-11,competitive,Asia,all-maps,Bronze,모이라,SUPPORT,24.0,46.6
2026-02-11,competitive,Asia,all-maps,Bronze,미즈키,SUPPORT,-1.0,-1.0
2026-02-11,competitive,Asia,all-maps,Bronze,바스티온,DAMAGE,21.5,47.7
2026-02-11,competitive,Asia,all-maps,Bronze,바티스트,SUPPORT,9.3,47.6
2026-02-11,competitive,Asia,all-maps,Bronze,벤데타,DAMAGE,3.5,57.3
2026-02-11,competitive,Asia,all-maps,Bronze,벤처,DAMAGE,4.9,52.3
2026-02-11,competitive,Asia,all-maps,Bronze,브리기테,SUPPORT,2.9,48.9
2026-02-11,competitive,Asia,all-maps,Bronze,소전,DAMAGE,19.9,44.1
2026-02-11,competitive,Asia,all-maps,Bronze,솔저: 76,DAMAGE,24.8,48.2
2026-02-11,competitive,Asia,all-maps,Bronze,솜브라,DAMAGE,2.9,52.3
2026-02-11,competitive,Asia,all-maps,Bronze,시그마,TANK,19.0,54.6
2026-02-11,competitive,Asia,all-maps,Bronze,시메트라,DAMAGE,4.5,55.2
2026-02-11,competitive,Asia,all-maps,Bronze,아나,SUPPORT,35.7,51.7
2026-02-11,competitive,Asia,all-maps,Bronze,안란,DAMAGE,0.0,10.7
2026-02-11,competitive,Asia,all-maps,Bronze,애쉬,DAMAGE,15.6,51.8
2026-02-11,competitive,Asia,all-maps,Bronze,에코,DAMAGE,5.3,49.9
2026-02-11,competitive,Asia,all-maps,Bronze,엠레,DAMAGE,-1.0,-1.0
2026-02-11,competitive,Asia,all-maps,Bronze,오리사,TANK,16.1,44.1
2026-02-11,competitive,Asia,all-maps,Bronze,우양,SUPPORT,18.1,52.5
2026-02-11,competitive,Asia,all-maps,Bronze,위도우메이커,DAMAGE,4.8,49.0
2026-02-11,competitive,Asia,all-maps,Bronze,윈스턴,TANK,5.7,50.4
2026-02-11,competitive,Asia,all-maps,Bronze,일리아리,SUPPORT,15.3,55.4
2026-02-11,competitive,Asia,all-maps,Bronze,자리야,TANK,5.3,54.7
2026-02-11,competitive,Asia,all-maps,Bronze,정커퀸,TANK,3.4,52.4
2026-02-11,competitive,Asia,all-maps,Bronze,정크랫,DAMAGE,12.0,48.0
2026-02-11,competitive,Asia,all-maps,Bronze,제트팩 캣,SUPPORT,-1.0,-1.0
2026-02-11,competitive,Asia,all-maps,Bronze,젠야타,SUPPORT,13.7,52.5
2026-02-11,competitive,Asia,all-maps,Bronze,주노,SUPPORT,19.5,48.7
2026-02-11,competitive,Asia,all-maps,Bronze,캐서디,DAMAGE,16.5,48.2
2026-02-11,competitive,Asia,all-maps,Bronze,키리코,SUPPORT,32.8,48.0
2026-02-11,competitive,Asia,all-maps,Bronze,토르비욘,DAMAGE,5.3,49.9
2026-02-11,competitive,Asia,all-maps,Bronze,트레이서,DAMAGE,4.3,51.4
2026-02-11,competitive,Asia,all-maps,Bronze,파라,DAMAGE,9.0,51.5
2026-02-11,competitive,Asia,all-maps,Bronze,프레야,DAMAGE,6.1,48.6
2026-02-11,competitive,Asia,all-maps,Bronze,한조,DAMAGE,8.2,50.8
2026-02-11,competitive,Asia,all-maps,Bronze,해저드,TANK,2.6,47.8
2026-02-11,competitive,Asia,all-maps,Silver,D.Va,TANK,9.5,48.3
2026-02-11,competitive,Asia,all-maps,Silver,겐지,DAMAGE,14.4,53.3
2026-02-11,competitive,Asia,all-maps,Silver,도미나,TANK,-1.0,-1.0
2026-02-11,competitive,Asia,all-maps,Silver,둠피스트,TANK,4.6,54.3
2026-02-11,competitive,Asia,all-maps,Silver,라마트라,TANK,7.9,47.5
2026-02-11,competitive,Asia,all-maps,Silver,라이프위버,SUPPORT,6.0,45.2
2026-02-11,competitive,Asia,all-maps,Silver,라인하르트,TANK,10.4,50.4
2026-02-11,competitive,Asia,all-maps,Silver,레킹볼,TANK,3.5,51.0
2026-02-11,competitive,Asia,all-maps,Silver,로드호그,TANK,6.0,43.8
2026-02-11,competitive,Asia,all-maps,Silver,루시우,SUPPORT,8.2,47.5
2026-02-11,competitive,Asia,all-maps,Silver,리퍼,DAMAGE,13.4,50.4
2026-02-11,competitive,Asia,all-maps,Silver,마우가,TANK,4.1,45.6
2026-02-11,competitive,Asia,all-maps,Silver,메르시,SUPPORT,14.9,46.6
2026-02-11,competitive,Asia,all-maps,Silver,메이,DAMAGE,8.3,49.7
2026-02-11,competitive,Asia,all-maps,Silver,모이라,SUPPORT,22.0,46.1
2026-02-11,competitive,Asia,all-maps,Silver,미즈키,SUPPORT,-1.0,-1.0
2026-02-11,competitive,Asia,all-maps,Silver,바스티온,DAMAGE,15.5,47.9
2026-02-11,competitive,Asia,all-maps,Silver,바티스트,SUPPORT,9.8,47.2
2026-02-11,competitive,Asia,all-maps,Silver,벤데타,DAMAGE,4.2,56.9
2026-02-11,competitive,Asia,all-maps,Silver,벤처,DAMAGE,5.2,52.2
2026-02-11,competitive,Asia,all-maps,Silver,브리기테,SUPPORT,3.4,48.0
2026-02-11,competitive,Asia,all-maps,Silver,소전,DAMAGE,17.2,45.5
2026-02-11,competitive,Asia,all-maps,Silver,솔저: 76,DAMAGE,25.0,48.1
2026-02-11,competitive,Asia,all-maps,Silver,솜브라,DAMAGE,3.2,52.0
2026-02-11,competitive,Asia,all-maps,Silver,시그마,TANK,18.1,54.9
2026-02-11,competitive,Asia,all-maps,Silver,시메트라,DAMAGE,4.9,54.8
2026-02-11,competitive,Asia,all-maps,Silver,아나,SUPPORT,46.2,51.1
2026-02-11,competitive,Asia,all-maps,Silver,안란,DAMAGE,0.0,56.5
2026-02-11,competitive,Asia,all-maps,Silver,애쉬,DAMAGE,17.2,52.2
2026-02-11,competitive,Asia,all-maps,Silver,에코,DAMAGE,5.3,51.1
2026-02-11,competitive,Asia,all-maps,Silver,엠레,DAMAGE,-1.0,-1.0
2026-02-11,competitive,Asia,all-maps,Silver,오리사,TANK,14.5,44.5
2026-02-11,competitive,Asia,all-maps,Silver,우양,SUPPORT,15.7,53.5
2026-02-11,competitive,Asia,all-maps,Silver,위도우메이커,DAMAGE,4.7,49.7
2026-02-11,competitive,Asia,all-maps,Silver,윈스턴,TANK,7.2,50.4
2026-02-11,competitive,Asia,all-maps,Silver,일리아리,SUPPORT,14.6,56.1
2026-02-11,competitive,Asia,all-maps,Silver,자리야,TANK,7.5,52.4
2026-02-11,competitive,Asia,all-maps,Silver,정커퀸,TANK,4.1,52.2
2026-02-11,competitive,Asia,all-maps,Silver,정크랫,DAMAGE,10.2,47.4
2026-02-11,competitive,Asia,all-maps,Silver,제트팩 캣,SUPPORT,-1.0,-1.0
2026-02-11,competitive,Asia,all-maps,Silver,젠야타,SUPPORT,12.5,53.3
2026-02-11,competitive,Asia,all-maps,Silver,주노,SUPPORT,13.8,48.9
2026-02-11,competitive,Asia,all-maps,Silver,캐서디,DAMAGE,19.9,47.2
2026-02-11,competitive,Asia,all-maps,Silver,키리코,SUPPORT,32.9,47.7
2026-02-11,competitive,Asia,all-maps,Silver,토르비욘,DAMAGE,4.5,49.1
2026-02-11,competitive,Asia,all-maps,Silver,트레이서,DAMAGE,4.8,49.2
2026-02-11,competitive,Asia,all-maps,Silver,파라,DAMAGE,7.5,51.1
2026-02-11,competitive,Asia,all-maps,Silver,프레야,DAMAGE,5.8,47.8
2026-02-11,competitive,Asia,all-maps,Silver,한조,DAMAGE,8.8,49.6
2026-02-11,competitive,Asia,all-maps,Silver,해저드,TANK,2.8,49.5
2026-02-11,competitive,Asia,all-maps,Gold,D.Va,TANK,8.7,48.9
2026-02-11,competitive,Asia,all-maps,Gold,겐지,DAMAGE,17.4,52.5
2026-02-11,competitive,Asia,all-maps,Gold,도미나,TANK,-1.0,-1.0
2026-02-11,competitive,Asia,all-maps,Gold,둠피스트,TANK,5.6,52.2
2026-02-11,competitive,Asia,all-maps,Gold,라마트라,TANK,6.8,47.1
2026-02-11,competitive,Asia,all-maps,Gold,라이프위버,SUPPORT,6.0,44.2
2026-02-11,competitive,Asia,all-maps,Gold,라인하르트,TANK,10.4,50.1
2026-02-11,competitive,Asia,all-maps,Gold,레킹볼,TANK,3.8,49.7
2026-02-11,competitive,Asia,all-maps,Gold,로드호그,TANK,6.1,42.9
2026-02-11,competitive,Asia,all-maps,Gold,루시우,SUPPORT,6.2,48.5
2026-02-11,competitive,Asia,all-maps,Gold,리퍼,DAMAGE,12.3,50.2
2026-02-11,competitive,Asia,all-maps,Gold,마우가,TANK,3.4,45.4
2026-02-11,competitive,Asia,all-maps,Gold,메르시,SUPPORT,11.9,47.6
2026-02-11,competitive,Asia,all-maps,Gold,메이,DAMAGE,8.5,49.7
2026-02-11,competitive,Asia,all-maps,Gold,모이라,SUPPORT,17.4,46.5
2026-02-11,competitive,Asia,all-maps,Gold,미즈키,SUPPORT,-1.0,-1.0
2026-02-11,competitive,Asia,all-maps,Gold,바스티온,DAMAGE,11.9,47.9
2026-02-11,competitive,Asia,all-maps,Gold,바티스트,SUPPORT,10.1,46.5
2026-02-11,competitive,Asia,all-maps,Gold,벤데타,DAMAGE,4.1,56.3
2026-02-11,competitive,Asia,all-maps,Gold,벤처,DAMAGE,5.7,51.8
2026-02-11,competitive,Asia,all-maps,Gold,브리기테,SUPPORT,3.9,47.6
2026-02-11,competitive,Asia,all-maps,Gold,소전,DAMAGE,15.7,46.1
2026-02-11,competitive,Asia,all-maps,Gold,솔저: 76,DAMAGE,22.1,48.3
2026-02-11,competitive,Asia,all-maps,Gold,솜브라,DAMAGE,3.6,51.4
2026-02-11,competitive,Asia,all-maps,Gold,시그마,TANK,17.3,55.4
2026-02-11,competitive,Asia,all-maps,Gold,시메트라,DAMAGE,5.3,54.5
2026-02-11,competitive,Asia,all-maps,Gold,아나,SUPPORT,56.3,50.7
2026-02-11,competitive,Asia,all-maps,Gold,안란,DAMAGE,0.0,48.9
2026-02-11,competitive,Asia,all-maps,Gold,애쉬,DAMAGE,19.2,51.6
2026-02-11,competitive,Asia,all-maps,Gold,에코,DAMAGE,5.8,51.5
2026-02-11,competitive,Asia,all-maps,Gold,엠레,DAMAGE,-1.0,-1.0
2026-02-11,competitive,Asia,all-maps,Gold,오리사,TANK,12.6,44.8
2026-02-11,competitive,Asia,all-maps,Gold,우양,SUPPORT,16.2,53.6
2026-02-11,competitive,Asia,all-maps,Gold,위도우메이커,DAMAGE,4.9,49.8
2026-02-11,competitive,Asia,all-maps,Gold,윈스턴,TANK,8.9,50.2
2026-02-11,competitive,Asia,all-maps,Gold,일리아리,SUPPORT,14.6,55.8
2026-02-11,competitive,Asia,all-maps,Gold,자리야,TANK,9.1,50.8
2026-02-11,competitive,Asia,all-maps,Gold,정커퀸,TANK,4.4,52.7
2026-02-11,competitive,Asia,all-maps,Gold,정크랫,DAMAGE,7.8,48.1
2026-02-11,competitive,Asia,all-maps,Gold,제트팩 캣,SUPPORT,-1.0,-1.0
2026-02-11,competitive,Asia,all-maps,Gold,젠야타,SUPPORT,13.4,52.9
2026-02-11,competitive,Asia,all-maps,Gold,주노,SUPPORT,10.0,48.8
2026-02-11,competitive,Asia,all-maps,Gold,캐서디,DAMAGE,23.6,46.2
2026-02-11,competitive,Asia,all-maps,Gold,키리코,SUPPORT,34.0,47.0
2026-02-11,competitive,Asia,all-maps,Gold,토르비욘,DAMAGE,4.2,49.5
2026-02-11,competitive,Asia,all-maps,Gold,트레이서,DAMAGE,5.7,48.2
2026-02-11,competitive,Asia,all-maps,Gold,파라,DAMAGE,6.6,51.7
2026-02-11,competitive,Asia,all-maps,Gold,프레야,DAMAGE,5.9,47.4
2026-02-11,competitive,Asia,all-maps,Gold,한조,DAMAGE,9.8,49.8
2026-02-11,competitive,Asia,all-maps,Gold,해저드,TANK,2.9,50.1
2026-02-11,competitive,Asia,all-maps,Platinum,D.Va,TANK,8.4,49.5
2026-02-11,competitive,Asia,all-maps,Platinum,겐지,DAMAGE,19.9,52.0
2026-02-11,competitive,Asia,all-maps,Platinum,도미나,TANK,-1.0,-1.0
2026-02-11,competitive,Asia,all-maps,Platinum,둠피스트,TANK,7.6,51.7
2026-02-11,competitive,Asia,all-maps,Platinum,라마트라,TANK,5.7,47.2
2026-02-11,competitive,Asia,all-maps,Platinum,라이프위버,SUPPORT,5.2,42.7
2026-02-11,competitive,Asia,all-maps,Platinum,라인하르트,TANK,9.4,48.5
2026-02-11,competitive,Asia,all-maps,Platinum,레킹볼,TANK,4.3,48.2
2026-02-11,competitive,Asia,all-maps,Platinum,로드호그,TANK,5.7,41.2
2026-02-11,competitive,Asia,all-maps,Platinum,루시우,SUPPORT,4.8,48.9
2026-02-11,competitive,Asia,all-maps,Platinum,리퍼,DAMAGE,10.4,50.2
2026-02-11,competitive,Asia,all-maps,Platinum,마우가,TANK,2.8,45.3
2026-02-11,competitive,Asia,all-maps,Platinum,메르시,SUPPORT,9.1,48.2
2026-02-11,competitive,Asia,all-maps,Platinum,메이,DAMAGE,7.9,49.6
2026-02-11,competitive,Asia,all-maps,Platinum,모이라,SUPPORT,11.9,46.1
2026-02-11,competitive,Asia,all-maps,Platinum,미즈키,SUPPORT,-1.0,-1.0
2026-02-11,competitive,Asia,all-maps,Platinum,바스티온,DAMAGE,9.2,48.4
2026-02-11,competitive,Asia,all-maps,Platinum,바티스트,SUPPORT,10.8,46.8
2026-02-11,competitive,Asia,all-maps,Platinum,벤데타,DAMAGE,4.0,55.6
2026-02-11,competitive,Asia,all-maps,Platinum,벤처,DAMAGE,6.0,52.0
2026-02-11,competitive,Asia,all-maps,Platinum,브리기테,SUPPORT,4.7,47.0
2026-02-11,competitive,Asia,all-maps,Platinum,소전,DAMAGE,15.6,46.8
2026-02-11,competitive,Asia,all-maps,Platinum,솔저: 76,DAMAGE,18.0,49.2
2026-02-11,competitive,Asia,all-maps,Platinum,솜브라,DAMAGE,4.6,50.1
2026-02-11,competitive,Asia,all-maps,Platinum,시그마,TANK,16.8,56.2
2026-02-11,competitive,Asia,all-maps,Platinum,시메트라,DAMAGE,5.5,53.6
2026-02-11,competitive,Asia,all-maps,Platinum,아나,SUPPORT,63.4,50.8
2026-02-11,competitive,Asia,all-maps,Platinum,안란,DAMAGE,0.0,38.6
2026-02-11,competitive,Asia,all-maps,Platinum,애쉬,DAMAGE,20.0,51.7
2026-02-11,competitive,Asia,all-maps,Platinum,에코,DAMAGE,6.7,52.3
2026-02-11,competitive,Asia,all-maps,Platinum,엠레,DAMAGE,-1.0,-1.0
2026-02-11,competitive,Asia,all-maps,Platinum,오리사,TANK,10.1,45.1
2026-02-11,competitive,Asia,all-maps,Platinum,우양,SUPPORT,18.2,53.4
2026-02-11,competitive,Asia,all-maps,Platinum,위도우메이커,DAMAGE,5.3,49.5
2026-02-11,competitive,Asia,all-maps,Platinum,윈스턴,TANK,11.3,50.6
2026-02-11,competitive,Asia,all-maps,Platinum,일리아리,SUPPORT,16.4,56.3
2026-02-11,competitive,Asia,all-maps,Platinum,자리야,TANK,9.9,50.5
2026-02-11,competitive,Asia,all-maps,Platinum,정커퀸,TANK,4.6,52.4
2026-02-11,competitive,Asia,all-maps,Platinum,정크랫,DAMAGE,5.5,48.9
2026-02-11,competitive,Asia,all-maps,Platinum,제트팩 캣,SUPPORT,-1.0,-1.0
2026-02-11,competitive,Asia,all-maps,Platinum,젠야타,SUPPORT,14.8,52.5
2026-02-11,competitive,Asia,all-maps,Platinum,주노,SUPPORT,7.0,48.9
2026-02-11,competitive,Asia,all-maps,Platinum,캐서디,DAMAGE,27.0,45.1
2026-02-11,competitive,Asia,all-maps,Platinum,키리코,SUPPORT,33.7,46.1
2026-02-11,competitive,Asia,all-maps,Platinum,토르비욘,DAMAGE,3.8,48.3
2026-02-11,competitive,Asia,all-maps,Platinum,트레이서,DAMAGE,7.8,48.9
2026-02-11,competitive,Asia,all-maps,Platinum,파라,DAMAGE,6.1,52.4
2026-02-11,competitive,Asia,all-maps,Platinum,프레야,DAMAGE,6.2,47.4
2026-02-11,competitive,Asia,all-maps,Platinum,한조,DAMAGE,10.5,49.4
2026-02-11,competitive,Asia,all-maps,Platinum,해저드,TANK,3.3,50.1
2026-02-11,competitive,Asia,all-maps,Diamond,D.Va,TANK,8.1,49.6
2026-02-11,competitive,Asia,all-maps,Diamond,겐지,DAMAGE,21.2,51.1
2026-02-11,competitive,Asia,all-maps,Diamond,도미나,TANK,-1.0,-1.0
2026-02-11,competitive,Asia,all-maps,Diamond,둠피스트,TANK,10.8,50.3
2026-02-11,competitive,Asia,all-maps,Diamond,라마트라,TANK,5.0,46.9
2026-02-11,competitive,Asia,all-maps,Diamond,라이프위버,SUPPORT,4.0,39.2
2026-02-11,competitive,Asia,all-maps,Diamond,라인하르트,TANK,7.9,46.6
2026-02-11,competitive,Asia,all-maps,Diamond,레킹볼,TANK,4.7,47.5
2026-02-11,competitive,Asia,all-maps,Diamond,로드호그,TANK,4.9,39.3
2026-02-11,competitive,Asia,all-maps,Diamond,루시우,SUPPORT,4.8,48.9
2026-02-11,competitive,Asia,all-maps,Diamond,리퍼,DAMAGE,8.4,50.6
2026-02-11,competitive,Asia,all-maps,Diamond,마우가,TANK,2.4,45.1
2026-02-11,competitive,Asia,all-maps,Diamond,메르시,SUPPORT,6.7,48.1
2026-02-11,competitive,Asia,all-maps,Diamond,메이,DAMAGE,6.6,49.1
2026-02-11,competitive,Asia,all-maps,Diamond,모이라,SUPPORT,7.4,45.6
2026-02-11,competitive,Asia,all-maps,Diamond,미즈키,SUPPORT,-1.0,-1.0
2026-02-11,competitive,Asia,all-maps,Diamond,바스티온,DAMAGE,7.3,48.9
2026-02-11,competitive,Asia,all-maps,Diamond,바티스트,SUPPORT,11.9,47.3
2026-02-11,competitive,Asia,all-maps,Diamond,벤데타,DAMAGE,4.0,54.7
2026-02-11,competitive,Asia,all-maps,Diamond,벤처,DAMAGE,6.4,52.0
2026-02-11,competitive,Asia,all-maps,Diamond,브리기테,SUPPORT,5.9,46.7
2026-02-11,competitive,Asia,all-maps,Diamond,소전,DAMAGE,17.2,47.7
2026-02-11,competitive,Asia,all-maps,Diamond,솔저: 76,DAMAGE,14.1,50.3
2026-02-11,competitive,Asia,all-maps,Diamond,솜브라,DAMAGE,5.8,49.5
2026-02-11,competitive,Asia,all-maps,Diamond,시그마,TANK,16.2,57.2
2026-02-11,competitive,Asia,all-maps,Diamond,시메트라,DAMAGE,5.1,53.3
2026-02-11,competitive,Asia,all-maps,Diamond,아나,SUPPORT,64.7,50.8
2026-02-11,competitive,Asia,all-maps,Diamond,안란,DAMAGE,0.0,52.7
2026-02-11,competitive,Asia,all-maps,Diamond,애쉬,DAMAGE,19.3,51.9
2026-02-11,competitive,Asia,all-maps,Diamond,에코,DAMAGE,8.5,53.1
2026-02-11,competitive,Asia,all-maps,Diamond,엠레,DAMAGE,-1.0,-1.0
2026-02-11,competitive,Asia,all-maps,Diamond,오리사,TANK,7.9,45.5
2026-02-11,competitive,Asia,all-maps,Diamond,우양,SUPPORT,22.5,53.5
2026-02-11,competitive,Asia,all-maps,Diamond,위도우메이커,DAMAGE,5.5,48.5
2026-02-11,competitive,Asia,all-maps,Diamond,윈스턴,TANK,14.1,51.0
2026-02-11,competitive,Asia,all-maps,Diamond,일리아리,SUPPORT,18.9,56.9
2026-02-11,competitive,Asia,all-maps,Diamond,자리야,TANK,10.0,51.3
2026-02-11,competitive,Asia,all-maps,Diamond,정커퀸,TANK,4.3,51.9
2026-02-11,competitive,Asia,all-maps,Diamond,정크랫,DAMAGE,4.2,48.8
2026-02-11,competitive,Asia,all-maps,Diamond,제트팩 캣,SUPPORT,-1.0,-1.0
2026-02-11,competitive,Asia,all-maps,Diamond,젠야타,SUPPORT,15.9,51.3
2026-02-11,competitive,Asia,all-maps,Diamond,주노,SUPPORT,4.5,48.9
2026-02-11,competitive,Asia,all-maps,Diamond,캐서디,DAMAGE,28.4,44.9
2026-02-11,competitive,Asia,all-maps,Diamond,키리코,SUPPORT,32.8,45.6
2026-02-11,competitive,Asia,all-maps,Diamond,토르비욘,DAMAGE,3.3,46.3
2026-02-11,competitive,Asia,all-maps,Diamond,트레이서,DAMAGE,11.7,49.3
2026-02-11,competitive,Asia,all-maps,Diamond,파라,DAMAGE,5.5,52.8
2026-02-11,competitive,Asia,all-maps,Diamond,프레야,DAMAGE,6.7,47.4
2026-02-11,competitive,Asia,all-maps,Diamond,한조,DAMAGE,10.9,49.6
2026-02-11,competitive,Asia,all-maps,Diamond,해저드,TANK,3.6,49.8
2026-02-11,competitive,Asia,all-maps,Master,D.Va,TANK,7.2,50.2
2026-02-11,competitive,Asia,all-maps,Master,겐지,DAMAGE,19.7,50.1
2026-02-11,competitive,Asia,all-maps,Master,도미나,TANK,-1.0,-1.0
2026-02-11,competitive,Asia,all-maps,Master,둠피스트,TANK,12.7,48.0
2026-02-11,competitive,Asia,all-maps,Master,라마트라,TANK,4.5,46.7
2026-02-11,competitive,Asia,all-maps,Master,라이프위버,SUPPORT,3.0,35.3
2026-02-11,competitive,Asia,all-maps,Master,라인하르트,TANK,5.9,44.0
2026-02-11,competitive,Asia,all-maps,Master,레킹볼,TANK,4.8,47.7
2026-02-11,competitive,Asia,all-maps,Master,로드호그,TANK,4.4,40.8
2026-02-11,competitive,Asia,all-maps,Master,루시우,SUPPORT,5.4,47.9
2026-02-11,competitive,Asia,all-maps,Master,리퍼,DAMAGE,7.2,50.1
2026-02-11,competitive,Asia,all-maps,Master,마우가,TANK,2.1,45.1
2026-02-11,competitive,Asia,all-maps,Master,메르시,SUPPORT,5.5,46.6
2026-02-11,competitive,Asia,all-maps,Master,메이,DAMAGE,5.2,48.8
2026-02-11,competitive,Asia,all-maps,Master,모이라,SUPPORT,4.9,45.6
2026-02-11,competitive,Asia,all-maps,Master,미즈키,SUPPORT,-1.0,-1.0
2026-02-11,competitive,Asia,all-maps,Master,바스티온,DAMAGE,5.6,48.7
2026-02-11,competitive,Asia,all-maps,Master,바티스트,SUPPORT,14.8,48.4
2026-02-11,competitive,Asia,all-maps,Master,벤데타,DAMAGE,3.9,54.4
2026-02-11,competitive,Asia,all-maps,Master,벤처,DAMAGE,6.6,52.1
2026-02-11,competitive,Asia,all-maps,Master,브리기테,SUPPORT,6.8,47.4
2026-02-11,competitive,Asia,all-maps,Master,소전,DAMAGE,20.3,49.1
2026-02-11,competitive,Asia,all-maps,Master,솔저: 76,DAMAGE,10.6,50.6
2026-02-11,competitive,Asia,all-maps,Master,솜브라,DAMAGE,6.3,49.2
2026-02-11,competitive,Asia,all-maps,Master,시그마,TANK,17.3,57.3
2026-02-11,competitive,Asia,all-maps,Master,시메트라,DAMAGE,4.7,52.3
2026-02-11,competitive,Asia,all-maps,Master,아나,SUPPORT,60.0,50.7
2026-02-11,competitive,Asia,all-maps,Master,안란,DAMAGE,0.0,0.0
2026-02-11,competitive,Asia,all-maps,Master,애쉬,DAMAGE,19.4,53.3
2026-02-11,competitive,Asia,all-maps,Master,에코,DAMAGE,10.9,52.7
2026-02-11,competitive,Asia,all-maps,Master,엠레,DAMAGE,-1.0,-1.0
2026-02-11,competitive,Asia,all-maps,Master,오리사,TANK,6.9,46.2
2026-02-11,competitive,Asia,all-maps,Master,우양,SUPPORT,28.3,53.2
2026-02-11,competitive,Asia,all-maps,Master,위도우메이커,DAMAGE,5.8,46.5
2026-02-11,competitive,Asia,all-maps,Master,윈스턴,TANK,17.1,51.5
2026-02-11,competitive,Asia,all-maps,Master,일리아리,SUPPORT,21.2,57.7
2026-02-11,competitive,Asia,all-maps,Master,자리야,TANK,9.8,53.1
2026-02-11,competitive,Asia,all-maps,Master,정커퀸,TANK,3.8,50.9
2026-02-11,competitive,Asia,all-maps,Master,정크랫,DAMAGE,3.1,47.8
2026-02-11,competitive,Asia,all-maps,Master,제트팩 캣,SUPPORT,-1.0,-1.0
2026-02-11,competitive,Asia,all-maps,Master,젠야타,SUPPORT,14.1,50.1
2026-02-11,competitive,Asia,all-maps,Master,주노,SUPPORT,2.8,47.8
2026-02-11,competitive,Asia,all-maps,Master,캐서디,DAMAGE,26.3,44.8
2026-02-11,competitive,Asia,all-maps,Master,키리코,SUPPORT,33.1,45.8
2026-02-11,competitive,Asia,all-maps,Master,토르비욘,DAMAGE,2.8,45.1
2026-02-11,competitive,Asia,all-maps,Master,트레이서,DAMAGE,18.1,50.3
2026-02-11,competitive,Asia,all-maps,Master,파라,DAMAGE,5.6,53.5
2026-02-11,competitive,Asia,all-maps,Master,프레야,DAMAGE,6.9,47.3
2026-02-11,competitive,Asia,all-maps,Master,한조,DAMAGE,10.9,49.3
2026-02-11,competitive,Asia,all-maps,Master,해저드,TANK,3.6,49.8
2026-02-11,competitive,Asia,all-maps,Grandmaster,D.Va,TANK,8.6,52.1
2026-02-11,competitive,Asia,all-maps,Grandmaster,겐지,DAMAGE,13.7,48.8
2026-02-11,competitive,Asia,all-maps,Grandmaster,도미나,TANK,-1.0,-1.0
2026-02-11,competitive,Asia,all-maps,Grandmaster,둠피스트,TANK,10.8,45.8
2026-02-11,competitive,Asia,all-maps,Grandmaster,라마트라,TANK,4.4,47.1
2026-02-11,competitive,Asia,all-maps,Grandmaster,라이프위버,SUPPORT,1.4,26.3
2026-02-11,competitive,Asia,all-maps,Grandmaster,라인하르트,TANK,4.8,42.2
2026-02-11,competitive,Asia,all-maps,Grandmaster,레킹볼,TANK,5.6,47.9
2026-02-11,competitive,Asia,all-maps,Grandmaster,로드호그,TANK,2.9,36.9
2026-02-11,competitive,Asia,all-maps,Grandmaster,루시우,SUPPORT,7.3,46.8
2026-02-11,competitive,Asia,all-maps,Grandmaster,리퍼,DAMAGE,4.3,48.9
2026-02-11,competitive,Asia,all-maps,Grandmaster,마우가,TANK,1.0,39.2
2026-02-11,competitive,Asia,all-maps,Grandmaster,메르시,SUPPORT,3.7,41.2
2026-02-11,competitive,Asia,all-maps,Grandmaster,메이,DAMAGE,4.7,45.6
2026-02-11,competitive,Asia,all-maps,Grandmaster,모이라,SUPPORT,3.5,44.6
2026-02-11,competitive,Asia,all-maps,Grandmaster,미즈키,SUPPORT,-1.0,-1.0
2026-02-11,competitive,Asia,all-maps,Grandmaster,바스티온,DAMAGE,3.6,45.8
2026-02-11,competitive,Asia,all-maps,Grandmaster,바티스트,SUPPORT,21.8,50.0
2026-02-11,competitive,Asia,all-maps,Grandmaster,벤데타,DAMAGE,5.8,54.8
2026-02-11,competitive,Asia,all-maps,Grandmaster,벤처,DAMAGE,5.6,49.7
2026-02-11,competitive,Asia,all-maps,Grandmaster,브리기테,SUPPORT,8.1,48.2
2026-02-11,competitive,Asia,all-maps,Grandmaster,소전,DAMAGE,23.0,48.7
2026-02-11,competitive,Asia,all-maps,Grandmaster,솔저: 76,DAMAGE,8.3,49.2
2026-02-11,competitive,Asia,all-maps,Grandmaster,솜브라,DAMAGE,5.3,48.2
2026-02-11,competitive,Asia,all-maps,Grandmaster,시그마,TANK,22.5,57.5
2026-02-11,competitive,Asia,all-maps,Grandmaster,시메트라,DAMAGE,6.2,53.7
2026-02-11,competitive,Asia,all-maps,Grandmaster,아나,SUPPORT,51.5,50.9
2026-02-11,competitive,Asia,all-maps,Grandmaster,안란,DAMAGE,-1.0,-1.0
2026-02-11,competitive,Asia,all-maps,Grandmaster,애쉬,DAMAGE,21.8,53.2
2026-02-11,competitive,Asia,all-maps,Grandmaster,에코,DAMAGE,12.6,52.5
2026-02-11,competitive,Asia,all-maps,Grandmaster,엠레,DAMAGE,-1.0,-1.0
2026-02-11,competitive,Asia,all-maps,Grandmaster,오리사,TANK,4.9,48.2
2026-02-11,competitive,Asia,all-maps,Grandmaster,우양,SUPPORT,33.3,53.2
2026-02-11,competitive,Asia,all-maps,Grandmaster,위도우메이커,DAMAGE,7.0,45.0
2026-02-11,competitive,Asia,all-maps,Grandmaster,윈스턴,TANK,17.8,50.2
2026-02-11,competitive,Asia,all-maps,Grandmaster,일리아리,SUPPORT,23.1,56.6
2026-02-11,competitive,Asia,all-maps,Grandmaster,자리야,TANK,11.5,53.8
2026-02-11,competitive,Asia,all-maps,Grandmaster,정커퀸,TANK,2.1,50.3
2026-02-11,competitive,Asia,all-maps,Grandmaster,정크랫,DAMAGE,3.7,47.8
2026-02-11,competitive,Asia,all-maps,Grandmaster,제트팩 캣,SUPPORT,-1.0,-1.0
2026-02-11,competitive,Asia,all-maps,Grandmaster,젠야타,SUPPORT,9.8,48.3
2026-02-11,competitive,Asia,all-maps,Grandmaster,주노,SUPPORT,2.2,48.1
2026-02-11,competitive,Asia,all-maps,Grandmaster,캐서디,DAMAGE,20.6,45.1
2026-02-11,competitive,Asia,all-maps,Grandmaster,키리코,SUPPORT,34.4,46.9
2026-02-11,competitive,Asia,all-maps,Grandmaster,토르비욘,DAMAGE,1.8,43.3
2026-02-11,competitive,Asia,all-maps,Grandmaster,트레이서,DAMAGE,26.9,52.1
2026-02-11,competitive,Asia,all-maps,Grandmaster,파라,DAMAGE,5.1,55.3
2026-02-11,competitive,Asia,all-maps,Grandmaster,프레야,DAMAGE,9.0,48.2
2026-02-11,competitive,Asia,all-maps,Grandmaster,한조,DAMAGE,11.0,50.0
2026-02-11,competitive,Asia,all-maps,Grandmaster,해저드,TANK,3.1,50.4
2026-02-11,competitive,Asia,nepal,All,D.Va,TANK,6.9,46.2
2026-02-11,competitive,Asia,nepal,All,겐지,DAMAGE,19.5,51.8
2026-02-11,competitive,Asia,nepal,All,도미나,TANK,-1.0,-1.0
2026-02-11,competitive,Asia,nepal,All,둠피스트,TANK,7.9,51.7
2026-02-11,competitive,Asia,nepal,All,라마트라,TANK,6.5,49.6
2026-02-11,competitive,Asia,nepal,All,라이프위버,SUPPORT,4.6,42.5
2026-02-11,competitive,Asia,nepal,All,라인하르트,TANK,11.3,52.1
2026-02-11,competitive,Asia,nepal,All,레킹볼,TANK,4.1,46.9
2026-02-11,competitive,Asia,nepal,All,로드호그,TANK,7.3,45.4
2026-02-11,competitive,Asia,nepal,All,루시우,SUPPORT,8.9,50.8
2026-02-11,competitive,Asia,nepal,All,리퍼,DAMAGE,12.6,52.6
2026-02-11,competitive,Asia,nepal,All,마우가,TANK,3.6,46.5
2026-02-11,competitive,Asia,nepal,All,메르시,SUPPORT,9.0,46.8
2026-02-11,competitive,Asia,nepal,All,메이,DAMAGE,7.5,51.0
2026-02-11,competitive,Asia,nepal,All,모이라,SUPPORT,17.7,49.4
2026-02-11,competitive,Asia,nepal,All,미즈키,SUPPORT,-1.0,-1.0
2026-02-11,competitive,Asia,nepal,All,바스티온,DAMAGE,9.3,49.9
2026-02-11,competitive,Asia,nepal,All,바티스트,SUPPORT,9.6,47.7
2026-02-11,competitive,Asia,nepal,All,벤데타,DAMAGE,4.7,54.9
2026-02-11,competitive,Asia,nepal,All,벤처,DAMAGE,6.9,51.7
2026-02-11,competitive,Asia,nepal,All,브리기테,SUPPORT,5.3,49.9
2026-02-11,competitive,Asia,nepal,All,소전,DAMAGE,17.6,47.6
2026-02-11,competitive,Asia,nepal,All,솔저: 76,DAMAGE,19.5,49.2
2026-02-11,competitive,Asia,nepal,All,솜브라,DAMAGE,4.0,48.8
2026-02-11,competitive,Asia,nepal,All,시그마,TANK,13.7,55.6
2026-02-11,competitive,Asia,nepal,All,시메트라,DAMAGE,8.9,60.1
2026-02-11,competitive,Asia,nepal,All,아나,SUPPORT,54.7,49.1
2026-02-11,competitive,Asia,nepal,All,안란,DAMAGE,0.0,59.4
2026-02-11,competitive,Asia,nepal,All,애쉬,DAMAGE,12.0,48.9
2026-02-11,competitive,Asia,nepal,All,에코,DAMAGE,6.5,50.6
2026-02-11,competitive,Asia,nepal,All,엠레,DAMAGE,-1.0,-1.0
2026-02-11,competitive,Asia,nepal,All,오리사,TANK,12.2,46.2
2026-02-11,competitive,Asia,nepal,All,우양,SUPPORT,20.3,53.8
2026-02-11,competitive,Asia,nepal,All,위도우메이커,DAMAGE,1.2,36.9
2026-02-11,competitive,Asia,nepal,All,윈스턴,TANK,7.5,48.5
2026-02-11,competitive,Asia,nepal,All,일리아리,SUPPORT,14.0,56.1
2026-02-11,competitive,Asia,nepal,All,자리야,TANK,10.2,52.4
2026-02-11,competitive,Asia,nepal,All,정커퀸,TANK,5.4,53.2
2026-02-11,competitive,Asia,nepal,All,정크랫,DAMAGE,8.4,50.7
2026-02-11,competitive,Asia,nepal,All,제트팩 캣,SUPPORT,-1.0,-1.0
2026-02-11,competitive,Asia,nepal,All,젠야타,SUPPORT,12.4,52.6
2026-02-11,competitive,Asia,nepal,All,주노,SUPPORT,9.0,49.1
2026-02-11,competitive,Asia,nepal,All,캐서디,DAMAGE,29.0,46.2
2026-02-11,competitive,Asia,nepal,All,키리코,SUPPORT,34.5,47.5
2026-02-11,competitive,Asia,nepal,All,토르비욘,DAMAGE,2.8,51.3
2026-02-11,competitive,Asia,nepal,All,트레이서,DAMAGE,9.5,48.4
2026-02-11,competitive,Asia,nepal,All,파라,DAMAGE,7.2,53.0
2026-02-11,competitive,Asia,nepal,All,프레야,DAMAGE,5.0,44.8
2026-02-11,competitive,Asia,nepal,All,한조,DAMAGE,8.0,48.8
2026-02-11,competitive,Asia,nepal,All,해저드,TANK,3.5,51.3
2026-02-11,competitive,Asia,nepal,Bronze,D.Va,TANK,9.8,45.2
2026-02-11,competitive,Asia,nepal,Bronze,겐지,DAMAGE,12.8,52.4
2026-02-11,competitive,Asia,nepal,Bronze,도미나,TANK,-1.0,-1.0
2026-02-11,competitive,Asia,nepal,Bronze,둠피스트,TANK,4.2,56.4
2026-02-11,competitive,Asia,nepal,Bronze,라마트라,TANK,9.1,47.6
2026-02-11,competitive,Asia,nepal,Bronze,라이프위버,SUPPORT,5.3,42.5
2026-02-11,competitive,Asia,nepal,Bronze,라인하르트,TANK,10.1,54.0
2026-02-11,competitive,Asia,nepal,Bronze,레킹볼,TANK,3.4,52.3
2026-02-11,competitive,Asia,nepal,Bronze,로드호그,TANK,8.7,47.8
2026-02-11,competitive,Asia,nepal,Bronze,루시우,SUPPORT,12.1,51.2
2026-02-11,competitive,Asia,nepal,Bronze,리퍼,DAMAGE,14.6,51.1
2026-02-11,competitive,Asia,nepal,Bronze,마우가,TANK,5.0,45.7
2026-02-11,competitive,Asia,nepal,Bronze,메르시,SUPPORT,13.3,45.9
2026-02-11,competitive,Asia,nepal,Bronze,메이,DAMAGE,7.7,50.8
2026-02-11,competitive,Asia,nepal,Bronze,모이라,SUPPORT,26.4,48.9
2026-02-11,competitive,Asia,nepal,Bronze,미즈키,SUPPORT,-1.0,-1.0
2026-02-11,competitive,Asia,nepal,Bronze,바스티온,DAMAGE,18.6,48.6
2026-02-11,competitive,Asia,nepal,Bronze,바티스트,SUPPORT,8.5,46.4
2026-02-11,competitive,Asia,nepal,Bronze,벤데타,DAMAGE,4.0,58.0
2026-02-11,competitive,Asia,nepal,Bronze,벤처,DAMAGE,6.3,52.7
2026-02-11,competitive,Asia,nepal,Bronze,브리기테,SUPPORT,3.7,50.3
2026-02-11,competitive,Asia,nepal,Bronze,소전,DAMAGE,19.2,45.1
2026-02-11,competitive,Asia,nepal,Bronze,솔저: 76,DAMAGE,24.8,49.1
2026-02-11,competitive,Asia,nepal,Bronze,솜브라,DAMAGE,2.9,47.7
2026-02-11,competitive,Asia,nepal,Bronze,시그마,TANK,15.8,52.3
2026-02-11,competitive,Asia,nepal,Bronze,시메트라,DAMAGE,6.5,61.7
2026-02-11,competitive,Asia,nepal,Bronze,아나,SUPPORT,33.0,51.8
2026-02-11,competitive,Asia,nepal,Bronze,안란,DAMAGE,-1.0,-1.0
2026-02-11,competitive,Asia,nepal,Bronze,애쉬,DAMAGE,12.3,49.4
2026-02-11,competitive,Asia,nepal,Bronze,에코,DAMAGE,5.2,47.1
2026-02-11,competitive,Asia,nepal,Bronze,엠레,DAMAGE,-1.0,-1.0
2026-02-11,competitive,Asia,nepal,Bronze,오리사,TANK,16.1,45.9
2026-02-11,competitive,Asia,nepal,Bronze,우양,SUPPORT,18.5,52.2
2026-02-11,competitive,Asia,nepal,Bronze,위도우메이커,DAMAGE,1.9,38.8
2026-02-11,competitive,Asia,nepal,Bronze,윈스턴,TANK,5.0,50.4
2026-02-11,competitive,Asia,nepal,Bronze,일리아리,SUPPORT,13.9,57.5
2026-02-11,competitive,Asia,nepal,Bronze,자리야,TANK,5.8,54.9
2026-02-11,competitive,Asia,nepal,Bronze,정커퀸,TANK,4.0,57.0
2026-02-11,competitive,Asia,nepal,Bronze,정크랫,DAMAGE,13.4,49.7
2026-02-11,competitive,Asia,nepal,Bronze,제트팩 캣,SUPPORT,-1.0,-1.0
2026-02-11,competitive,Asia,nepal,Bronze,젠야타,SUPPORT,13.2,51.7
2026-02-11,competitive,Asia,nepal,Bronze,주노,SUPPORT,19.3,48.3
2026-02-11,competitive,Asia,nepal,Bronze,캐서디,DAMAGE,18.8,49.8
2026-02-11,competitive,Asia,nepal,Bronze,키리코,SUPPORT,32.8,48.0
2026-02-11,competitive,Asia,nepal,Bronze,토르비욘,DAMAGE,4.4,53.6
2026-02-11,competitive,Asia,nepal,Bronze,트레이서,DAMAGE,5.0,48.3
2026-02-11,competitive,Asia,nepal,Bronze,파라,DAMAGE,8.6,51.6
2026-02-11,competitive,Asia,nepal,Bronze,프레야,DAMAGE,5.5,46.0
2026-02-11,competitive,Asia,nepal,Bronze,한조,DAMAGE,7.6,50.5
2026-02-11,competitive,Asia,nepal,Bronze,해저드,TANK,3.0,52.0
2026-02-11,competitive,Asia,nepal,Silver,D.Va,TANK,8.3,46.3
2026-02-11,competitive,Asia,nepal,Silver,겐지,DAMAGE,16.2,52.6
2026-02-11,competitive,Asia,nepal,Silver,도미나,TANK,-1.0,-1.0
2026-02-11,competitive,Asia,nepal,Silver,둠피스트,TANK,5.3,53.7
2026-02-11,competitive,Asia,nepal,Silver,라마트라,TANK,7.7,48.6
2026-02-11,competitive,Asia,nepal,Silver,라이프위버,SUPPORT,5.8,44.2
2026-02-11,competitive,Asia,nepal,Silver,라인하르트,TANK,11.5,53.1
2026-02-11,competitive,Asia,nepal,Silver,레킹볼,TANK,3.5,48.6
2026-02-11,competitive,Asia,nepal,Silver,로드호그,TANK,8.6,46.5
2026-02-11,competitive,Asia,nepal,Silver,루시우,SUPPORT,11.9,50.3
2026-02-11,competitive,Asia,nepal,Silver,리퍼,DAMAGE,15.7,52.8
2026-02-11,competitive,Asia,nepal,Silver,마우가,TANK,4.4,47.6
2026-02-11,competitive,Asia,nepal,Silver,메르시,SUPPORT,13.3,45.9
2026-02-11,competitive,Asia,nepal,Silver,메이,DAMAGE,8.5,51.2
2026-02-11,competitive,Asia,nepal,Silver,모이라,SUPPORT,25.9,49.0
2026-02-11,competitive,Asia,nepal,Silver,미즈키,SUPPORT,-1.0,-1.0
2026-02-11,competitive,Asia,nepal,Silver,바스티온,DAMAGE,13.0,49.3
2026-02-11,competitive,Asia,nepal,Silver,바티스트,SUPPORT,8.7,46.8
2026-02-11,competitive,Asia,nepal,Silver,벤데타,DAMAGE,4.8,55.8
2026-02-11,competitive,Asia,nepal,Silver,벤처,DAMAGE,6.6,53.4
2026-02-11,competitive,Asia,nepal,Silver,브리기테,SUPPORT,4.6,50.4
2026-02-11,competitive,Asia,nepal,Silver,소전,DAMAGE,17.2,46.5
2026-02-11,competitive,Asia,nepal,Silver,솔저: 76,DAMAGE,24.9,48.1
2026-02-11,competitive,Asia,nepal,Silver,솜브라,DAMAGE,3.1,49.8
2026-02-11,competitive,Asia,nepal,Silver,시그마,TANK,13.9,54.8
2026-02-11,competitive,Asia,nepal,Silver,시메트라,DAMAGE,7.5,61.0
2026-02-11,competitive,Asia,nepal,Silver,아나,SUPPORT,42.8,49.1
2026-02-11,competitive,Asia,nepal,Silver,안란,DAMAGE,-1.0,-1.0
2026-02-11,competitive,Asia,nepal,Silver,애쉬,DAMAGE,11.7,47.9
2026-02-11,competitive,Asia,nepal,Silver,에코,DAMAGE,5.1,51.1
2026-02-11,competitive,Asia,nepal,Silver,엠레,DAMAGE,-1.0,-1.0
2026-02-11,competitive,Asia,nepal,Silver,오리사,TANK,15.0,45.7
2026-02-11,competitive,Asia,nepal,Silver,우양,SUPPORT,16.7,54.1
2026-02-11,competitive,Asia,nepal,Silver,위도우메이커,DAMAGE,1.4,39.7
2026-02-11,competitive,Asia,nepal,Silver,윈스턴,TANK,5.5,50.0
2026-02-11,competitive,Asia,nepal,Silver,일리아리,SUPPORT,12.4,56.3
2026-02-11,competitive,Asia,nepal,Silver,자리야,TANK,8.3,52.9
2026-02-11,competitive,Asia,nepal,Silver,정커퀸,TANK,4.9,52.2
2026-02-11,competitive,Asia,nepal,Silver,정크랫,DAMAGE,11.8,49.8
2026-02-11,competitive,Asia,nepal,Silver,제트팩 캣,SUPPORT,-1.0,-1.0
2026-02-11,competitive,Asia,nepal,Silver,젠야타,SUPPORT,11.6,53.3
2026-02-11,competitive,Asia,nepal,Silver,주노,SUPPORT,13.2,50.0
2026-02-11,competitive,Asia,nepal,Silver,캐서디,DAMAGE,23.2,47.3
2026-02-11,competitive,Asia,nepal,Silver,키리코,SUPPORT,33.2,48.9
2026-02-11,competitive,Asia,nepal,Silver,토르비욘,DAMAGE,3.5,53.4
2026-02-11,competitive,Asia,nepal,Silver,트레이서,DAMAGE,5.8,48.7
2026-02-11,competitive,Asia,nepal,Silver,파라,DAMAGE,7.2,51.7
2026-02-11,competitive,Asia,nepal,Silver,프레야,DAMAGE,5.2,43.7
2026-02-11,competitive,Asia,nepal,Silver,한조,DAMAGE,7.7,48.7
2026-02-11,competitive,Asia,nepal,Silver,해저드,TANK,3.2,50.5
2026-02-11,competitive,Asia,nepal,Gold,D.Va,TANK,6.9,45.6
2026-02-11,competitive,Asia,nepal,Gold,겐지,DAMAGE,19.5,52.2
2026-02-11,competitive,Asia,nepal,Gold,도미나,TANK,-1.0,-1.0
2026-02-11,competitive,Asia,nepal,Gold,둠피스트,TANK,6.1,52.4
2026-02-11,competitive,Asia,nepal,Gold,라마트라,TANK,6.9,49.0
2026-02-11,competitive,Asia,nepal,Gold,라이프위버,SUPPORT,5.3,44.7
2026-02-11,competitive,Asia,nepal,Gold,라인하르트,TANK,12.4,53.1
2026-02-11,competitive,Asia,nepal,Gold,레킹볼,TANK,3.8,48.9
2026-02-11,competitive,Asia,nepal,Gold,로드호그,TANK,8.6,45.9
2026-02-11,competitive,Asia,nepal,Gold,루시우,SUPPORT,9.3,51.4
2026-02-11,competitive,Asia,nepal,Gold,리퍼,DAMAGE,14.1,52.2
2026-02-11,competitive,Asia,nepal,Gold,마우가,TANK,3.8,46.4
2026-02-11,competitive,Asia,nepal,Gold,메르시,SUPPORT,10.4,47.7
2026-02-11,competitive,Asia,nepal,Gold,메이,DAMAGE,8.1,51.8
2026-02-11,competitive,Asia,nepal,Gold,모이라,SUPPORT,21.0,49.7
2026-02-11,competitive,Asia,nepal,Gold,미즈키,SUPPORT,-1.0,-1.0
2026-02-11,competitive,Asia,nepal,Gold,바스티온,DAMAGE,9.8,49.9
2026-02-11,competitive,Asia,nepal,Gold,바티스트,SUPPORT,8.8,47.2
2026-02-11,competitive,Asia,nepal,Gold,벤데타,DAMAGE,4.8,54.7
2026-02-11,competitive,Asia,nepal,Gold,벤처,DAMAGE,6.9,51.3
2026-02-11,competitive,Asia,nepal,Gold,브리기테,SUPPORT,4.9,50.4
2026-02-11,competitive,Asia,nepal,Gold,소전,DAMAGE,16.2,47.3
2026-02-11,competitive,Asia,nepal,Gold,솔저: 76,DAMAGE,21.8,49.0
2026-02-11,competitive,Asia,nepal,Gold,솜브라,DAMAGE,3.6,48.9
2026-02-11,competitive,Asia,nepal,Gold,시그마,TANK,12.6,54.9
2026-02-11,competitive,Asia,nepal,Gold,시메트라,DAMAGE,9.1,61.5
2026-02-11,competitive,Asia,nepal,Gold,아나,SUPPORT,54.2,49.3
2026-02-11,competitive,Asia,nepal,Gold,안란,DAMAGE,0.0,49.7
2026-02-11,competitive,Asia,nepal,Gold,애쉬,DAMAGE,11.9,47.8
2026-02-11,competitive,Asia,nepal,Gold,에코,DAMAGE,5.5,49.8
2026-02-11,competitive,Asia,nepal,Gold,엠레,DAMAGE,-1.0,-1.0
2026-02-11,competitive,Asia,nepal,Gold,오리사,TANK,13.6,46.4
2026-02-11,competitive,Asia,nepal,Gold,우양,SUPPORT,17.3,53.6
2026-02-11,competitive,Asia,nepal,Gold,위도우메이커,DAMAGE,1.1,37.4
2026-02-11,competitive,Asia,nepal,Gold,윈스턴,TANK,6.4,48.7
2026-02-11,competitive,Asia,nepal,Gold,일리아리,SUPPORT,12.4,55.4
2026-02-11,competitive,Asia,nepal,Gold,자리야,TANK,10.0,51.7
2026-02-11,competitive,Asia,nepal,Gold,정커퀸,TANK,5.6,54.1
2026-02-11,competitive,Asia,nepal,Gold,정크랫,DAMAGE,9.7,51.7
2026-02-11,competitive,Asia,nepal,Gold,제트팩 캣,SUPPORT,-1.0,-1.0
2026-02-11,competitive,Asia,nepal,Gold,젠야타,SUPPORT,11.9,53.3
2026-02-11,competitive,Asia,nepal,Gold,주노,SUPPORT,10.0,49.1
2026-02-11,competitive,Asia,nepal,Gold,캐서디,DAMAGE,27.9,45.9
2026-02-11,competitive,Asia,nepal,Gold,키리코,SUPPORT,34.6,47.4
2026-02-11,competitive,Asia,nepal,Gold,토르비욘,DAMAGE,2.8,51.5
2026-02-11,competitive,Asia,nepal,Gold,트레이서,DAMAGE,7.1,47.1
2026-02-11,competitive,Asia,nepal,Gold,파라,DAMAGE,7.0,52.8
2026-02-11,competitive,Asia,nepal,Gold,프레야,DAMAGE,5.0,44.5
2026-02-11,competitive,Asia,nepal,Gold,한조,DAMAGE,8.0,48.9
2026-02-11,competitive,Asia,nepal,Gold,해저드,TANK,3.4,50.7
2026-02-11,competitive,Asia,nepal,Platinum,D.Va,TANK,6.0,46.7
2026-02-11,competitive,Asia,nepal,Platinum,겐지,DAMAGE,21.6,51.6
2026-02-11,competitive,Asia,nepal,Platinum,도미나,TANK,-1.0,-1.0
2026-02-11,competitive,Asia,nepal,Platinum,둠피스트,TANK,8.4,51.2
2026-02-11,competitive,Asia,nepal,Platinum,라마트라,TANK,5.9,50.1
2026-02-11,competitive,Asia,nepal,Platinum,라이프위버,SUPPORT,4.4,41.0
2026-02-11,competitive,Asia,nepal,Platinum,라인하르트,TANK,11.9,52.2
2026-02-11,competitive,Asia,nepal,Platinum,레킹볼,TANK,4.4,46.1
2026-02-11,competitive,Asia,nepal,Platinum,로드호그,TANK,7.2,44.8
2026-02-11,competitive,Asia,nepal,Platinum,루시우,SUPPORT,7.4,50.8
2026-02-11,competitive,Asia,nepal,Platinum,리퍼,DAMAGE,11.8,52.5
2026-02-11,competitive,Asia,nepal,Platinum,마우가,TANK,3.4,45.8
2026-02-11,competitive,Asia,nepal,Platinum,메르시,SUPPORT,7.4,47.1
2026-02-11,competitive,Asia,nepal,Platinum,메이,DAMAGE,7.5,50.9
2026-02-11,competitive,Asia,nepal,Platinum,모이라,SUPPORT,15.4,49.7
2026-02-11,competitive,Asia,nepal,Platinum,미즈키,SUPPORT,-1.0,-1.0
2026-02-11,competitive,Asia,nepal,Platinum,바스티온,DAMAGE,7.5,50.2
2026-02-11,competitive,Asia,nepal,Platinum,바티스트,SUPPORT,9.0,47.3
2026-02-11,competitive,Asia,nepal,Platinum,벤데타,DAMAGE,4.8,54.9
2026-02-11,competitive,Asia,nepal,Platinum,벤처,DAMAGE,7.1,51.5
2026-02-11,competitive,Asia,nepal,Platinum,브리기테,SUPPORT,5.5,49.7
2026-02-11,competitive,Asia,nepal,Platinum,소전,DAMAGE,16.7,48.0
2026-02-11,competitive,Asia,nepal,Platinum,솔저: 76,DAMAGE,18.1,49.8
2026-02-11,competitive,Asia,nepal,Platinum,솜브라,DAMAGE,4.2,48.6
2026-02-11,competitive,Asia,nepal,Platinum,시그마,TANK,12.8,56.4
2026-02-11,competitive,Asia,nepal,Platinum,시메트라,DAMAGE,10.0,59.4
2026-02-11,competitive,Asia,nepal,Platinum,아나,SUPPORT,61.8,48.8
2026-02-11,competitive,Asia,nepal,Platinum,안란,DAMAGE,0.0,100.0
2026-02-11,competitive,Asia,nepal,Platinum,애쉬,DAMAGE,11.9,48.5
2026-02-11,competitive,Asia,nepal,Platinum,에코,DAMAGE,6.4,51.3
2026-02-11,competitive,Asia,nepal,Platinum,엠레,DAMAGE,-1.0,-1.0
2026-02-11,competitive,Asia,nepal,Platinum,오리사,TANK,11.3,46.1
2026-02-11,competitive,Asia,nepal,Platinum,우양,SUPPORT,20.0,54.4
2026-02-11,competitive,Asia,nepal,Platinum,위도우메이커,DAMAGE,1.0,36.7
2026-02-11,competitive,Asia,nepal,Platinum,윈스턴,TANK,7.9,48.1
2026-02-11,competitive,Asia,nepal,Platinum,일리아리,SUPPORT,13.9,56.3
2026-02-11,competitive,Asia,nepal,Platinum,자리야,TANK,11.1,51.6
2026-02-11,competitive,Asia,nepal,Platinum,정커퀸,TANK,6.1,53.3
2026-02-11,competitive,Asia,nepal,Platinum,정크랫,DAMAGE,7.1,51.0
2026-02-11,competitive,Asia,nepal,Platinum,제트팩 캣,SUPPORT,-1.0,-1.0
2026-02-11,competitive,Asia,nepal,Platinum,젠야타,SUPPORT,13.1,52.5
2026-02-11,competitive,Asia,nepal,Platinum,주노,SUPPORT,7.1,49.2
2026-02-11,competitive,Asia,nepal,Platinum,캐서디,DAMAGE,32.3,45.7
2026-02-11,competitive,Asia,nepal,Platinum,키리코,SUPPORT,35.0,47.2
2026-02-11,competitive,Asia,nepal,Platinum,토르비욘,DAMAGE,2.6,51.2
2026-02-11,competitive,Asia,nepal,Platinum,트레이서,DAMAGE,9.5,48.6
2026-02-11,competitive,Asia,nepal,Platinum,파라,DAMAGE,7.1,52.8
2026-02-11,competitive,Asia,nepal,Platinum,프레야,DAMAGE,4.9,45.5
2026-02-11,competitive,Asia,nepal,Platinum,한조,DAMAGE,8.2,48.5
2026-02-11,competitive,Asia,nepal,Platinum,해저드,TANK,3.7,51.7
2026-02-11,competitive,Asia,nepal,Diamond,D.Va,TANK,6.0,46.6
2026-02-11,competitive,Asia,nepal,Diamond,겐지,DAMAGE,21.7,51.1
2026-02-11,competitive,Asia,nepal,Diamond,도미나,TANK,-1.0,-1.0
2026-02-11,competitive,Asia,nepal,Diamond,둠피스트,TANK,11.9,51.5
2026-02-11,competitive,Asia,nepal,Diamond,라마트라,TANK,5.6,51.3
2026-02-11,competitive,Asia,nepal,Diamond,라이프위버,SUPPORT,3.2,38.3
2026-02-11,competitive,Asia,nepal,Diamond,라인하르트,TANK,9.9,48.8
2026-02-11,competitive,Asia,nepal,Diamond,레킹볼,TANK,4.8,44.5
2026-02-11,competitive,Asia,nepal,Diamond,로드호그,TANK,5.2,42.7
2026-02-11,competitive,Asia,nepal,Diamond,루시우,SUPPORT,6.9,49.8
2026-02-11,competitive,Asia,nepal,Diamond,리퍼,DAMAGE,9.4,55.0
2026-02-11,competitive,Asia,nepal,Diamond,마우가,TANK,2.7,47.2
2026-02-11,competitive,Asia,nepal,Diamond,메르시,SUPPORT,5.4,47.0
2026-02-11,competitive,Asia,nepal,Diamond,메이,DAMAGE,6.3,50.2
2026-02-11,competitive,Asia,nepal,Diamond,모이라,SUPPORT,9.5,49.1
2026-02-11,competitive,Asia,nepal,Diamond,미즈키,SUPPORT,-1.0,-1.0
2026-02-11,competitive,Asia,nepal,Diamond,바스티온,DAMAGE,6.4,50.8
2026-02-11,competitive,Asia,nepal,Diamond,바티스트,SUPPORT,10.9,48.7
2026-02-11,competitive,Asia,nepal,Diamond,벤데타,DAMAGE,4.3,53.6
2026-02-11,competitive,Asia,nepal,Diamond,벤처,DAMAGE,7.3,51.8
2026-02-11,competitive,Asia,nepal,Diamond,브리기테,SUPPORT,6.4,48.8
2026-02-11,competitive,Asia,nepal,Diamond,소전,DAMAGE,19.0,48.6
2026-02-11,competitive,Asia,nepal,Diamond,솔저: 76,DAMAGE,14.1,50.3
2026-02-11,competitive,Asia,nepal,Diamond,솜브라,DAMAGE,5.1,48.9
2026-02-11,competitive,Asia,nepal,Diamond,시그마,TANK,14.2,57.3
2026-02-11,competitive,Asia,nepal,Diamond,시메트라,DAMAGE,9.3,58.9
2026-02-11,competitive,Asia,nepal,Diamond,아나,SUPPORT,62.3,48.6
2026-02-11,competitive,Asia,nepal,Diamond,안란,DAMAGE,-1.0,-1.0
2026-02-11,competitive,Asia,nepal,Diamond,애쉬,DAMAGE,11.7,50.7
2026-02-11,competitive,Asia,nepal,Diamond,에코,DAMAGE,8.1,50.2
2026-02-11,competitive,Asia,nepal,Diamond,엠레,DAMAGE,-1.0,-1.0
2026-02-11,competitive,Asia,nepal,Diamond,오리사,TANK,8.8,47.2
2026-02-11,competitive,Asia,nepal,Diamond,우양,SUPPORT,25.6,54.1
2026-02-11,competitive,Asia,nepal,Diamond,위도우메이커,DAMAGE,1.0,31.9
2026-02-11,competitive,Asia,nepal,Diamond,윈스턴,TANK,9.7,48.0
2026-02-11,competitive,Asia,nepal,Diamond,일리아리,SUPPORT,16.7,56.3
2026-02-11,competitive,Asia,nepal,Diamond,자리야,TANK,11.7,53.0
2026-02-11,competitive,Asia,nepal,Diamond,정커퀸,TANK,5.5,51.3
2026-02-11,competitive,Asia,nepal,Diamond,정크랫,DAMAGE,5.2,49.3
2026-02-11,competitive,Asia,nepal,Diamond,제트팩 캣,SUPPORT,-1.0,-1.0
2026-02-11,competitive,Asia,nepal,Diamond,젠야타,SUPPORT,13.7,52.1
2026-02-11,competitive,Asia,nepal,Diamond,주노,SUPPORT,5.0,47.8
2026-02-11,competitive,Asia,nepal,Diamond,캐서디,DAMAGE,34.4,45.6
2026-02-11,competitive,Asia,nepal,Diamond,키리코,SUPPORT,34.4,47.0
2026-02-11,competitive,Asia,nepal,Diamond,토르비욘,DAMAGE,2.4,48.0
2026-02-11,competitive,Asia,nepal,Diamond,트레이서,DAMAGE,14.0,48.7
2026-02-11,competitive,Asia,nepal,Diamond,파라,DAMAGE,7.2,54.5
2026-02-11,competitive,Asia,nepal,Diamond,프레야,DAMAGE,5.0,44.3
2026-02-11,competitive,Asia,nepal,Diamond,한조,DAMAGE,8.0,48.9
2026-02-11,competitive,Asia,nepal,Diamond,해저드,TANK,3.9,51.6
2026-02-11,competitive,Asia,nepal,Master,D.Va,TANK,6.1,46.3
2026-02-11,competitive,Asia,nepal,Master,겐지,DAMAGE,19.2,50.8
2026-02-11,competitive,Asia,nepal,Master,도미나,TANK,-1.0,-1.0
2026-02-11,competitive,Asia,nepal,Master,둠피스트,TANK,13.9,49.7
2026-02-11,competitive,Asia,nepal,Master,라마트라,TANK,5.4,52.9
2026-02-11,competitive,Asia,nepal,Master,라이프위버,SUPPORT,2.3,38.4
2026-02-11,competitive,Asia,nepal,Master,라인하르트,TANK,7.2,46.9
2026-02-11,competitive,Asia,nepal,Master,레킹볼,TANK,4.8,42.1
2026-02-11,competitive,Asia,nepal,Master,로드호그,TANK,3.9,45.9
2026-02-11,competitive,Asia,nepal,Master,루시우,SUPPORT,7.8,50.3
2026-02-11,competitive,Asia,nepal,Master,리퍼,DAMAGE,7.8,50.3
2026-02-11,competitive,Asia,nepal,Master,마우가,TANK,2.3,46.0
2026-02-11,competitive,Asia,nepal,Master,메르시,SUPPORT,4.5,44.1
2026-02-11,competitive,Asia,nepal,Master,메이,DAMAGE,4.6,47.2
2026-02-11,competitive,Asia,nepal,Master,모이라,SUPPORT,5.6,47.6
2026-02-11,competitive,Asia,nepal,Master,미즈키,SUPPORT,-1.0,-1.0
2026-02-11,competitive,Asia,nepal,Master,바스티온,DAMAGE,5.0,52.7
2026-02-11,competitive,Asia,nepal,Master,바티스트,SUPPORT,13.7,50.6
2026-02-11,competitive,Asia,nepal,Master,벤데타,DAMAGE,4.2,53.8
2026-02-11,competitive,Asia,nepal,Master,벤처,DAMAGE,7.0,50.6
2026-02-11,competitive,Asia,nepal,Master,브리기테,SUPPORT,6.7,49.4
2026-02-11,competitive,Asia,nepal,Master,소전,DAMAGE,23.0,49.3
2026-02-11,competitive,Asia,nepal,Master,솔저: 76,DAMAGE,10.8,49.8
2026-02-11,competitive,Asia,nepal,Master,솜브라,DAMAGE,5.9,47.6
2026-02-11,competitive,Asia,nepal,Master,시그마,TANK,17.5,57.1
2026-02-11,competitive,Asia,nepal,Master,시메트라,DAMAGE,8.3,56.0
2026-02-11,competitive,Asia,nepal,Master,아나,SUPPORT,56.0,48.7
2026-02-11,competitive,Asia,nepal,Master,안란,DAMAGE,-1.0,-1.0
2026-02-11,competitive,Asia,nepal,Master,애쉬,DAMAGE,13.3,53.3
2026-02-11,competitive,Asia,nepal,Master,에코,DAMAGE,11.3,52.0
2026-02-11,competitive,Asia,nepal,Master,엠레,DAMAGE,-1.0,-1.0
2026-02-11,competitive,Asia,nepal,Master,오리사,TANK,7.6,46.7
2026-02-11,competitive,Asia,nepal,Master,우양,SUPPORT,32.8,52.8
2026-02-11,competitive,Asia,nepal,Master,위도우메이커,DAMAGE,1.4,34.7
2026-02-11,competitive,Asia,nepal,Master,윈스턴,TANK,12.1,47.0
2026-02-11,competitive,Asia,nepal,Master,일리아리,SUPPORT,19.2,56.1
2026-02-11,competitive,Asia,nepal,Master,자리야,TANK,11.0,55.0
2026-02-11,competitive,Asia,nepal,Master,정커퀸,TANK,4.3,52.1
2026-02-11,competitive,Asia,nepal,Master,정크랫,DAMAGE,3.1,48.9
2026-02-11,competitive,Asia,nepal,Master,제트팩 캣,SUPPORT,-1.0,-1.0
2026-02-11,competitive,Asia,nepal,Master,젠야타,SUPPORT,11.2,49.4
2026-02-11,competitive,Asia,nepal,Master,주노,SUPPORT,3.4,51.1
2026-02-11,competitive,Asia,nepal,Master,캐서디,DAMAGE,31.3,46.9
2026-02-11,competitive,Asia,nepal,Master,키리코,SUPPORT,36.8,47.6
2026-02-11,competitive,Asia,nepal,Master,토르비욘,DAMAGE,2.3,48.7
2026-02-11,competitive,Asia,nepal,Master,트레이서,DAMAGE,21.4,50.1
2026-02-11,competitive,Asia,nepal,Master,파라,DAMAGE,7.4,54.7
2026-02-11,competitive,Asia,nepal,Master,프레야,DAMAGE,5.0,44.8
2026-02-11,competitive,Asia,nepal,Master,한조,DAMAGE,7.8,46.9
2026-02-11,competitive,Asia,nepal,Master,해저드,TANK,3.9,51.7
2026-02-11,competitive,Asia,nepal,Grandmaster,D.Va,TANK,8.7,48.7
2026-02-11,competitive,Asia,nepal,Grandmaster,겐지,DAMAGE,11.9,49.0
2026-02-11,competitive,Asia,nepal,Grandmaster,도미나,TANK,-1.0,-1.0
2026-02-11,competitive,Asia,nepal,Grandmaster,둠피스트,TANK,11.3,46.7
2026-02-11,competitive,Asia,nepal,Grandmaster,라마트라,TANK,5.2,51.1
2026-02-11,competitive,Asia,nepal,Grandmaster,라이프위버,SUPPORT,1.0,29.3
2026-02-11,competitive,Asia,nepal,Grandmaster,라인하르트,TANK,5.6,42.8
2026-02-11,competitive,Asia,nepal,Grandmaster,레킹볼,TANK,5.4,43.1
2026-02-11,competitive,Asia,nepal,Grandmaster,로드호그,TANK,2.3,36.8
2026-02-11,competitive,Asia,nepal,Grandmaster,루시우,SUPPORT,10.5,51.0
2026-02-11,competitive,Asia,nepal,Grandmaster,리퍼,DAMAGE,4.4,47.9
2026-02-11,competitive,Asia,nepal,Grandmaster,마우가,TANK,1.0,42.1
2026-02-11,competitive,Asia,nepal,Grandmaster,메르시,SUPPORT,3.6,43.2
2026-02-11,competitive,Asia,nepal,Grandmaster,메이,DAMAGE,4.1,51.4
2026-02-11,competitive,Asia,nepal,Grandmaster,모이라,SUPPORT,4.0,43.2
2026-02-11,competitive,Asia,nepal,Grandmaster,미즈키,SUPPORT,-1.0,-1.0
2026-02-11,competitive,Asia,nepal,Grandmaster,바스티온,DAMAGE,2.9,49.8
2026-02-11,competitive,Asia,nepal,Grandmaster,바티스트,SUPPORT,22.5,53.4
2026-02-11,competitive,Asia,nepal,Grandmaster,벤데타,DAMAGE,5.5,56.7
2026-02-11,competitive,Asia,nepal,Grandmaster,벤처,DAMAGE,6.3,45.8
2026-02-11,competitive,Asia,nepal,Grandmaster,브리기테,SUPPORT,7.1,53.9
2026-02-11,competitive,Asia,nepal,Grandmaster,소전,DAMAGE,28.1,49.0
2026-02-11,competitive,Asia,nepal,Grandmaster,솔저: 76,DAMAGE,8.4,50.5
2026-02-11,competitive,Asia,nepal,Grandmaster,솜브라,DAMAGE,4.8,49.2
2026-02-11,competitive,Asia,nepal,Grandmaster,시그마,TANK,23.5,58.2
2026-02-11,competitive,Asia,nepal,Grandmaster,시메트라,DAMAGE,7.5,56.2
2026-02-11,competitive,Asia,nepal,Grandmaster,아나,SUPPORT,46.2,46.9
2026-02-11,competitive,Asia,nepal,Grandmaster,안란,DAMAGE,-1.0,-1.0
2026-02-11,competitive,Asia,nepal,Grandmaster,애쉬,DAMAGE,18.5,53.8
2026-02-11,competitive,Asia,nepal,Grandmaster,에코,DAMAGE,13.2,49.6
2026-02-11,competitive,Asia,nepal,Grandmaster,엠레,DAMAGE,-1.0,-1.0
2026-02-11,competitive,Asia,nepal,Grandmaster,오리사,TANK,5.9,47.1
2026-02-11,competitive,Asia,nepal,Grandmaster,우양,SUPPORT,36.4,51.8
2026-02-11,competitive,Asia,nepal,Grandmaster,위도우메이커,DAMAGE,2.2,36.4
2026-02-11,competitive,Asia,nepal,Grandmaster,윈스턴,TANK,11.9,48.7
2026-02-11,competitive,Asia,nepal,Grandmaster,일리아리,SUPPORT,21.7,56.9
2026-02-11,competitive,Asia,nepal,Grandmaster,자리야,TANK,13.6,54.5
2026-02-11,competitive,Asia,nepal,Grandmaster,정커퀸,TANK,2.6,56.7
2026-02-11,competitive,Asia,nepal,Grandmaster,정크랫,DAMAGE,4.4,52.5
2026-02-11,competitive,Asia,nepal,Grandmaster,제트팩 캣,SUPPORT,-1.0,-1.0
2026-02-11,competitive,Asia,nepal,Grandmaster,젠야타,SUPPORT,6.9,46.2
2026-02-11,competitive,Asia,nepal,Grandmaster,주노,SUPPORT,2.0,42.4
2026-02-11,competitive,Asia,nepal,Grandmaster,캐서디,DAMAGE,23.5,48.1
2026-02-11,competitive,Asia,nepal,Grandmaster,키리코,SUPPORT,37.9,48.4
2026-02-11,competitive,Asia,nepal,Grandmaster,토르비욘,DAMAGE,1.4,37.9
2026-02-11,competitive,Asia,nepal,Grandmaster,트레이서,DAMAGE,29.9,48.4
2026-02-11,competitive,Asia,nepal,Grandmaster,파라,DAMAGE,7.7,60.0
2026-02-11,competitive,Asia,nepal,Grandmaster,프레야,DAMAGE,7.2,46.3
2026-02-11,competitive,Asia,nepal,Grandmaster,한조,DAMAGE,8.0,49.1
2026-02-11,competitive,Asia,nepal,Grandmaster,해저드,TANK,3.1,55.7
2026-02-11,competitive,Asia,lijiang-tower,All,D.Va,TANK,6.7,46.9
2026-02-11,competitive,Asia,lijiang-tower,All,겐지,DAMAGE,17.6,52.0
2026-02-11,competitive,Asia,lijiang-tower,All,도미나,TANK,-1.0,-1.0
2026-02-11,competitive,Asia,lijiang-tower,All,둠피스트,TANK,8.6,53.2
2026-02-11,competitive,Asia,lijiang-tower,All,라마트라,TANK,6.5,48.0
2026-02-11,competitive,Asia,lijiang-tower,All,라이프위버,SUPPORT,4.1,42.8
2026-02-11,competitive,Asia,lijiang-tower,All,라인하르트,TANK,11.9,52.5
2026-02-11,competitive,Asia,lijiang-tower,All,레킹볼,TANK,5.2,49.2
2026-02-11,competitive,Asia,lijiang-tower,All,로드호그,TANK,6.3,44.3
2026-02-11,competitive,Asia,lijiang-tower,All,루시우,SUPPORT,12.8,53.4
2026-02-11,competitive,Asia,lijiang-tower,All,리퍼,DAMAGE,11.8,52.4
2026-02-11,competitive,Asia,lijiang-tower,All,마우가,TANK,3.4,46.8
2026-02-11,competitive,Asia,lijiang-tower,All,메르시,SUPPORT,9.3,47.5
2026-02-11,competitive,Asia,lijiang-tower,All,메이,DAMAGE,7.0,49.6
2026-02-11,competitive,Asia,lijiang-tower,All,모이라,SUPPORT,17.2,49.7
2026-02-11,competitive,Asia,lijiang-tower,All,미즈키,SUPPORT,-1.0,-1.0
2026-02-11,competitive,Asia,lijiang-tower,All,바스티온,DAMAGE,9.3,49.0
2026-02-11,competitive,Asia,lijiang-tower,All,바티스트,SUPPORT,9.3,47.1
2026-02-11,competitive,Asia,lijiang-tower,All,벤데타,DAMAGE,4.6,55.7
2026-02-11,competitive,Asia,lijiang-tower,All,벤처,DAMAGE,6.9,52.5
2026-02-11,competitive,Asia,lijiang-tower,All,브리기테,SUPPORT,5.4,49.1
2026-02-11,competitive,Asia,lijiang-tower,All,소전,DAMAGE,16.7,46.8
2026-02-11,competitive,Asia,lijiang-tower,All,솔저: 76,DAMAGE,17.8,48.2
2026-02-11,competitive,Asia,lijiang-tower,All,솜브라,DAMAGE,3.8,48.1
2026-02-11,competitive,Asia,lijiang-tower,All,시그마,TANK,11.8,53.5
2026-02-11,competitive,Asia,lijiang-tower,All,시메트라,DAMAGE,10.1,61.3
2026-02-11,competitive,Asia,lijiang-tower,All,아나,SUPPORT,54.1,48.7
2026-02-11,competitive,Asia,lijiang-tower,All,안란,DAMAGE,0.0,58.0
2026-02-11,competitive,Asia,lijiang-tower,All,애쉬,DAMAGE,9.7,47.0
2026-02-11,competitive,Asia,lijiang-tower,All,에코,DAMAGE,6.7,49.0
2026-02-11,competitive,Asia,lijiang-tower,All,엠레,DAMAGE,-1.0,-1.0
2026-02-11,competitive,Asia,lijiang-tower,All,오리사,TANK,13.1,47.0
2026-02-11,competitive,Asia,lijiang-tower,All,우양,SUPPORT,20.2,53.2
2026-02-11,competitive,Asia,lijiang-tower,All,위도우메이커,DAMAGE,1.3,36.4
2026-02-11,competitive,Asia,lijiang-tower,All,윈스턴,TANK,7.0,48.7
2026-02-11,competitive,Asia,lijiang-tower,All,일리아리,SUPPORT,13.1,56.0
2026-02-11,competitive,Asia,lijiang-tower,All,자리야,TANK,10.8,52.2
2026-02-11,competitive,Asia,lijiang-tower,All,정커퀸,TANK,5.4,54.0
2026-02-11,competitive,Asia,lijiang-tower,All,정크랫,DAMAGE,9.3,50.2
2026-02-11,competitive,Asia,lijiang-tower,All,제트팩 캣,SUPPORT,-1.0,-1.0
2026-02-11,competitive,Asia,lijiang-tower,All,젠야타,SUPPORT,11.8,52.0
2026-02-11,competitive,Asia,lijiang-tower,All,주노,SUPPORT,8.8,49.1
2026-02-11,competitive,Asia,lijiang-tower,All,캐서디,DAMAGE,30.5,46.0
2026-02-11,competitive,Asia,lijiang-tower,All,키리코,SUPPORT,33.9,47.2
2026-02-11,competitive,Asia,lijiang-tower,All,토르비욘,DAMAGE,2.5,50.5
2026-02-11,competitive,Asia,lijiang-tower,All,트레이서,DAMAGE,9.7,48.5
2026-02-11,competitive,Asia,lijiang-tower,All,파라,DAMAGE,12.3,56.4
2026-02-11,competitive,Asia,lijiang-tower,All,프레야,DAMAGE,4.7,45.7
2026-02-11,competitive,Asia,lijiang-tower,All,한조,DAMAGE,7.5,49.1
2026-02-11,competitive,Asia,lijiang-tower,All,해저드,TANK,3.1,51.2
2026-02-11,competitive,Asia,lijiang-tower,Bronze,D.Va,TANK,10.0,46.3
2026-02-11,competitive,Asia,lijiang-tower,Bronze,겐지,DAMAGE,11.9,51.8
2026-02-11,competitive,Asia,lijiang-tower,Bronze,도미나,TANK,-1.0,-1.0
2026-02-11,competitive,Asia,lijiang-tower,Bronze,둠피스트,TANK,4.4,57.4
2026-02-11,competitive,Asia,lijiang-tower,Bronze,라마트라,TANK,8.7,48.1
2026-02-11,competitive,Asia,lijiang-tower,Bronze,라이프위버,SUPPORT,4.6,42.5
2026-02-11,competitive,Asia,lijiang-tower,Bronze,라인하르트,TANK,11.5,52.5
2026-02-11,competitive,Asia,lijiang-tower,Bronze,레킹볼,TANK,4.1,53.4
2026-02-11,competitive,Asia,lijiang-tower,Bronze,로드호그,TANK,7.9,45.2
2026-02-11,competitive,Asia,lijiang-tower,Bronze,루시우,SUPPORT,16.3,53.2
2026-02-11,competitive,Asia,lijiang-tower,Bronze,리퍼,DAMAGE,13.7,52.3
2026-02-11,competitive,Asia,lijiang-tower,Bronze,마우가,TANK,4.7,46.4
2026-02-11,competitive,Asia,lijiang-tower,Bronze,메르시,SUPPORT,13.1,46.4
2026-02-11,competitive,Asia,lijiang-tower,Bronze,메이,DAMAGE,7.4,50.0
2026-02-11,competitive,Asia,lijiang-tower,Bronze,모이라,SUPPORT,26.6,48.5
2026-02-11,competitive,Asia,lijiang-tower,Bronze,미즈키,SUPPORT,-1.0,-1.0
2026-02-11,competitive,Asia,lijiang-tower,Bronze,바스티온,DAMAGE,18.9,49.9
2026-02-11,competitive,Asia,lijiang-tower,Bronze,바티스트,SUPPORT,7.8,47.6
2026-02-11,competitive,Asia,lijiang-tower,Bronze,벤데타,DAMAGE,4.0,61.5
2026-02-11,competitive,Asia,lijiang-tower,Bronze,벤처,DAMAGE,6.6,54.3
2026-02-11,competitive,Asia,lijiang-tower,Bronze,브리기테,SUPPORT,4.1,51.3
2026-02-11,competitive,Asia,lijiang-tower,Bronze,소전,DAMAGE,19.7,44.5
2026-02-11,competitive,Asia,lijiang-tower,Bronze,솔저: 76,DAMAGE,24.0,49.6
2026-02-11,competitive,Asia,lijiang-tower,Bronze,솜브라,DAMAGE,2.8,52.3
2026-02-11,competitive,Asia,lijiang-tower,Bronze,시그마,TANK,14.4,52.3
2026-02-11,competitive,Asia,lijiang-tower,Bronze,시메트라,DAMAGE,6.9,60.2
2026-02-11,competitive,Asia,lijiang-tower,Bronze,아나,SUPPORT,32.1,50.3
2026-02-11,competitive,Asia,lijiang-tower,Bronze,안란,DAMAGE,-1.0,-1.0
2026-02-11,competitive,Asia,lijiang-tower,Bronze,애쉬,DAMAGE,10.5,45.0
2026-02-11,competitive,Asia,lijiang-tower,Bronze,에코,DAMAGE,5.1,47.6
2026-02-11,competitive,Asia,lijiang-tower,Bronze,엠레,DAMAGE,-1.0,-1.0
2026-02-11,competitive,Asia,lijiang-tower,Bronze,오리사,TANK,17.0,46.6
2026-02-11,competitive,Asia,lijiang-tower,Bronze,우양,SUPPORT,18.8,51.9
2026-02-11,competitive,Asia,lijiang-tower,Bronze,위도우메이커,DAMAGE,2.2,41.8
2026-02-11,competitive,Asia,lijiang-tower,Bronze,윈스턴,TANK,5.2,51.9
2026-02-11,competitive,Asia,lijiang-tower,Bronze,일리아리,SUPPORT,12.8,55.1
2026-02-11,competitive,Asia,lijiang-tower,Bronze,자리야,TANK,5.6,56.8
2026-02-11,competitive,Asia,lijiang-tower,Bronze,정커퀸,TANK,3.6,52.6
2026-02-11,competitive,Asia,lijiang-tower,Bronze,정크랫,DAMAGE,13.3,49.8
2026-02-11,competitive,Asia,lijiang-tower,Bronze,제트팩 캣,SUPPORT,-1.0,-1.0
2026-02-11,competitive,Asia,lijiang-tower,Bronze,젠야타,SUPPORT,12.6,52.3
2026-02-11,competitive,Asia,lijiang-tower,Bronze,주노,SUPPORT,19.1,50.5
2026-02-11,competitive,Asia,lijiang-tower,Bronze,캐서디,DAMAGE,18.7,46.3
2026-02-11,competitive,Asia,lijiang-tower,Bronze,키리코,SUPPORT,32.1,47.2
2026-02-11,competitive,Asia,lijiang-tower,Bronze,토르비욘,DAMAGE,4.2,51.1
2026-02-11,competitive,Asia,lijiang-tower,Bronze,트레이서,DAMAGE,5.4,52.2
2026-02-11,competitive,Asia,lijiang-tower,Bronze,파라,DAMAGE,12.0,55.0
2026-02-11,competitive,Asia,lijiang-tower,Bronze,프레야,DAMAGE,5.3,48.8
2026-02-11,competitive,Asia,lijiang-tower,Bronze,한조,DAMAGE,7.3,48.7
2026-02-11,competitive,Asia,lijiang-tower,Bronze,해저드,TANK,2.8,50.2
2026-02-11,competitive,Asia,lijiang-tower,Silver,D.Va,TANK,8.1,46.3
2026-02-11,competitive,Asia,lijiang-tower,Silver,겐지,DAMAGE,15.1,52.4
2026-02-11,competitive,Asia,lijiang-tower,Silver,도미나,TANK,-1.0,-1.0
2026-02-11,competitive,Asia,lijiang-tower,Silver,둠피스트,TANK,5.8,54.7
2026-02-11,competitive,Asia,lijiang-tower,Silver,라마트라,TANK,7.5,48.8
2026-02-11,competitive,Asia,lijiang-tower,Silver,라이프위버,SUPPORT,5.3,46.2
2026-02-11,competitive,Asia,lijiang-tower,Silver,라인하르트,TANK,12.1,53.7
2026-02-11,competitive,Asia,lijiang-tower,Silver,레킹볼,TANK,4.5,51.1
2026-02-11,competitive,Asia,lijiang-tower,Silver,로드호그,TANK,7.5,46.2
2026-02-11,competitive,Asia,lijiang-tower,Silver,루시우,SUPPORT,16.1,54.0
2026-02-11,competitive,Asia,lijiang-tower,Silver,리퍼,DAMAGE,15.0,52.7
2026-02-11,competitive,Asia,lijiang-tower,Silver,마우가,TANK,4.3,48.0
2026-02-11,competitive,Asia,lijiang-tower,Silver,메르시,SUPPORT,13.8,46.4
2026-02-11,competitive,Asia,lijiang-tower,Silver,메이,DAMAGE,7.7,48.5
2026-02-11,competitive,Asia,lijiang-tower,Silver,모이라,SUPPORT,24.8,49.3
2026-02-11,competitive,Asia,lijiang-tower,Silver,미즈키,SUPPORT,-1.0,-1.0
2026-02-11,competitive,Asia,lijiang-tower,Silver,바스티온,DAMAGE,13.0,48.4
2026-02-11,competitive,Asia,lijiang-tower,Silver,바티스트,SUPPORT,8.1,45.8
2026-02-11,competitive,Asia,lijiang-tower,Silver,벤데타,DAMAGE,4.8,56.3
2026-02-11,competitive,Asia,lijiang-tower,Silver,벤처,DAMAGE,6.6,53.5
2026-02-11,competitive,Asia,lijiang-tower,Silver,브리기테,SUPPORT,4.4,51.7
2026-02-11,competitive,Asia,lijiang-tower,Silver,소전,DAMAGE,16.3,45.8
2026-02-11,competitive,Asia,lijiang-tower,Silver,솔저: 76,DAMAGE,23.7,47.2
2026-02-11,competitive,Asia,lijiang-tower,Silver,솜브라,DAMAGE,3.0,48.4
2026-02-11,competitive,Asia,lijiang-tower,Silver,시그마,TANK,13.1,53.1
2026-02-11,competitive,Asia,lijiang-tower,Silver,시메트라,DAMAGE,8.2,62.6
2026-02-11,competitive,Asia,lijiang-tower,Silver,아나,SUPPORT,43.1,49.5
2026-02-11,competitive,Asia,lijiang-tower,Silver,안란,DAMAGE,0.0,0.0
2026-02-11,competitive,Asia,lijiang-tower,Silver,애쉬,DAMAGE,10.4,47.3
2026-02-11,competitive,Asia,lijiang-tower,Silver,에코,DAMAGE,5.1,48.2
2026-02-11,competitive,Asia,lijiang-tower,Silver,엠레,DAMAGE,-1.0,-1.0
2026-02-11,competitive,Asia,lijiang-tower,Silver,오리사,TANK,15.8,45.7
2026-02-11,competitive,Asia,lijiang-tower,Silver,우양,SUPPORT,16.2,53.6
2026-02-11,competitive,Asia,lijiang-tower,Silver,위도우메이커,DAMAGE,1.6,38.6
2026-02-11,competitive,Asia,lijiang-tower,Silver,윈스턴,TANK,5.4,46.0
2026-02-11,competitive,Asia,lijiang-tower,Silver,일리아리,SUPPORT,12.2,56.0
2026-02-11,competitive,Asia,lijiang-tower,Silver,자리야,TANK,8.2,53.5
2026-02-11,competitive,Asia,lijiang-tower,Silver,정커퀸,TANK,4.7,54.6
2026-02-11,competitive,Asia,lijiang-tower,Silver,정크랫,DAMAGE,12.7,49.8
2026-02-11,competitive,Asia,lijiang-tower,Silver,제트팩 캣,SUPPORT,-1.0,-1.0
2026-02-11,competitive,Asia,lijiang-tower,Silver,젠야타,SUPPORT,10.9,52.6
2026-02-11,competitive,Asia,lijiang-tower,Silver,주노,SUPPORT,13.2,48.4
2026-02-11,competitive,Asia,lijiang-tower,Silver,캐서디,DAMAGE,23.4,47.7
2026-02-11,competitive,Asia,lijiang-tower,Silver,키리코,SUPPORT,31.9,47.0
2026-02-11,competitive,Asia,lijiang-tower,Silver,토르비욘,DAMAGE,3.1,50.2
2026-02-11,competitive,Asia,lijiang-tower,Silver,트레이서,DAMAGE,5.7,47.5
2026-02-11,competitive,Asia,lijiang-tower,Silver,파라,DAMAGE,12.3,56.3
2026-02-11,competitive,Asia,lijiang-tower,Silver,프레야,DAMAGE,4.7,46.9
2026-02-11,competitive,Asia,lijiang-tower,Silver,한조,DAMAGE,7.5,48.7
2026-02-11,competitive,Asia,lijiang-tower,Silver,해저드,TANK,2.9,52.2
2026-02-11,competitive,Asia,lijiang-tower,Gold,D.Va,TANK,6.6,47.1
2026-02-11,competitive,Asia,lijiang-tower,Gold,겐지,DAMAGE,17.5,51.9
2026-02-11,competitive,Asia,lijiang-tower,Gold,도미나,TANK,-1.0,-1.0
2026-02-11,competitive,Asia,lijiang-tower,Gold,둠피스트,TANK,6.8,54.4
2026-02-11,competitive,Asia,lijiang-tower,Gold,라마트라,TANK,6.5,47.9
2026-02-11,competitive,Asia,lijiang-tower,Gold,라이프위버,SUPPORT,5.0,43.1
2026-02-11,competitive,Asia,lijiang-tower,Gold,라인하르트,TANK,13.1,53.5
2026-02-11,competitive,Asia,lijiang-tower,Gold,레킹볼,TANK,4.9,49.4
2026-02-11,competitive,Asia,lijiang-tower,Gold,로드호그,TANK,7.1,44.2
2026-02-11,competitive,Asia,lijiang-tower,Gold,루시우,SUPPORT,13.5,53.7
2026-02-11,competitive,Asia,lijiang-tower,Gold,리퍼,DAMAGE,13.3,52.6
2026-02-11,competitive,Asia,lijiang-tower,Gold,마우가,TANK,3.8,47.2
2026-02-11,competitive,Asia,lijiang-tower,Gold,메르시,SUPPORT,10.6,47.7
2026-02-11,competitive,Asia,lijiang-tower,Gold,메이,DAMAGE,7.3,49.9
2026-02-11,competitive,Asia,lijiang-tower,Gold,모이라,SUPPORT,20.6,50.3
2026-02-11,competitive,Asia,lijiang-tower,Gold,미즈키,SUPPORT,-1.0,-1.0
2026-02-11,competitive,Asia,lijiang-tower,Gold,바스티온,DAMAGE,9.9,48.6
2026-02-11,competitive,Asia,lijiang-tower,Gold,바티스트,SUPPORT,8.5,46.3
2026-02-11,competitive,Asia,lijiang-tower,Gold,벤데타,DAMAGE,4.7,54.8
2026-02-11,competitive,Asia,lijiang-tower,Gold,벤처,DAMAGE,6.9,53.1
2026-02-11,competitive,Asia,lijiang-tower,Gold,브리기테,SUPPORT,5.0,48.6
2026-02-11,competitive,Asia,lijiang-tower,Gold,소전,DAMAGE,15.0,46.5
2026-02-11,competitive,Asia,lijiang-tower,Gold,솔저: 76,DAMAGE,20.4,47.6
2026-02-11,competitive,Asia,lijiang-tower,Gold,솜브라,DAMAGE,3.4,48.2
2026-02-11,competitive,Asia,lijiang-tower,Gold,시그마,TANK,11.7,52.7
2026-02-11,competitive,Asia,lijiang-tower,Gold,시메트라,DAMAGE,10.1,62.3
2026-02-11,competitive,Asia,lijiang-tower,Gold,아나,SUPPORT,53.3,48.6
2026-02-11,competitive,Asia,lijiang-tower,Gold,안란,DAMAGE,0.0,100.0
2026-02-11,competitive,Asia,lijiang-tower,Gold,애쉬,DAMAGE,10.7,46.7
2026-02-11,competitive,Asia,lijiang-tower,Gold,에코,DAMAGE,5.8,48.5
2026-02-11,competitive,Asia,lijiang-tower,Gold,엠레,DAMAGE,-1.0,-1.0
2026-02-11,competitive,Asia,lijiang-tower,Gold,오리사,TANK,14.6,47.2
2026-02-11,competitive,Asia,lijiang-tower,Gold,우양,SUPPORT,17.2,53.4
2026-02-11,competitive,Asia,lijiang-tower,Gold,위도우메이커,DAMAGE,1.3,37.4
2026-02-11,competitive,Asia,lijiang-tower,Gold,윈스턴,TANK,5.9,48.5
2026-02-11,competitive,Asia,lijiang-tower,Gold,일리아리,SUPPORT,11.8,55.6
2026-02-11,competitive,Asia,lijiang-tower,Gold,자리야,TANK,10.5,51.4
2026-02-11,competitive,Asia,lijiang-tower,Gold,정커퀸,TANK,5.4,54.5
2026-02-11,competitive,Asia,lijiang-tower,Gold,정크랫,DAMAGE,10.7,50.3
2026-02-11,competitive,Asia,lijiang-tower,Gold,제트팩 캣,SUPPORT,-1.0,-1.0
2026-02-11,competitive,Asia,lijiang-tower,Gold,젠야타,SUPPORT,11.3,52.6
2026-02-11,competitive,Asia,lijiang-tower,Gold,주노,SUPPORT,9.7,49.0
2026-02-11,competitive,Asia,lijiang-tower,Gold,캐서디,DAMAGE,28.6,46.3
2026-02-11,competitive,Asia,lijiang-tower,Gold,키리코,SUPPORT,33.5,47.6
2026-02-11,competitive,Asia,lijiang-tower,Gold,토르비욘,DAMAGE,2.6,50.2
2026-02-11,competitive,Asia,lijiang-tower,Gold,트레이서,DAMAGE,7.0,48.2
2026-02-11,competitive,Asia,lijiang-tower,Gold,파라,DAMAGE,12.6,56.0
2026-02-11,competitive,Asia,lijiang-tower,Gold,프레야,DAMAGE,4.6,45.3
2026-02-11,competitive,Asia,lijiang-tower,Gold,한조,DAMAGE,7.6,48.9
2026-02-11,competitive,Asia,lijiang-tower,Gold,해저드,TANK,2.9,51.3
2026-02-11,competitive,Asia,lijiang-tower,Platinum,D.Va,TANK,6.1,47.1
2026-02-11,competitive,Asia,lijiang-tower,Platinum,겐지,DAMAGE,19.1,52.7
2026-02-11,competitive,Asia,lijiang-tower,Platinum,도미나,TANK,-1.0,-1.0
2026-02-11,competitive,Asia,lijiang-tower,Platinum,둠피스트,TANK,9.0,53.6
2026-02-11,competitive,Asia,lijiang-tower,Platinum,라마트라,TANK,6.0,48.0
2026-02-11,competitive,Asia,lijiang-tower,Platinum,라이프위버,SUPPORT,3.8,41.8
2026-02-11,competitive,Asia,lijiang-tower,Platinum,라인하르트,TANK,12.5,52.8
2026-02-11,competitive,Asia,lijiang-tower,Platinum,레킹볼,TANK,5.5,48.8
2026-02-11,competitive,Asia,lijiang-tower,Platinum,로드호그,TANK,6.2,43.5
2026-02-11,competitive,Asia,lijiang-tower,Platinum,루시우,SUPPORT,11.1,53.5
2026-02-11,competitive,Asia,lijiang-tower,Platinum,리퍼,DAMAGE,11.0,52.0
2026-02-11,competitive,Asia,lijiang-tower,Platinum,마우가,TANK,3.2,46.4
2026-02-11,competitive,Asia,lijiang-tower,Platinum,메르시,SUPPORT,8.2,48.0
2026-02-11,competitive,Asia,lijiang-tower,Platinum,메이,DAMAGE,7.2,49.7
2026-02-11,competitive,Asia,lijiang-tower,Platinum,모이라,SUPPORT,14.8,49.8
2026-02-11,competitive,Asia,lijiang-tower,Platinum,미즈키,SUPPORT,-1.0,-1.0
2026-02-11,competitive,Asia,lijiang-tower,Platinum,바스티온,DAMAGE,7.9,48.9
2026-02-11,competitive,Asia,lijiang-tower,Platinum,바티스트,SUPPORT,9.2,47.1
2026-02-11,competitive,Asia,lijiang-tower,Platinum,벤데타,DAMAGE,4.6,55.5
2026-02-11,competitive,Asia,lijiang-tower,Platinum,벤처,DAMAGE,7.0,51.8
2026-02-11,competitive,Asia,lijiang-tower,Platinum,브리기테,SUPPORT,5.6,49.2
2026-02-11,competitive,Asia,lijiang-tower,Platinum,소전,DAMAGE,15.3,46.8
2026-02-11,competitive,Asia,lijiang-tower,Platinum,솔저: 76,DAMAGE,16.1,48.3
2026-02-11,competitive,Asia,lijiang-tower,Platinum,솜브라,DAMAGE,4.0,47.5
2026-02-11,competitive,Asia,lijiang-tower,Platinum,시그마,TANK,10.8,53.9
2026-02-11,competitive,Asia,lijiang-tower,Platinum,시메트라,DAMAGE,11.5,61.3
2026-02-11,competitive,Asia,lijiang-tower,Platinum,아나,SUPPORT,61.0,48.3
2026-02-11,competitive,Asia,lijiang-tower,Platinum,안란,DAMAGE,0.0,0.0
2026-02-11,competitive,Asia,lijiang-tower,Platinum,애쉬,DAMAGE,9.6,46.6
2026-02-11,competitive,Asia,lijiang-tower,Platinum,에코,DAMAGE,6.7,49.5
2026-02-11,competitive,Asia,lijiang-tower,Platinum,엠레,DAMAGE,-1.0,-1.0
2026-02-11,competitive,Asia,lijiang-tower,Platinum,오리사,TANK,12.4,47.1
2026-02-11,competitive,Asia,lijiang-tower,Platinum,우양,SUPPORT,19.8,53.5
2026-02-11,competitive,Asia,lijiang-tower,Platinum,위도우메이커,DAMAGE,1.1,34.9
2026-02-11,competitive,Asia,lijiang-tower,Platinum,윈스턴,TANK,7.1,48.8
2026-02-11,competitive,Asia,lijiang-tower,Platinum,일리아리,SUPPORT,13.0,56.4
2026-02-11,competitive,Asia,lijiang-tower,Platinum,자리야,TANK,11.9,50.8
2026-02-11,competitive,Asia,lijiang-tower,Platinum,정커퀸,TANK,5.9,54.0
2026-02-11,competitive,Asia,lijiang-tower,Platinum,정크랫,DAMAGE,8.5,51.0
2026-02-11,competitive,Asia,lijiang-tower,Platinum,제트팩 캣,SUPPORT,-1.0,-1.0
2026-02-11,competitive,Asia,lijiang-tower,Platinum,젠야타,SUPPORT,12.3,51.8
2026-02-11,competitive,Asia,lijiang-tower,Platinum,주노,SUPPORT,7.2,48.7
2026-02-11,competitive,Asia,lijiang-tower,Platinum,캐서디,DAMAGE,34.0,45.3
2026-02-11,competitive,Asia,lijiang-tower,Platinum,키리코,SUPPORT,34.0,47.1
2026-02-11,competitive,Asia,lijiang-tower,Platinum,토르비욘,DAMAGE,2.3,51.1
2026-02-11,competitive,Asia,lijiang-tower,Platinum,트레이서,DAMAGE,9.5,47.9
2026-02-11,competitive,Asia,lijiang-tower,Platinum,파라,DAMAGE,12.6,56.4
2026-02-11,competitive,Asia,lijiang-tower,Platinum,프레야,DAMAGE,4.5,45.0
2026-02-11,competitive,Asia,lijiang-tower,Platinum,한조,DAMAGE,7.6,49.4
2026-02-11,competitive,Asia,lijiang-tower,Platinum,해저드,TANK,3.4,51.6
2026-02-11,competitive,Asia,lijiang-tower,Diamond,D.Va,TANK,5.7,46.7
2026-02-11,competitive,Asia,lijiang-tower,Diamond,겐지,DAMAGE,19.5,51.2
2026-02-11,competitive,Asia,lijiang-tower,Diamond,도미나,TANK,-1.0,-1.0
2026-02-11,competitive,Asia,lijiang-tower,Diamond,둠피스트,TANK,12.6,51.1
2026-02-11,competitive,Asia,lijiang-tower,Diamond,라마트라,TANK,5.9,48.4
2026-02-11,competitive,Asia,lijiang-tower,Diamond,라이프위버,SUPPORT,2.7,41.4
2026-02-11,competitive,Asia,lijiang-tower,Diamond,라인하르트,TANK,10.9,49.5
2026-02-11,competitive,Asia,lijiang-tower,Diamond,레킹볼,TANK,5.9,48.9
2026-02-11,competitive,Asia,lijiang-tower,Diamond,로드호그,TANK,4.7,43.4
2026-02-11,competitive,Asia,lijiang-tower,Diamond,루시우,SUPPORT,10.5,52.8
2026-02-11,competitive,Asia,lijiang-tower,Diamond,리퍼,DAMAGE,8.9,52.8
2026-02-11,competitive,Asia,lijiang-tower,Diamond,마우가,TANK,2.8,44.8
2026-02-11,competitive,Asia,lijiang-tower,Diamond,메르시,SUPPORT,5.7,49.0
2026-02-11,competitive,Asia,lijiang-tower,Diamond,메이,DAMAGE,6.1,50.1
2026-02-11,competitive,Asia,lijiang-tower,Diamond,모이라,SUPPORT,9.9,49.5
2026-02-11,competitive,Asia,lijiang-tower,Diamond,미즈키,SUPPORT,-1.0,-1.0
2026-02-11,competitive,Asia,lijiang-tower,Diamond,바스티온,DAMAGE,6.4,49.8
2026-02-11,competitive,Asia,lijiang-tower,Diamond,바티스트,SUPPORT,10.3,48.2
2026-02-11,competitive,Asia,lijiang-tower,Diamond,벤데타,DAMAGE,4.6,55.1
2026-02-11,competitive,Asia,lijiang-tower,Diamond,벤처,DAMAGE,7.2,52.3
2026-02-11,competitive,Asia,lijiang-tower,Diamond,브리기테,SUPPORT,6.3,46.8
2026-02-11,competitive,Asia,lijiang-tower,Diamond,소전,DAMAGE,17.9,47.5
2026-02-11,competitive,Asia,lijiang-tower,Diamond,솔저: 76,DAMAGE,12.6,49.6
2026-02-11,competitive,Asia,lijiang-tower,Diamond,솜브라,DAMAGE,4.8,48.5
2026-02-11,competitive,Asia,lijiang-tower,Diamond,시그마,TANK,10.9,54.4
2026-02-11,competitive,Asia,lijiang-tower,Diamond,시메트라,DAMAGE,10.6,60.0
2026-02-11,competitive,Asia,lijiang-tower,Diamond,아나,SUPPORT,61.2,47.5
2026-02-11,competitive,Asia,lijiang-tower,Diamond,안란,DAMAGE,0.0,65.4
2026-02-11,competitive,Asia,lijiang-tower,Diamond,애쉬,DAMAGE,8.0,47.9
2026-02-11,competitive,Asia,lijiang-tower,Diamond,에코,DAMAGE,8.5,49.3
2026-02-11,competitive,Asia,lijiang-tower,Diamond,엠레,DAMAGE,-1.0,-1.0
2026-02-11,competitive,Asia,lijiang-tower,Diamond,오리사,TANK,10.1,48.4
2026-02-11,competitive,Asia,lijiang-tower,Diamond,우양,SUPPORT,25.2,53.1
2026-02-11,competitive,Asia,lijiang-tower,Diamond,위도우메이커,DAMAGE,1.1,33.2
2026-02-11,competitive,Asia,lijiang-tower,Diamond,윈스턴,TANK,9.1,49.7
2026-02-11,competitive,Asia,lijiang-tower,Diamond,일리아리,SUPPORT,14.8,56.4
2026-02-11,competitive,Asia,lijiang-tower,Diamond,자리야,TANK,12.7,53.4
2026-02-11,competitive,Asia,lijiang-tower,Diamond,정커퀸,TANK,5.6,53.8
2026-02-11,competitive,Asia,lijiang-tower,Diamond,정크랫,DAMAGE,6.2,49.2
2026-02-11,competitive,Asia,lijiang-tower,Diamond,제트팩 캣,SUPPORT,-1.0,-1.0
2026-02-11,competitive,Asia,lijiang-tower,Diamond,젠야타,SUPPORT,13.4,51.5
2026-02-11,competitive,Asia,lijiang-tower,Diamond,주노,SUPPORT,5.0,50.7
2026-02-11,competitive,Asia,lijiang-tower,Diamond,캐서디,DAMAGE,36.7,45.4
2026-02-11,competitive,Asia,lijiang-tower,Diamond,키리코,SUPPORT,35.0,46.9
2026-02-11,competitive,Asia,lijiang-tower,Diamond,토르비욘,DAMAGE,2.1,49.6
2026-02-11,competitive,Asia,lijiang-tower,Diamond,트레이서,DAMAGE,14.5,48.9
2026-02-11,competitive,Asia,lijiang-tower,Diamond,파라,DAMAGE,11.8,56.9
2026-02-11,competitive,Asia,lijiang-tower,Diamond,프레야,DAMAGE,4.8,46.0
2026-02-11,competitive,Asia,lijiang-tower,Diamond,한조,DAMAGE,7.6,48.7
2026-02-11,competitive,Asia,lijiang-tower,Diamond,해저드,TANK,3.2,49.4
2026-02-11,competitive,Asia,lijiang-tower,Master,D.Va,TANK,5.7,48.1
2026-02-11,competitive,Asia,lijiang-tower,Master,겐지,DAMAGE,17.5,49.8
2026-02-11,competitive,Asia,lijiang-tower,Master,도미나,TANK,-1.0,-1.0
2026-02-11,competitive,Asia,lijiang-tower,Master,둠피스트,TANK,14.5,51.3
2026-02-11,competitive,Asia,lijiang-tower,Master,라마트라,TANK,6.0,44.6
2026-02-11,competitive,Asia,lijiang-tower,Master,라이프위버,SUPPORT,2.1,32.1
2026-02-11,competitive,Asia,lijiang-tower,Master,라인하르트,TANK,7.6,47.8
2026-02-11,competitive,Asia,lijiang-tower,Master,레킹볼,TANK,5.9,46.4
2026-02-11,competitive,Asia,lijiang-tower,Master,로드호그,TANK,4.0,43.1
2026-02-11,competitive,Asia,lijiang-tower,Master,루시우,SUPPORT,10.9,50.5
2026-02-11,competitive,Asia,lijiang-tower,Master,리퍼,DAMAGE,8.4,51.5
2026-02-11,competitive,Asia,lijiang-tower,Master,마우가,TANK,2.4,48.0
2026-02-11,competitive,Asia,lijiang-tower,Master,메르시,SUPPORT,4.5,49.0
2026-02-11,competitive,Asia,lijiang-tower,Master,메이,DAMAGE,4.9,50.1
2026-02-11,competitive,Asia,lijiang-tower,Master,모이라,SUPPORT,6.5,51.0
2026-02-11,competitive,Asia,lijiang-tower,Master,미즈키,SUPPORT,-1.0,-1.0
2026-02-11,competitive,Asia,lijiang-tower,Master,바스티온,DAMAGE,5.3,51.1
2026-02-11,competitive,Asia,lijiang-tower,Master,바티스트,SUPPORT,13.1,48.0
2026-02-11,competitive,Asia,lijiang-tower,Master,벤데타,DAMAGE,4.2,55.4
2026-02-11,competitive,Asia,lijiang-tower,Master,벤처,DAMAGE,7.4,51.3
2026-02-11,competitive,Asia,lijiang-tower,Master,브리기테,SUPPORT,6.4,50.4
2026-02-11,competitive,Asia,lijiang-tower,Master,소전,DAMAGE,23.5,49.3
2026-02-11,competitive,Asia,lijiang-tower,Master,솔저: 76,DAMAGE,9.6,52.0
2026-02-11,competitive,Asia,lijiang-tower,Master,솜브라,DAMAGE,5.3,46.8
2026-02-11,competitive,Asia,lijiang-tower,Master,시그마,TANK,13.3,55.1
2026-02-11,competitive,Asia,lijiang-tower,Master,시메트라,DAMAGE,8.6,57.0
2026-02-11,competitive,Asia,lijiang-tower,Master,아나,SUPPORT,54.7,48.7
2026-02-11,competitive,Asia,lijiang-tower,Master,안란,DAMAGE,-1.0,-1.0
2026-02-11,competitive,Asia,lijiang-tower,Master,애쉬,DAMAGE,8.0,50.0
2026-02-11,competitive,Asia,lijiang-tower,Master,에코,DAMAGE,10.8,49.2
2026-02-11,competitive,Asia,lijiang-tower,Master,엠레,DAMAGE,-1.0,-1.0
2026-02-11,competitive,Asia,lijiang-tower,Master,오리사,TANK,8.6,48.6
2026-02-11,competitive,Asia,lijiang-tower,Master,우양,SUPPORT,32.4,52.3
2026-02-11,competitive,Asia,lijiang-tower,Master,위도우메이커,DAMAGE,1.4,33.1
2026-02-11,competitive,Asia,lijiang-tower,Master,윈스턴,TANK,11.1,49.2
2026-02-11,competitive,Asia,lijiang-tower,Master,일리아리,SUPPORT,17.5,56.0
2026-02-11,competitive,Asia,lijiang-tower,Master,자리야,TANK,12.6,55.0
2026-02-11,competitive,Asia,lijiang-tower,Master,정커퀸,TANK,5.1,53.0
2026-02-11,competitive,Asia,lijiang-tower,Master,정크랫,DAMAGE,3.8,48.8
2026-02-11,competitive,Asia,lijiang-tower,Master,제트팩 캣,SUPPORT,-1.0,-1.0
2026-02-11,competitive,Asia,lijiang-tower,Master,젠야타,SUPPORT,11.2,50.8
2026-02-11,competitive,Asia,lijiang-tower,Master,주노,SUPPORT,3.2,49.7
2026-02-11,competitive,Asia,lijiang-tower,Master,캐서디,DAMAGE,34.5,46.0
2026-02-11,competitive,Asia,lijiang-tower,Master,키리코,SUPPORT,37.4,47.5
2026-02-11,competitive,Asia,lijiang-tower,Master,토르비욘,DAMAGE,2.1,50.9
2026-02-11,competitive,Asia,lijiang-tower,Master,트레이서,DAMAGE,20.7,49.3
2026-02-11,competitive,Asia,lijiang-tower,Master,파라,DAMAGE,11.6,57.3
2026-02-11,competitive,Asia,lijiang-tower,Master,프레야,DAMAGE,5.0,43.4
2026-02-11,competitive,Asia,lijiang-tower,Master,한조,DAMAGE,7.2,51.1
2026-02-11,competitive,Asia,lijiang-tower,Master,해저드,TANK,3.3,51.5
2026-02-11,competitive,Asia,lijiang-tower,Grandmaster,D.Va,TANK,8.0,47.3
2026-02-11,competitive,Asia,lijiang-tower,Grandmaster,겐지,DAMAGE,12.6,50.1
2026-02-11,competitive,Asia,lijiang-tower,Grandmaster,도미나,TANK,-1.0,-1.0
2026-02-11,competitive,Asia,lijiang-tower,Grandmaster,둠피스트,TANK,12.0,49.9
2026-02-11,competitive,Asia,lijiang-tower,Grandmaster,라마트라,TANK,7.0,47.2
2026-02-11,competitive,Asia,lijiang-tower,Grandmaster,라이프위버,SUPPORT,0.9,29.2
2026-02-11,competitive,Asia,lijiang-tower,Grandmaster,라인하르트,TANK,5.5,47.6
2026-02-11,competitive,Asia,lijiang-tower,Grandmaster,레킹볼,TANK,7.0,44.4
2026-02-11,competitive,Asia,lijiang-tower,Grandmaster,로드호그,TANK,2.3,45.9
2026-02-11,competitive,Asia,lijiang-tower,Grandmaster,루시우,SUPPORT,14.7,51.2
2026-02-11,competitive,Asia,lijiang-tower,Grandmaster,리퍼,DAMAGE,4.7,46.1
2026-02-11,competitive,Asia,lijiang-tower,Grandmaster,마우가,TANK,1.3,46.4
2026-02-11,competitive,Asia,lijiang-tower,Grandmaster,메르시,SUPPORT,2.5,35.5
2026-02-11,competitive,Asia,lijiang-tower,Grandmaster,메이,DAMAGE,4.4,45.0
2026-02-11,competitive,Asia,lijiang-tower,Grandmaster,모이라,SUPPORT,3.9,45.5
2026-02-11,competitive,Asia,lijiang-tower,Grandmaster,미즈키,SUPPORT,-1.0,-1.0
2026-02-11,competitive,Asia,lijiang-tower,Grandmaster,바스티온,DAMAGE,3.3,46.9
2026-02-11,competitive,Asia,lijiang-tower,Grandmaster,바티스트,SUPPORT,20.0,51.3
2026-02-11,competitive,Asia,lijiang-tower,Grandmaster,벤데타,DAMAGE,6.0,58.2
2026-02-11,competitive,Asia,lijiang-tower,Grandmaster,벤처,DAMAGE,6.3,50.1
2026-02-11,competitive,Asia,lijiang-tower,Grandmaster,브리기테,SUPPORT,7.0,49.6
2026-02-11,competitive,Asia,lijiang-tower,Grandmaster,소전,DAMAGE,32.9,51.0
2026-02-11,competitive,Asia,lijiang-tower,Grandmaster,솔저: 76,DAMAGE,6.8,47.9
2026-02-11,competitive,Asia,lijiang-tower,Grandmaster,솜브라,DAMAGE,4.4,47.6
2026-02-11,competitive,Asia,lijiang-tower,Grandmaster,시그마,TANK,17.5,55.8
2026-02-11,competitive,Asia,lijiang-tower,Grandmaster,시메트라,DAMAGE,9.3,57.5
2026-02-11,competitive,Asia,lijiang-tower,Grandmaster,아나,SUPPORT,42.5,49.9
2026-02-11,competitive,Asia,lijiang-tower,Grandmaster,안란,DAMAGE,-1.0,-1.0
2026-02-11,competitive,Asia,lijiang-tower,Grandmaster,애쉬,DAMAGE,9.2,49.8
2026-02-11,competitive,Asia,lijiang-tower,Grandmaster,에코,DAMAGE,12.2,49.9
2026-02-11,competitive,Asia,lijiang-tower,Grandmaster,엠레,DAMAGE,-1.0,-1.0
2026-02-11,competitive,Asia,lijiang-tower,Grandmaster,오리사,TANK,6.3,47.2
2026-02-11,competitive,Asia,lijiang-tower,Grandmaster,우양,SUPPORT,38.2,51.0
2026-02-11,competitive,Asia,lijiang-tower,Grandmaster,위도우메이커,DAMAGE,1.8,29.4
2026-02-11,competitive,Asia,lijiang-tower,Grandmaster,윈스턴,TANK,12.7,50.4
2026-02-11,competitive,Asia,lijiang-tower,Grandmaster,일리아리,SUPPORT,19.5,55.2
2026-02-11,competitive,Asia,lijiang-tower,Grandmaster,자리야,TANK,14.8,54.3
2026-02-11,competitive,Asia,lijiang-tower,Grandmaster,정커퀸,TANK,3.3,50.3
2026-02-11,competitive,Asia,lijiang-tower,Grandmaster,정크랫,DAMAGE,3.6,44.1
2026-02-11,competitive,Asia,lijiang-tower,Grandmaster,제트팩 캣,SUPPORT,-1.0,-1.0
2026-02-11,competitive,Asia,lijiang-tower,Grandmaster,젠야타,SUPPORT,6.0,47.5
2026-02-11,competitive,Asia,lijiang-tower,Grandmaster,주노,SUPPORT,2.2,46.6
2026-02-11,competitive,Asia,lijiang-tower,Grandmaster,캐서디,DAMAGE,28.2,47.5
2026-02-11,competitive,Asia,lijiang-tower,Grandmaster,키리코,SUPPORT,42.4,49.2
2026-02-11,competitive,Asia,lijiang-tower,Grandmaster,토르비욘,DAMAGE,1.5,49.8
2026-02-11,competitive,Asia,lijiang-tower,Grandmaster,트레이서,DAMAGE,29.2,50.6
2026-02-11,competitive,Asia,lijiang-tower,Grandmaster,파라,DAMAGE,9.9,59.9
2026-02-11,competitive,Asia,lijiang-tower,Grandmaster,프레야,DAMAGE,6.9,44.5
2026-02-11,competitive,Asia,lijiang-tower,Grandmaster,한조,DAMAGE,6.8,49.3
2026-02-11,competitive,Asia,lijiang-tower,Grandmaster,해저드,TANK,2.3,52.4
2026-02-11,competitive,Asia,busan,All,D.Va,TANK,9.5,49.3
2026-02-11,competitive,Asia,busan,All,겐지,DAMAGE,19.0,51.2
2026-02-11,competitive,Asia,busan,All,도미나,TANK,-1.0,-1.0
2026-02-11,competitive,Asia,busan,All,둠피스트,TANK,7.4,50.0
2026-02-11,competitive,Asia,busan,All,라마트라,TANK,6.2,49.4
2026-02-11,competitive,Asia,busan,All,라이프위버,SUPPORT,4.7,44.3
2026-02-11,competitive,Asia,busan,All,라인하르트,TANK,9.7,50.3
2026-02-11,competitive,Asia,busan,All,레킹볼,TANK,4.8,48.9
2026-02-11,competitive,Asia,busan,All,로드호그,TANK,5.5,43.6
2026-02-11,competitive,Asia,busan,All,루시우,SUPPORT,6.8,48.2
2026-02-11,competitive,Asia,busan,All,리퍼,DAMAGE,12.2,50.4
2026-02-11,competitive,Asia,busan,All,마우가,TANK,3.7,47.7
2026-02-11,competitive,Asia,busan,All,메르시,SUPPORT,9.5,47.0
2026-02-11,competitive,Asia,busan,All,메이,DAMAGE,7.1,50.9
2026-02-11,competitive,Asia,busan,All,모이라,SUPPORT,18.5,49.4
2026-02-11,competitive,Asia,busan,All,미즈키,SUPPORT,-1.0,-1.0
2026-02-11,competitive,Asia,busan,All,바스티온,DAMAGE,9.7,49.4
2026-02-11,competitive,Asia,busan,All,바티스트,SUPPORT,9.4,47.7
2026-02-11,competitive,Asia,busan,All,벤데타,DAMAGE,4.5,56.0
2026-02-11,competitive,Asia,busan,All,벤처,DAMAGE,6.3,51.8
2026-02-11,competitive,Asia,busan,All,브리기테,SUPPORT,5.7,47.4
2026-02-11,competitive,Asia,busan,All,소전,DAMAGE,17.1,47.4
2026-02-11,competitive,Asia,busan,All,솔저: 76,DAMAGE,23.3,51.9
2026-02-11,competitive,Asia,busan,All,솜브라,DAMAGE,5.0,50.2
2026-02-11,competitive,Asia,busan,All,시그마,TANK,13.4,55.4
2026-02-11,competitive,Asia,busan,All,시메트라,DAMAGE,4.6,55.5
2026-02-11,competitive,Asia,busan,All,아나,SUPPORT,53.7,49.3
2026-02-11,competitive,Asia,busan,All,안란,DAMAGE,0.0,35.7
2026-02-11,competitive,Asia,busan,All,애쉬,DAMAGE,15.8,51.8
2026-02-11,competitive,Asia,busan,All,에코,DAMAGE,5.2,50.1
2026-02-11,competitive,Asia,busan,All,엠레,DAMAGE,-1.0,-1.0
2026-02-11,competitive,Asia,busan,All,오리사,TANK,11.2,45.5
2026-02-11,competitive,Asia,busan,All,우양,SUPPORT,19.9,54.5
2026-02-11,competitive,Asia,busan,All,위도우메이커,DAMAGE,4.3,48.8
2026-02-11,competitive,Asia,busan,All,윈스턴,TANK,10.9,51.0
2026-02-11,competitive,Asia,busan,All,일리아리,SUPPORT,13.4,56.4
2026-02-11,competitive,Asia,busan,All,자리야,TANK,9.0,52.4
2026-02-11,competitive,Asia,busan,All,정커퀸,TANK,5.2,53.2
2026-02-11,competitive,Asia,busan,All,정크랫,DAMAGE,5.9,47.4
2026-02-11,competitive,Asia,busan,All,제트팩 캣,SUPPORT,-1.0,-1.0
2026-02-11,competitive,Asia,busan,All,젠야타,SUPPORT,12.2,53.2
2026-02-11,competitive,Asia,busan,All,주노,SUPPORT,9.8,50.2
2026-02-11,competitive,Asia,busan,All,캐서디,DAMAGE,28.7,47.2
2026-02-11,competitive,Asia,busan,All,키리코,SUPPORT,36.5,47.3
2026-02-11,competitive,Asia,busan,All,토르비욘,DAMAGE,3.1,52.4
2026-02-11,competitive,Asia,busan,All,트레이서,DAMAGE,10.9,49.1
2026-02-11,competitive,Asia,busan,All,파라,DAMAGE,4.2,49.7
2026-02-11,competitive,Asia,busan,All,프레야,DAMAGE,5.3,47.1
2026-02-11,competitive,Asia,busan,All,한조,DAMAGE,7.6,48.7
2026-02-11,competitive,Asia,busan,All,해저드,TANK,3.5,49.6
2026-02-11,competitive,Asia,busan,Bronze,D.Va,TANK,11.8,48.5
2026-02-11,competitive,Asia,busan,Bronze,겐지,DAMAGE,12.5,51.7
2026-02-11,competitive,Asia,busan,Bronze,도미나,TANK,-1.0,-1.0
2026-02-11,competitive,Asia,busan,Bronze,둠피스트,TANK,3.9,55.6
2026-02-11,competitive,Asia,busan,Bronze,라마트라,TANK,9.0,48.6
2026-02-11,competitive,Asia,busan,Bronze,라이프위버,SUPPORT,5.0,42.3
2026-02-11,competitive,Asia,busan,Bronze,라인하르트,TANK,9.6,50.7
2026-02-11,competitive,Asia,busan,Bronze,레킹볼,TANK,3.9,56.2
2026-02-11,competitive,Asia,busan,Bronze,로드호그,TANK,6.3,45.7
2026-02-11,competitive,Asia,busan,Bronze,루시우,SUPPORT,9.7,49.0
2026-02-11,competitive,Asia,busan,Bronze,리퍼,DAMAGE,13.5,51.3
2026-02-11,competitive,Asia,busan,Bronze,마우가,TANK,5.1,47.4
2026-02-11,competitive,Asia,busan,Bronze,메르시,SUPPORT,14.0,45.4
2026-02-11,competitive,Asia,busan,Bronze,메이,DAMAGE,7.1,49.4
2026-02-11,competitive,Asia,busan,Bronze,모이라,SUPPORT,25.9,49.8
2026-02-11,competitive,Asia,busan,Bronze,미즈키,SUPPORT,-1.0,-1.0
2026-02-11,competitive,Asia,busan,Bronze,바스티온,DAMAGE,19.6,49.2
2026-02-11,competitive,Asia,busan,Bronze,바티스트,SUPPORT,8.3,47.8
2026-02-11,competitive,Asia,busan,Bronze,벤데타,DAMAGE,3.6,58.1
2026-02-11,competitive,Asia,busan,Bronze,벤처,DAMAGE,5.0,52.2
2026-02-11,competitive,Asia,busan,Bronze,브리기테,SUPPORT,3.1,49.4
2026-02-11,competitive,Asia,busan,Bronze,소전,DAMAGE,20.9,45.7
2026-02-11,competitive,Asia,busan,Bronze,솔저: 76,DAMAGE,27.2,51.3
2026-02-11,competitive,Asia,busan,Bronze,솜브라,DAMAGE,3.4,51.4
2026-02-11,competitive,Asia,busan,Bronze,시그마,TANK,15.5,54.0
2026-02-11,competitive,Asia,busan,Bronze,시메트라,DAMAGE,3.5,52.6
2026-02-11,competitive,Asia,busan,Bronze,아나,SUPPORT,34.0,50.2
2026-02-11,competitive,Asia,busan,Bronze,안란,DAMAGE,-1.0,-1.0
2026-02-11,competitive,Asia,busan,Bronze,애쉬,DAMAGE,14.7,49.6
2026-02-11,competitive,Asia,busan,Bronze,에코,DAMAGE,5.1,49.9
2026-02-11,competitive,Asia,busan,Bronze,엠레,DAMAGE,-1.0,-1.0
2026-02-11,competitive,Asia,busan,Bronze,오리사,TANK,16.5,45.3
2026-02-11,competitive,Asia,busan,Bronze,우양,SUPPORT,19.5,53.9
2026-02-11,competitive,Asia,busan,Bronze,위도우메이커,DAMAGE,4.1,50.3
2026-02-11,competitive,Asia,busan,Bronze,윈스턴,TANK,5.9,49.7
2026-02-11,competitive,Asia,busan,Bronze,일리아리,SUPPORT,12.3,56.7
2026-02-11,competitive,Asia,busan,Bronze,자리야,TANK,5.2,53.2
2026-02-11,competitive,Asia,busan,Bronze,정커퀸,TANK,4.1,54.8
2026-02-11,competitive,Asia,busan,Bronze,정크랫,DAMAGE,9.9,46.5
2026-02-11,competitive,Asia,busan,Bronze,제트팩 캣,SUPPORT,-1.0,-1.0
2026-02-11,competitive,Asia,busan,Bronze,젠야타,SUPPORT,13.0,52.9
2026-02-11,competitive,Asia,busan,Bronze,주노,SUPPORT,20.9,49.3
2026-02-11,competitive,Asia,busan,Bronze,캐서디,DAMAGE,19.1,51.6
2026-02-11,competitive,Asia,busan,Bronze,키리코,SUPPORT,34.3,48.2
2026-02-11,competitive,Asia,busan,Bronze,토르비욘,DAMAGE,4.4,53.8
2026-02-11,competitive,Asia,busan,Bronze,트레이서,DAMAGE,5.8,49.6
2026-02-11,competitive,Asia,busan,Bronze,파라,DAMAGE,7.5,48.9
2026-02-11,competitive,Asia,busan,Bronze,프레야,DAMAGE,5.6,45.5
2026-02-11,competitive,Asia,busan,Bronze,한조,DAMAGE,7.4,51.6
2026-02-11,competitive,Asia,busan,Bronze,해저드,TANK,3.0,50.2
2026-02-11,competitive,Asia,busan,Silver,D.Va,TANK,10.5,48.5
2026-02-11,competitive,Asia,busan,Silver,겐지,DAMAGE,15.7,51.1
2026-02-11,competitive,Asia,busan,Silver,도미나,TANK,-1.0,-1.0
2026-02-11,competitive,Asia,busan,Silver,둠피스트,TANK,5.2,52.5
2026-02-11,competitive,Asia,busan,Silver,라마트라,TANK,7.8,49.7
2026-02-11,competitive,Asia,busan,Silver,라이프위버,SUPPORT,5.8,45.9
2026-02-11,competitive,Asia,busan,Silver,라인하르트,TANK,10.3,50.2
2026-02-11,competitive,Asia,busan,Silver,레킹볼,TANK,4.1,50.0
2026-02-11,competitive,Asia,busan,Silver,로드호그,TANK,5.6,45.6
2026-02-11,competitive,Asia,busan,Silver,루시우,SUPPORT,8.5,46.3
2026-02-11,competitive,Asia,busan,Silver,리퍼,DAMAGE,14.4,51.9
2026-02-11,competitive,Asia,busan,Silver,마우가,TANK,4.6,48.2
2026-02-11,competitive,Asia,busan,Silver,메르시,SUPPORT,14.0,46.2
2026-02-11,competitive,Asia,busan,Silver,메이,DAMAGE,7.7,51.2
2026-02-11,competitive,Asia,busan,Silver,모이라,SUPPORT,25.3,48.0
2026-02-11,competitive,Asia,busan,Silver,미즈키,SUPPORT,-1.0,-1.0
2026-02-11,competitive,Asia,busan,Silver,바스티온,DAMAGE,13.1,47.9
2026-02-11,competitive,Asia,busan,Silver,바티스트,SUPPORT,8.6,47.9
2026-02-11,competitive,Asia,busan,Silver,벤데타,DAMAGE,4.7,56.2
2026-02-11,competitive,Asia,busan,Silver,벤처,DAMAGE,5.6,52.4
2026-02-11,competitive,Asia,busan,Silver,브리기테,SUPPORT,4.3,48.7
2026-02-11,competitive,Asia,busan,Silver,소전,DAMAGE,17.7,46.7
2026-02-11,competitive,Asia,busan,Silver,솔저: 76,DAMAGE,28.0,51.1
2026-02-11,competitive,Asia,busan,Silver,솜브라,DAMAGE,3.8,50.2
2026-02-11,competitive,Asia,busan,Silver,시그마,TANK,14.3,54.3
2026-02-11,competitive,Asia,busan,Silver,시메트라,DAMAGE,3.9,56.5
2026-02-11,competitive,Asia,busan,Silver,아나,SUPPORT,44.0,50.6
2026-02-11,competitive,Asia,busan,Silver,안란,DAMAGE,-1.0,-1.0
2026-02-11,competitive,Asia,busan,Silver,애쉬,DAMAGE,15.1,52.4
2026-02-11,competitive,Asia,busan,Silver,에코,DAMAGE,5.0,48.7
2026-02-11,competitive,Asia,busan,Silver,엠레,DAMAGE,-1.0,-1.0
2026-02-11,competitive,Asia,busan,Silver,오리사,TANK,14.4,45.5
2026-02-11,competitive,Asia,busan,Silver,우양,SUPPORT,16.7,54.7
2026-02-11,competitive,Asia,busan,Silver,위도우메이커,DAMAGE,4.3,48.4
2026-02-11,competitive,Asia,busan,Silver,윈스턴,TANK,7.7,51.7
2026-02-11,competitive,Asia,busan,Silver,일리아리,SUPPORT,12.3,56.4
2026-02-11,competitive,Asia,busan,Silver,자리야,TANK,7.6,53.0
2026-02-11,competitive,Asia,busan,Silver,정커퀸,TANK,4.7,53.1
2026-02-11,competitive,Asia,busan,Silver,정크랫,DAMAGE,8.4,46.3
2026-02-11,competitive,Asia,busan,Silver,제트팩 캣,SUPPORT,-1.0,-1.0
2026-02-11,competitive,Asia,busan,Silver,젠야타,SUPPORT,11.4,54.6
2026-02-11,competitive,Asia,busan,Silver,주노,SUPPORT,14.4,50.1
2026-02-11,competitive,Asia,busan,Silver,캐서디,DAMAGE,23.6,48.1
2026-02-11,competitive,Asia,busan,Silver,키리코,SUPPORT,34.7,47.9
2026-02-11,competitive,Asia,busan,Silver,토르비욘,DAMAGE,3.5,52.0
2026-02-11,competitive,Asia,busan,Silver,트레이서,DAMAGE,6.9,48.8
2026-02-11,competitive,Asia,busan,Silver,파라,DAMAGE,5.6,50.5
2026-02-11,competitive,Asia,busan,Silver,프레야,DAMAGE,5.6,48.4
2026-02-11,competitive,Asia,busan,Silver,한조,DAMAGE,7.4,49.4
2026-02-11,competitive,Asia,busan,Silver,해저드,TANK,3.1,48.4
2026-02-11,competitive,Asia,busan,Gold,D.Va,TANK,9.5,48.5
2026-02-11,competitive,Asia,busan,Gold,겐지,DAMAGE,19.3,51.2
2026-02-11,competitive,Asia,busan,Gold,도미나,TANK,-1.0,-1.0
2026-02-11,competitive,Asia,busan,Gold,둠피스트,TANK,6.1,50.3
2026-02-11,competitive,Asia,busan,Gold,라마트라,TANK,6.4,50.1
2026-02-11,competitive,Asia,busan,Gold,라이프위버,SUPPORT,5.4,45.0
2026-02-11,competitive,Asia,busan,Gold,라인하르트,TANK,10.8,51.7
2026-02-11,competitive,Asia,busan,Gold,레킹볼,TANK,4.3,47.3
2026-02-11,competitive,Asia,busan,Gold,로드호그,TANK,5.8,42.6
2026-02-11,competitive,Asia,busan,Gold,루시우,SUPPORT,6.3,49.2
2026-02-11,competitive,Asia,busan,Gold,리퍼,DAMAGE,13.4,49.8
2026-02-11,competitive,Asia,busan,Gold,마우가,TANK,3.9,49.8
2026-02-11,competitive,Asia,busan,Gold,메르시,SUPPORT,10.6,47.1
2026-02-11,competitive,Asia,busan,Gold,메이,DAMAGE,7.8,51.2
2026-02-11,competitive,Asia,busan,Gold,모이라,SUPPORT,21.3,49.9
2026-02-11,competitive,Asia,busan,Gold,미즈키,SUPPORT,-1.0,-1.0
2026-02-11,competitive,Asia,busan,Gold,바스티온,DAMAGE,9.8,48.8
2026-02-11,competitive,Asia,busan,Gold,바티스트,SUPPORT,9.2,46.4
2026-02-11,competitive,Asia,busan,Gold,벤데타,DAMAGE,4.6,55.6
2026-02-11,competitive,Asia,busan,Gold,벤처,DAMAGE,6.1,51.0
2026-02-11,competitive,Asia,busan,Gold,브리기테,SUPPORT,5.2,47.8
2026-02-11,competitive,Asia,busan,Gold,소전,DAMAGE,15.9,47.2
2026-02-11,competitive,Asia,busan,Gold,솔저: 76,DAMAGE,24.8,51.2
2026-02-11,competitive,Asia,busan,Gold,솜브라,DAMAGE,4.2,50.2
2026-02-11,competitive,Asia,busan,Gold,시그마,TANK,13.2,55.4
2026-02-11,competitive,Asia,busan,Gold,시메트라,DAMAGE,4.3,56.3
2026-02-11,competitive,Asia,busan,Gold,아나,SUPPORT,54.4,49.3
2026-02-11,competitive,Asia,busan,Gold,안란,DAMAGE,-1.0,-1.0
2026-02-11,competitive,Asia,busan,Gold,애쉬,DAMAGE,16.6,51.8
2026-02-11,competitive,Asia,busan,Gold,에코,DAMAGE,5.0,50.3
2026-02-11,competitive,Asia,busan,Gold,엠레,DAMAGE,-1.0,-1.0
2026-02-11,competitive,Asia,busan,Gold,오리사,TANK,12.0,45.4
2026-02-11,competitive,Asia,busan,Gold,우양,SUPPORT,17.3,54.2
2026-02-11,competitive,Asia,busan,Gold,위도우메이커,DAMAGE,4.4,48.2
2026-02-11,competitive,Asia,busan,Gold,윈스턴,TANK,9.9,50.5
2026-02-11,competitive,Asia,busan,Gold,일리아리,SUPPORT,11.8,56.7
2026-02-11,competitive,Asia,busan,Gold,자리야,TANK,9.1,51.4
2026-02-11,competitive,Asia,busan,Gold,정커퀸,TANK,5.5,54.5
2026-02-11,competitive,Asia,busan,Gold,정크랫,DAMAGE,6.2,47.7
2026-02-11,competitive,Asia,busan,Gold,제트팩 캣,SUPPORT,-1.0,-1.0
2026-02-11,competitive,Asia,busan,Gold,젠야타,SUPPORT,12.0,54.2
2026-02-11,competitive,Asia,busan,Gold,주노,SUPPORT,10.4,49.7
2026-02-11,competitive,Asia,busan,Gold,캐서디,DAMAGE,28.4,48.0
2026-02-11,competitive,Asia,busan,Gold,키리코,SUPPORT,36.1,47.4
2026-02-11,competitive,Asia,busan,Gold,토르비욘,DAMAGE,3.1,54.4
2026-02-11,competitive,Asia,busan,Gold,트레이서,DAMAGE,8.5,48.9
2026-02-11,competitive,Asia,busan,Gold,파라,DAMAGE,4.3,48.7
2026-02-11,competitive,Asia,busan,Gold,프레야,DAMAGE,5.3,47.5
2026-02-11,competitive,Asia,busan,Gold,한조,DAMAGE,7.9,49.2
2026-02-11,competitive,Asia,busan,Gold,해저드,TANK,3.4,49.5
2026-02-11,competitive,Asia,busan,Platinum,D.Va,TANK,9.1,50.6
2026-02-11,competitive,Asia,busan,Platinum,겐지,DAMAGE,21.5,52.1
2026-02-11,competitive,Asia,busan,Platinum,도미나,TANK,-1.0,-1.0
2026-02-11,competitive,Asia,busan,Platinum,둠피스트,TANK,8.2,49.9
2026-02-11,competitive,Asia,busan,Platinum,라마트라,TANK,5.4,49.5
2026-02-11,competitive,Asia,busan,Platinum,라이프위버,SUPPORT,4.3,44.8
2026-02-11,competitive,Asia,busan,Platinum,라인하르트,TANK,9.7,49.7
2026-02-11,competitive,Asia,busan,Platinum,레킹볼,TANK,4.9,47.8
2026-02-11,competitive,Asia,busan,Platinum,로드호그,TANK,5.6,42.2
2026-02-11,competitive,Asia,busan,Platinum,루시우,SUPPORT,5.6,48.4
2026-02-11,competitive,Asia,busan,Platinum,리퍼,DAMAGE,11.5,50.8
2026-02-11,competitive,Asia,busan,Platinum,마우가,TANK,3.3,46.5
2026-02-11,competitive,Asia,busan,Platinum,메르시,SUPPORT,7.3,48.6
2026-02-11,competitive,Asia,busan,Platinum,메이,DAMAGE,7.1,51.5
2026-02-11,competitive,Asia,busan,Platinum,모이라,SUPPORT,15.6,50.3
2026-02-11,competitive,Asia,busan,Platinum,미즈키,SUPPORT,-1.0,-1.0
2026-02-11,competitive,Asia,busan,Platinum,바스티온,DAMAGE,7.5,51.5
2026-02-11,competitive,Asia,busan,Platinum,바티스트,SUPPORT,9.3,48.4
2026-02-11,competitive,Asia,busan,Platinum,벤데타,DAMAGE,4.5,56.6
2026-02-11,competitive,Asia,busan,Platinum,벤처,DAMAGE,6.8,51.7
2026-02-11,competitive,Asia,busan,Platinum,브리기테,SUPPORT,6.3,47.1
2026-02-11,competitive,Asia,busan,Platinum,소전,DAMAGE,15.9,47.7
2026-02-11,competitive,Asia,busan,Platinum,솔저: 76,DAMAGE,21.3,52.2
2026-02-11,competitive,Asia,busan,Platinum,솜브라,DAMAGE,5.6,49.4
2026-02-11,competitive,Asia,busan,Platinum,시그마,TANK,12.5,55.4
2026-02-11,competitive,Asia,busan,Platinum,시메트라,DAMAGE,4.9,54.5
2026-02-11,competitive,Asia,busan,Platinum,아나,SUPPORT,61.2,48.3
2026-02-11,competitive,Asia,busan,Platinum,안란,DAMAGE,0.0,58.5
2026-02-11,competitive,Asia,busan,Platinum,애쉬,DAMAGE,15.9,51.3
2026-02-11,competitive,Asia,busan,Platinum,에코,DAMAGE,5.1,49.5
2026-02-11,competitive,Asia,busan,Platinum,엠레,DAMAGE,-1.0,-1.0
2026-02-11,competitive,Asia,busan,Platinum,오리사,TANK,9.4,45.4
2026-02-11,competitive,Asia,busan,Platinum,우양,SUPPORT,20.0,54.2
2026-02-11,competitive,Asia,busan,Platinum,위도우메이커,DAMAGE,4.4,49.1
2026-02-11,competitive,Asia,busan,Platinum,윈스턴,TANK,12.1,50.2
2026-02-11,competitive,Asia,busan,Platinum,일리아리,SUPPORT,13.3,55.6
2026-02-11,competitive,Asia,busan,Platinum,자리야,TANK,10.3,54.1
2026-02-11,competitive,Asia,busan,Platinum,정커퀸,TANK,5.8,51.9
2026-02-11,competitive,Asia,busan,Platinum,정크랫,DAMAGE,4.5,48.2
2026-02-11,competitive,Asia,busan,Platinum,제트팩 캣,SUPPORT,-1.0,-1.0
2026-02-11,competitive,Asia,busan,Platinum,젠야타,SUPPORT,12.7,52.6
2026-02-11,competitive,Asia,busan,Platinum,주노,SUPPORT,7.0,51.3
2026-02-11,competitive,Asia,busan,Platinum,캐서디,DAMAGE,32.6,46.2
2026-02-11,competitive,Asia,busan,Platinum,키리코,SUPPORT,37.5,47.0
2026-02-11,competitive,Asia,busan,Platinum,토르비욘,DAMAGE,2.9,51.5
2026-02-11,competitive,Asia,busan,Platinum,트레이서,DAMAGE,11.7,48.6
2026-02-11,competitive,Asia,busan,Platinum,파라,DAMAGE,3.4,49.7
2026-02-11,competitive,Asia,busan,Platinum,프레야,DAMAGE,5.0,46.6
2026-02-11,competitive,Asia,busan,Platinum,한조,DAMAGE,7.9,48.2
2026-02-11,competitive,Asia,busan,Platinum,해저드,TANK,3.6,50.9
2026-02-11,competitive,Asia,busan,Diamond,D.Va,TANK,8.5,49.2
2026-02-11,competitive,Asia,busan,Diamond,겐지,DAMAGE,22.1,50.0
2026-02-11,competitive,Asia,busan,Diamond,도미나,TANK,-1.0,-1.0
2026-02-11,competitive,Asia,busan,Diamond,둠피스트,TANK,11.4,48.4
2026-02-11,competitive,Asia,busan,Diamond,라마트라,TANK,4.5,48.9
2026-02-11,competitive,Asia,busan,Diamond,라이프위버,SUPPORT,3.1,38.7
2026-02-11,competitive,Asia,busan,Diamond,라인하르트,TANK,7.9,48.0
2026-02-11,competitive,Asia,busan,Diamond,레킹볼,TANK,6.0,48.3
2026-02-11,competitive,Asia,busan,Diamond,로드호그,TANK,4.7,43.3
2026-02-11,competitive,Asia,busan,Diamond,루시우,SUPPORT,6.1,49.4
2026-02-11,competitive,Asia,busan,Diamond,리퍼,DAMAGE,9.7,48.3
2026-02-11,competitive,Asia,busan,Diamond,마우가,TANK,2.9,44.9
2026-02-11,competitive,Asia,busan,Diamond,메르시,SUPPORT,5.5,47.9
2026-02-11,competitive,Asia,busan,Diamond,메이,DAMAGE,5.7,50.2
2026-02-11,competitive,Asia,busan,Diamond,모이라,SUPPORT,10.0,48.7
2026-02-11,competitive,Asia,busan,Diamond,미즈키,SUPPORT,-1.0,-1.0
2026-02-11,competitive,Asia,busan,Diamond,바스티온,DAMAGE,5.7,49.7
2026-02-11,competitive,Asia,busan,Diamond,바티스트,SUPPORT,10.3,47.5
2026-02-11,competitive,Asia,busan,Diamond,벤데타,DAMAGE,4.2,54.5
2026-02-11,competitive,Asia,busan,Diamond,벤처,DAMAGE,7.2,53.2
2026-02-11,competitive,Asia,busan,Diamond,브리기테,SUPPORT,7.8,46.9
2026-02-11,competitive,Asia,busan,Diamond,소전,DAMAGE,17.5,48.1
2026-02-11,competitive,Asia,busan,Diamond,솔저: 76,DAMAGE,18.6,54.1
2026-02-11,competitive,Asia,busan,Diamond,솜브라,DAMAGE,7.0,50.9
2026-02-11,competitive,Asia,busan,Diamond,시그마,TANK,12.4,58.2
2026-02-11,competitive,Asia,busan,Diamond,시메트라,DAMAGE,5.5,55.6
2026-02-11,competitive,Asia,busan,Diamond,아나,SUPPORT,60.6,48.3
2026-02-11,competitive,Asia,busan,Diamond,안란,DAMAGE,0.0,0.0
2026-02-11,competitive,Asia,busan,Diamond,애쉬,DAMAGE,15.1,53.4
2026-02-11,competitive,Asia,busan,Diamond,에코,DAMAGE,5.6,51.3
2026-02-11,competitive,Asia,busan,Diamond,엠레,DAMAGE,-1.0,-1.0
2026-02-11,competitive,Asia,busan,Diamond,오리사,TANK,7.3,45.8
2026-02-11,competitive,Asia,busan,Diamond,우양,SUPPORT,25.2,55.1
2026-02-11,competitive,Asia,busan,Diamond,위도우메이커,DAMAGE,4.1,49.3
2026-02-11,competitive,Asia,busan,Diamond,윈스턴,TANK,15.2,52.6
2026-02-11,competitive,Asia,busan,Diamond,일리아리,SUPPORT,16.2,58.1
2026-02-11,competitive,Asia,busan,Diamond,자리야,TANK,9.6,49.9
2026-02-11,competitive,Asia,busan,Diamond,정커퀸,TANK,5.4,52.9
2026-02-11,competitive,Asia,busan,Diamond,정크랫,DAMAGE,3.8,51.0
2026-02-11,competitive,Asia,busan,Diamond,제트팩 캣,SUPPORT,-1.0,-1.0
2026-02-11,competitive,Asia,busan,Diamond,젠야타,SUPPORT,12.7,51.4
2026-02-11,competitive,Asia,busan,Diamond,주노,SUPPORT,4.4,49.3
2026-02-11,competitive,Asia,busan,Diamond,캐서디,DAMAGE,33.4,46.1
2026-02-11,competitive,Asia,busan,Diamond,키리코,SUPPORT,38.2,46.7
2026-02-11,competitive,Asia,busan,Diamond,토르비욘,DAMAGE,2.7,50.2
2026-02-11,competitive,Asia,busan,Diamond,트레이서,DAMAGE,16.9,48.4
2026-02-11,competitive,Asia,busan,Diamond,파라,DAMAGE,2.6,52.4
2026-02-11,competitive,Asia,busan,Diamond,프레야,DAMAGE,5.3,46.3
2026-02-11,competitive,Asia,busan,Diamond,한조,DAMAGE,7.3,47.1
2026-02-11,competitive,Asia,busan,Diamond,해저드,TANK,4.0,47.8
2026-02-11,competitive,Asia,busan,Master,D.Va,TANK,7.2,51.3
2026-02-11,competitive,Asia,busan,Master,겐지,DAMAGE,19.6,48.5
2026-02-11,competitive,Asia,busan,Master,도미나,TANK,-1.0,-1.0
2026-02-11,competitive,Asia,busan,Master,둠피스트,TANK,13.0,47.4
2026-02-11,competitive,Asia,busan,Master,라마트라,TANK,3.8,43.6
2026-02-11,competitive,Asia,busan,Master,라이프위버,SUPPORT,2.1,36.3
2026-02-11,competitive,Asia,busan,Master,라인하르트,TANK,5.7,48.1
2026-02-11,competitive,Asia,busan,Master,레킹볼,TANK,6.8,52.2
2026-02-11,competitive,Asia,busan,Master,로드호그,TANK,4.1,49.5
2026-02-11,competitive,Asia,busan,Master,루시우,SUPPORT,7.1,46.3
2026-02-11,competitive,Asia,busan,Master,리퍼,DAMAGE,7.5,47.1
2026-02-11,competitive,Asia,busan,Master,마우가,TANK,2.6,45.3
2026-02-11,competitive,Asia,busan,Master,메르시,SUPPORT,4.3,42.6
2026-02-11,competitive,Asia,busan,Master,메이,DAMAGE,4.8,49.8
2026-02-11,competitive,Asia,busan,Master,모이라,SUPPORT,6.4,47.6
2026-02-11,competitive,Asia,busan,Master,미즈키,SUPPORT,-1.0,-1.0
2026-02-11,competitive,Asia,busan,Master,바스티온,DAMAGE,4.9,51.2
2026-02-11,competitive,Asia,busan,Master,바티스트,SUPPORT,12.5,51.1
2026-02-11,competitive,Asia,busan,Master,벤데타,DAMAGE,4.8,57.1
2026-02-11,competitive,Asia,busan,Master,벤처,DAMAGE,7.1,50.5
2026-02-11,competitive,Asia,busan,Master,브리기테,SUPPORT,8.1,44.9
2026-02-11,competitive,Asia,busan,Master,소전,DAMAGE,21.6,51.0
2026-02-11,competitive,Asia,busan,Master,솔저: 76,DAMAGE,16.3,53.8
2026-02-11,competitive,Asia,busan,Master,솜브라,DAMAGE,7.1,50.8
2026-02-11,competitive,Asia,busan,Master,시그마,TANK,13.9,55.1
2026-02-11,competitive,Asia,busan,Master,시메트라,DAMAGE,5.3,56.8
2026-02-11,competitive,Asia,busan,Master,아나,SUPPORT,56.5,49.4
2026-02-11,competitive,Asia,busan,Master,안란,DAMAGE,-1.0,-1.0
2026-02-11,competitive,Asia,busan,Master,애쉬,DAMAGE,15.8,50.8
2026-02-11,competitive,Asia,busan,Master,에코,DAMAGE,6.1,56.2
2026-02-11,competitive,Asia,busan,Master,엠레,DAMAGE,-1.0,-1.0
2026-02-11,competitive,Asia,busan,Master,오리사,TANK,6.9,45.8
2026-02-11,competitive,Asia,busan,Master,우양,SUPPORT,30.8,56.1
2026-02-11,competitive,Asia,busan,Master,위도우메이커,DAMAGE,4.1,49.2
2026-02-11,competitive,Asia,busan,Master,윈스턴,TANK,17.6,51.9
2026-02-11,competitive,Asia,busan,Master,일리아리,SUPPORT,19.4,53.6
2026-02-11,competitive,Asia,busan,Master,자리야,TANK,9.7,49.2
2026-02-11,competitive,Asia,busan,Master,정커퀸,TANK,4.7,51.0
2026-02-11,competitive,Asia,busan,Master,정크랫,DAMAGE,2.3,39.4
2026-02-11,competitive,Asia,busan,Master,제트팩 캣,SUPPORT,-1.0,-1.0
2026-02-11,competitive,Asia,busan,Master,젠야타,SUPPORT,11.1,50.8
2026-02-11,competitive,Asia,busan,Master,주노,SUPPORT,2.6,55.0
2026-02-11,competitive,Asia,busan,Master,캐서디,DAMAGE,30.4,45.0
2026-02-11,competitive,Asia,busan,Master,키리코,SUPPORT,39.1,47.1
2026-02-11,competitive,Asia,busan,Master,토르비욘,DAMAGE,3.1,51.4
2026-02-11,competitive,Asia,busan,Master,트레이서,DAMAGE,24.6,52.6
2026-02-11,competitive,Asia,busan,Master,파라,DAMAGE,2.7,47.9
2026-02-11,competitive,Asia,busan,Master,프레야,DAMAGE,5.0,44.1
2026-02-11,competitive,Asia,busan,Master,한조,DAMAGE,6.8,45.6
2026-02-11,competitive,Asia,busan,Master,해저드,TANK,3.9,51.3
2026-02-11,competitive,Asia,busan,Grandmaster,D.Va,TANK,11.0,50.4
2026-02-11,competitive,Asia,busan,Grandmaster,겐지,DAMAGE,12.5,46.3
2026-02-11,competitive,Asia,busan,Grandmaster,도미나,TANK,-1.0,-1.0
2026-02-11,competitive,Asia,busan,Grandmaster,둠피스트,TANK,10.8,41.6
2026-02-11,competitive,Asia,busan,Grandmaster,라마트라,TANK,4.4,43.9
2026-02-11,competitive,Asia,busan,Grandmaster,라이프위버,SUPPORT,0.8,47.6
2026-02-11,competitive,Asia,busan,Grandmaster,라인하르트,TANK,4.9,51.8
2026-02-11,competitive,Asia,busan,Grandmaster,레킹볼,TANK,8.4,50.0
2026-02-11,competitive,Asia,busan,Grandmaster,로드호그,TANK,2.9,36.2
2026-02-11,competitive,Asia,busan,Grandmaster,루시우,SUPPORT,9.4,49.5
2026-02-11,competitive,Asia,busan,Grandmaster,리퍼,DAMAGE,3.7,55.7
2026-02-11,competitive,Asia,busan,Grandmaster,마우가,TANK,1.0,30.3
2026-02-11,competitive,Asia,busan,Grandmaster,메르시,SUPPORT,2.0,37.3
2026-02-11,competitive,Asia,busan,Grandmaster,메이,DAMAGE,4.8,42.3
2026-02-11,competitive,Asia,busan,Grandmaster,모이라,SUPPORT,4.3,50.3
2026-02-11,competitive,Asia,busan,Grandmaster,미즈키,SUPPORT,-1.0,-1.0
2026-02-11,competitive,Asia,busan,Grandmaster,바스티온,DAMAGE,2.9,51.7
2026-02-11,competitive,Asia,busan,Grandmaster,바티스트,SUPPORT,18.4,48.2
2026-02-11,competitive,Asia,busan,Grandmaster,벤데타,DAMAGE,6.4,51.4
2026-02-11,competitive,Asia,busan,Grandmaster,벤처,DAMAGE,6.0,48.9
2026-02-11,competitive,Asia,busan,Grandmaster,브리기테,SUPPORT,9.5,45.7
2026-02-11,competitive,Asia,busan,Grandmaster,소전,DAMAGE,23.8,48.2
2026-02-11,competitive,Asia,busan,Grandmaster,솔저: 76,DAMAGE,13.2,53.9
2026-02-11,competitive,Asia,busan,Grandmaster,솜브라,DAMAGE,7.3,51.1
2026-02-11,competitive,Asia,busan,Grandmaster,시그마,TANK,20.4,53.9
2026-02-11,competitive,Asia,busan,Grandmaster,시메트라,DAMAGE,8.0,57.9
2026-02-11,competitive,Asia,busan,Grandmaster,아나,SUPPORT,49.0,49.0
2026-02-11,competitive,Asia,busan,Grandmaster,안란,DAMAGE,-1.0,-1.0
2026-02-11,competitive,Asia,busan,Grandmaster,애쉬,DAMAGE,19.6,51.2
2026-02-11,competitive,Asia,busan,Grandmaster,에코,DAMAGE,5.8,48.7
2026-02-11,competitive,Asia,busan,Grandmaster,엠레,DAMAGE,-1.0,-1.0
2026-02-11,competitive,Asia,busan,Grandmaster,오리사,TANK,4.6,53.7
2026-02-11,competitive,Asia,busan,Grandmaster,우양,SUPPORT,35.2,54.6
2026-02-11,competitive,Asia,busan,Grandmaster,위도우메이커,DAMAGE,6.5,48.0
2026-02-11,competitive,Asia,busan,Grandmaster,윈스턴,TANK,15.3,50.8
2026-02-11,competitive,Asia,busan,Grandmaster,일리아리,SUPPORT,22.5,56.8
2026-02-11,competitive,Asia,busan,Grandmaster,자리야,TANK,9.8,58.6
2026-02-11,competitive,Asia,busan,Grandmaster,정커퀸,TANK,2.6,60.0
2026-02-11,competitive,Asia,busan,Grandmaster,정크랫,DAMAGE,1.9,41.5
2026-02-11,competitive,Asia,busan,Grandmaster,제트팩 캣,SUPPORT,-1.0,-1.0
2026-02-11,competitive,Asia,busan,Grandmaster,젠야타,SUPPORT,8.9,51.4
2026-02-11,competitive,Asia,busan,Grandmaster,주노,SUPPORT,1.7,51.3
2026-02-11,competitive,Asia,busan,Grandmaster,캐서디,DAMAGE,24.1,44.3
2026-02-11,competitive,Asia,busan,Grandmaster,키리코,SUPPORT,38.4,46.4
2026-02-11,competitive,Asia,busan,Grandmaster,토르비욘,DAMAGE,2.2,43.9
2026-02-11,competitive,Asia,busan,Grandmaster,트레이서,DAMAGE,36.1,52.9
2026-02-11,competitive,Asia,busan,Grandmaster,파라,DAMAGE,2.7,57.1
2026-02-11,competitive,Asia,busan,Grandmaster,프레야,DAMAGE,5.9,52.5
2026-02-11,competitive,Asia,busan,Grandmaster,한조,DAMAGE,6.5,50.6
2026-02-11,competitive,Asia,busan,Grandmaster,해저드,TANK,3.9,47.9
2026-02-11,competitive,Asia,samoa,All,D.Va,TANK,6.5,47.3
2026-02-11,competitive,Asia,samoa,All,겐지,DAMAGE,17.7,50.7
2026-02-11,competitive,Asia,samoa,All,도미나,TANK,-1.0,-1.0
2026-02-11,competitive,Asia,samoa,All,둠피스트,TANK,8.0,50.1
2026-02-11,competitive,Asia,samoa,All,라마트라,TANK,7.2,49.7
2026-02-11,competitive,Asia,samoa,All,라이프위버,SUPPORT,4.1,43.3
2026-02-11,competitive,Asia,samoa,All,라인하르트,TANK,9.6,50.5
2026-02-11,competitive,Asia,samoa,All,레킹볼,TANK,4.2,46.8
2026-02-11,competitive,Asia,samoa,All,로드호그,TANK,5.1,43.5
2026-02-11,competitive,Asia,samoa,All,루시우,SUPPORT,6.8,49.2
2026-02-11,competitive,Asia,samoa,All,리퍼,DAMAGE,12.8,53.0
2026-02-11,competitive,Asia,samoa,All,마우가,TANK,4.3,47.5
2026-02-11,competitive,Asia,samoa,All,메르시,SUPPORT,7.5,46.6
2026-02-11,competitive,Asia,samoa,All,메이,DAMAGE,7.5,50.8
2026-02-11,competitive,Asia,samoa,All,모이라,SUPPORT,17.1,49.5
2026-02-11,competitive,Asia,samoa,All,미즈키,SUPPORT,-1.0,-1.0
2026-02-11,competitive,Asia,samoa,All,바스티온,DAMAGE,10.4,50.3
2026-02-11,competitive,Asia,samoa,All,바티스트,SUPPORT,10.7,48.3
2026-02-11,competitive,Asia,samoa,All,벤데타,DAMAGE,4.6,55.1
2026-02-11,competitive,Asia,samoa,All,벤처,DAMAGE,7.3,52.8
2026-02-11,competitive,Asia,samoa,All,브리기테,SUPPORT,6.2,48.5
2026-02-11,competitive,Asia,samoa,All,소전,DAMAGE,19.8,47.5
2026-02-11,competitive,Asia,samoa,All,솔저: 76,DAMAGE,18.1,50.5
2026-02-11,competitive,Asia,samoa,All,솜브라,DAMAGE,5.2,50.1
2026-02-11,competitive,Asia,samoa,All,시그마,TANK,15.0,55.8
2026-02-11,competitive,Asia,samoa,All,시메트라,DAMAGE,6.0,57.4
2026-02-11,competitive,Asia,samoa,All,아나,SUPPORT,52.8,49.3
2026-02-11,competitive,Asia,samoa,All,안란,DAMAGE,0.0,25.5
2026-02-11,competitive,Asia,samoa,All,애쉬,DAMAGE,13.3,50.2
2026-02-11,competitive,Asia,samoa,All,에코,DAMAGE,6.2,50.9
2026-02-11,competitive,Asia,samoa,All,엠레,DAMAGE,-1.0,-1.0
2026-02-11,competitive,Asia,samoa,All,오리사,TANK,11.5,45.4
2026-02-11,competitive,Asia,samoa,All,우양,SUPPORT,22.1,54.9
2026-02-11,competitive,Asia,samoa,All,위도우메이커,DAMAGE,1.0,37.7
2026-02-11,competitive,Asia,samoa,All,윈스턴,TANK,8.0,48.2
2026-02-11,competitive,Asia,samoa,All,일리아리,SUPPORT,14.7,57.1
2026-02-11,competitive,Asia,samoa,All,자리야,TANK,10.3,52.9
2026-02-11,competitive,Asia,samoa,All,정커퀸,TANK,6.9,55.6
2026-02-11,competitive,Asia,samoa,All,정크랫,DAMAGE,5.6,49.1
2026-02-11,competitive,Asia,samoa,All,제트팩 캣,SUPPORT,-1.0,-1.0
2026-02-11,competitive,Asia,samoa,All,젠야타,SUPPORT,12.2,51.7
2026-02-11,competitive,Asia,samoa,All,주노,SUPPORT,9.5,49.6
2026-02-11,competitive,Asia,samoa,All,캐서디,DAMAGE,31.7,47.5
2026-02-11,competitive,Asia,samoa,All,키리코,SUPPORT,36.3,46.5
2026-02-11,competitive,Asia,samoa,All,토르비욘,DAMAGE,3.6,51.9
2026-02-11,competitive,Asia,samoa,All,트레이서,DAMAGE,12.4,49.6
2026-02-11,competitive,Asia,samoa,All,파라,DAMAGE,5.0,48.7
2026-02-11,competitive,Asia,samoa,All,프레야,DAMAGE,5.0,46.5
2026-02-11,competitive,Asia,samoa,All,한조,DAMAGE,7.0,48.0
2026-02-11,competitive,Asia,samoa,All,해저드,TANK,3.4,50.3
2026-02-11,competitive,Asia,samoa,Bronze,D.Va,TANK,9.2,46.8
2026-02-11,competitive,Asia,samoa,Bronze,겐지,DAMAGE,12.3,51.6
2026-02-11,competitive,Asia,samoa,Bronze,도미나,TANK,-1.0,-1.0
2026-02-11,competitive,Asia,samoa,Bronze,둠피스트,TANK,4.2,53.6
2026-02-11,competitive,Asia,samoa,Bronze,라마트라,TANK,9.8,51.1
2026-02-11,competitive,Asia,samoa,Bronze,라이프위버,SUPPORT,4.6,40.9
2026-02-11,competitive,Asia,samoa,Bronze,라인하르트,TANK,9.4,51.6
2026-02-11,competitive,Asia,samoa,Bronze,레킹볼,TANK,3.7,51.1
2026-02-11,competitive,Asia,samoa,Bronze,로드호그,TANK,6.1,47.0
2026-02-11,competitive,Asia,samoa,Bronze,루시우,SUPPORT,9.1,47.4
2026-02-11,competitive,Asia,samoa,Bronze,리퍼,DAMAGE,15.1,52.5
2026-02-11,competitive,Asia,samoa,Bronze,마우가,TANK,6.0,45.2
2026-02-11,competitive,Asia,samoa,Bronze,메르시,SUPPORT,12.5,45.9
2026-02-11,competitive,Asia,samoa,Bronze,메이,DAMAGE,7.4,53.6
2026-02-11,competitive,Asia,samoa,Bronze,모이라,SUPPORT,27.2,49.0
2026-02-11,competitive,Asia,samoa,Bronze,미즈키,SUPPORT,-1.0,-1.0
2026-02-11,competitive,Asia,samoa,Bronze,바스티온,DAMAGE,20.6,48.4
2026-02-11,competitive,Asia,samoa,Bronze,바티스트,SUPPORT,8.8,46.8
2026-02-11,competitive,Asia,samoa,Bronze,벤데타,DAMAGE,4.0,58.3
2026-02-11,competitive,Asia,samoa,Bronze,벤처,DAMAGE,5.9,51.7
2026-02-11,competitive,Asia,samoa,Bronze,브리기테,SUPPORT,3.9,52.8
2026-02-11,competitive,Asia,samoa,Bronze,소전,DAMAGE,21.0,44.4
2026-02-11,competitive,Asia,samoa,Bronze,솔저: 76,DAMAGE,25.2,49.7
2026-02-11,competitive,Asia,samoa,Bronze,솜브라,DAMAGE,3.2,49.5
2026-02-11,competitive,Asia,samoa,Bronze,시그마,TANK,16.8,54.7
2026-02-11,competitive,Asia,samoa,Bronze,시메트라,DAMAGE,4.7,59.9
2026-02-11,competitive,Asia,samoa,Bronze,아나,SUPPORT,32.3,49.5
2026-02-11,competitive,Asia,samoa,Bronze,안란,DAMAGE,-1.0,-1.0
2026-02-11,competitive,Asia,samoa,Bronze,애쉬,DAMAGE,12.2,47.5
2026-02-11,competitive,Asia,samoa,Bronze,에코,DAMAGE,5.7,49.2
2026-02-11,competitive,Asia,samoa,Bronze,엠레,DAMAGE,-1.0,-1.0
2026-02-11,competitive,Asia,samoa,Bronze,오리사,TANK,16.1,43.4
2026-02-11,competitive,Asia,samoa,Bronze,우양,SUPPORT,19.7,54.5
2026-02-11,competitive,Asia,samoa,Bronze,위도우메이커,DAMAGE,2.1,41.9
2026-02-11,competitive,Asia,samoa,Bronze,윈스턴,TANK,5.5,50.8
2026-02-11,competitive,Asia,samoa,Bronze,일리아리,SUPPORT,13.0,59.3
2026-02-11,competitive,Asia,samoa,Bronze,자리야,TANK,5.7,55.6
2026-02-11,competitive,Asia,samoa,Bronze,정커퀸,TANK,4.4,54.9
2026-02-11,competitive,Asia,samoa,Bronze,정크랫,DAMAGE,10.8,50.9
2026-02-11,competitive,Asia,samoa,Bronze,제트팩 캣,SUPPORT,-1.0,-1.0
2026-02-11,competitive,Asia,samoa,Bronze,젠야타,SUPPORT,13.6,53.2
2026-02-11,competitive,Asia,samoa,Bronze,주노,SUPPORT,20.5,48.8
2026-02-11,competitive,Asia,samoa,Bronze,캐서디,DAMAGE,19.0,47.9
2026-02-11,competitive,Asia,samoa,Bronze,키리코,SUPPORT,34.9,48.1
2026-02-11,competitive,Asia,samoa,Bronze,토르비욘,DAMAGE,5.0,52.4
2026-02-11,competitive,Asia,samoa,Bronze,트레이서,DAMAGE,6.2,54.0
2026-02-11,competitive,Asia,samoa,Bronze,파라,DAMAGE,7.6,49.3
2026-02-11,competitive,Asia,samoa,Bronze,프레야,DAMAGE,5.5,50.7
2026-02-11,competitive,Asia,samoa,Bronze,한조,DAMAGE,6.5,51.8
2026-02-11,competitive,Asia,samoa,Bronze,해저드,TANK,3.1,50.7
2026-02-11,competitive,Asia,samoa,Silver,D.Va,TANK,7.4,49.1
2026-02-11,competitive,Asia,samoa,Silver,겐지,DAMAGE,14.1,52.3
2026-02-11,competitive,Asia,samoa,Silver,도미나,TANK,-1.0,-1.0
2026-02-11,competitive,Asia,samoa,Silver,둠피스트,TANK,5.1,55.9
2026-02-11,competitive,Asia,samoa,Silver,라마트라,TANK,9.1,49.9
2026-02-11,competitive,Asia,samoa,Silver,라이프위버,SUPPORT,5.4,44.2
2026-02-11,competitive,Asia,samoa,Silver,라인하르트,TANK,10.5,52.0
2026-02-11,competitive,Asia,samoa,Silver,레킹볼,TANK,3.3,46.8
2026-02-11,competitive,Asia,samoa,Silver,로드호그,TANK,5.5,41.7
2026-02-11,competitive,Asia,samoa,Silver,루시우,SUPPORT,7.9,48.6
2026-02-11,competitive,Asia,samoa,Silver,리퍼,DAMAGE,15.7,52.5
2026-02-11,competitive,Asia,samoa,Silver,마우가,TANK,5.6,47.1
2026-02-11,competitive,Asia,samoa,Silver,메르시,SUPPORT,11.9,46.6
2026-02-11,competitive,Asia,samoa,Silver,메이,DAMAGE,8.6,51.7
2026-02-11,competitive,Asia,samoa,Silver,모이라,SUPPORT,25.1,49.4
2026-02-11,competitive,Asia,samoa,Silver,미즈키,SUPPORT,-1.0,-1.0
2026-02-11,competitive,Asia,samoa,Silver,바스티온,DAMAGE,14.8,50.5
2026-02-11,competitive,Asia,samoa,Silver,바티스트,SUPPORT,9.9,48.4
2026-02-11,competitive,Asia,samoa,Silver,벤데타,DAMAGE,5.0,54.4
2026-02-11,competitive,Asia,samoa,Silver,벤처,DAMAGE,6.0,51.6
2026-02-11,competitive,Asia,samoa,Silver,브리기테,SUPPORT,4.8,47.7
2026-02-11,competitive,Asia,samoa,Silver,소전,DAMAGE,19.6,46.0
2026-02-11,competitive,Asia,samoa,Silver,솔저: 76,DAMAGE,23.7,50.9
2026-02-11,competitive,Asia,samoa,Silver,솜브라,DAMAGE,4.1,50.9
2026-02-11,competitive,Asia,samoa,Silver,시그마,TANK,15.5,55.0
2026-02-11,competitive,Asia,samoa,Silver,시메트라,DAMAGE,5.4,57.8
2026-02-11,competitive,Asia,samoa,Silver,아나,SUPPORT,42.5,49.3
2026-02-11,competitive,Asia,samoa,Silver,안란,DAMAGE,-1.0,-1.0
2026-02-11,competitive,Asia,samoa,Silver,애쉬,DAMAGE,13.5,49.0
2026-02-11,competitive,Asia,samoa,Silver,에코,DAMAGE,5.3,49.6
2026-02-11,competitive,Asia,samoa,Silver,엠레,DAMAGE,-1.0,-1.0
2026-02-11,competitive,Asia,samoa,Silver,오리사,TANK,14.8,44.3
2026-02-11,competitive,Asia,samoa,Silver,우양,SUPPORT,17.1,55.1
2026-02-11,competitive,Asia,samoa,Silver,위도우메이커,DAMAGE,1.3,36.1
2026-02-11,competitive,Asia,samoa,Silver,윈스턴,TANK,5.7,48.5
2026-02-11,competitive,Asia,samoa,Silver,일리아리,SUPPORT,12.8,56.7
2026-02-11,competitive,Asia,samoa,Silver,자리야,TANK,8.0,53.1
2026-02-11,competitive,Asia,samoa,Silver,정커퀸,TANK,6.3,54.4
2026-02-11,competitive,Asia,samoa,Silver,정크랫,DAMAGE,8.6,48.4
2026-02-11,competitive,Asia,samoa,Silver,제트팩 캣,SUPPORT,-1.0,-1.0
2026-02-11,competitive,Asia,samoa,Silver,젠야타,SUPPORT,11.5,53.7
2026-02-11,competitive,Asia,samoa,Silver,주노,SUPPORT,14.8,49.3
2026-02-11,competitive,Asia,samoa,Silver,캐서디,DAMAGE,25.0,48.3
2026-02-11,competitive,Asia,samoa,Silver,키리코,SUPPORT,36.3,47.8
2026-02-11,competitive,Asia,samoa,Silver,토르비욘,DAMAGE,3.9,51.3
2026-02-11,competitive,Asia,samoa,Silver,트레이서,DAMAGE,7.5,49.0
2026-02-11,competitive,Asia,samoa,Silver,파라,DAMAGE,5.9,50.0
2026-02-11,competitive,Asia,samoa,Silver,프레야,DAMAGE,5.4,47.7
2026-02-11,competitive,Asia,samoa,Silver,한조,DAMAGE,6.7,47.8
2026-02-11,competitive,Asia,samoa,Silver,해저드,TANK,3.2,50.4
2026-02-11,competitive,Asia,samoa,Gold,D.Va,TANK,6.5,45.9
2026-02-11,competitive,Asia,samoa,Gold,겐지,DAMAGE,16.9,51.0
2026-02-11,competitive,Asia,samoa,Gold,도미나,TANK,-1.0,-1.0
2026-02-11,competitive,Asia,samoa,Gold,둠피스트,TANK,6.3,48.3
2026-02-11,competitive,Asia,samoa,Gold,라마트라,TANK,7.6,48.9
2026-02-11,competitive,Asia,samoa,Gold,라이프위버,SUPPORT,4.9,44.5
2026-02-11,competitive,Asia,samoa,Gold,라인하르트,TANK,10.8,53.0
2026-02-11,competitive,Asia,samoa,Gold,레킹볼,TANK,3.6,46.7
2026-02-11,competitive,Asia,samoa,Gold,로드호그,TANK,5.6,44.3
2026-02-11,competitive,Asia,samoa,Gold,루시우,SUPPORT,6.6,50.2
2026-02-11,competitive,Asia,samoa,Gold,리퍼,DAMAGE,14.4,53.7
2026-02-11,competitive,Asia,samoa,Gold,마우가,TANK,4.8,48.2
2026-02-11,competitive,Asia,samoa,Gold,메르시,SUPPORT,8.8,46.4
2026-02-11,competitive,Asia,samoa,Gold,메이,DAMAGE,8.6,51.7
2026-02-11,competitive,Asia,samoa,Gold,모이라,SUPPORT,21.3,51.2
2026-02-11,competitive,Asia,samoa,Gold,미즈키,SUPPORT,-1.0,-1.0
2026-02-11,competitive,Asia,samoa,Gold,바스티온,DAMAGE,11.2,49.7
2026-02-11,competitive,Asia,samoa,Gold,바티스트,SUPPORT,9.8,47.3
2026-02-11,competitive,Asia,samoa,Gold,벤데타,DAMAGE,5.0,55.0
2026-02-11,competitive,Asia,samoa,Gold,벤처,DAMAGE,7.1,52.4
2026-02-11,competitive,Asia,samoa,Gold,브리기테,SUPPORT,5.8,48.9
2026-02-11,competitive,Asia,samoa,Gold,소전,DAMAGE,18.7,47.5
2026-02-11,competitive,Asia,samoa,Gold,솔저: 76,DAMAGE,21.1,49.3
2026-02-11,competitive,Asia,samoa,Gold,솜브라,DAMAGE,4.4,50.2
2026-02-11,competitive,Asia,samoa,Gold,시그마,TANK,14.8,55.8
2026-02-11,competitive,Asia,samoa,Gold,시메트라,DAMAGE,5.6,58.3
2026-02-11,competitive,Asia,samoa,Gold,아나,SUPPORT,51.8,49.5
2026-02-11,competitive,Asia,samoa,Gold,안란,DAMAGE,-1.0,-1.0
2026-02-11,competitive,Asia,samoa,Gold,애쉬,DAMAGE,13.7,49.7
2026-02-11,competitive,Asia,samoa,Gold,에코,DAMAGE,5.6,50.6
2026-02-11,competitive,Asia,samoa,Gold,엠레,DAMAGE,-1.0,-1.0
2026-02-11,competitive,Asia,samoa,Gold,오리사,TANK,13.1,45.9
2026-02-11,competitive,Asia,samoa,Gold,우양,SUPPORT,18.8,55.1
2026-02-11,competitive,Asia,samoa,Gold,위도우메이커,DAMAGE,0.9,37.4
2026-02-11,competitive,Asia,samoa,Gold,윈스턴,TANK,6.4,47.2
2026-02-11,competitive,Asia,samoa,Gold,일리아리,SUPPORT,12.8,55.5
2026-02-11,competitive,Asia,samoa,Gold,자리야,TANK,9.8,52.0
2026-02-11,competitive,Asia,samoa,Gold,정커퀸,TANK,7.6,56.5
2026-02-11,competitive,Asia,samoa,Gold,정크랫,DAMAGE,6.3,49.9
2026-02-11,competitive,Asia,samoa,Gold,제트팩 캣,SUPPORT,-1.0,-1.0
2026-02-11,competitive,Asia,samoa,Gold,젠야타,SUPPORT,11.8,52.3
2026-02-11,competitive,Asia,samoa,Gold,주노,SUPPORT,11.2,49.3
2026-02-11,competitive,Asia,samoa,Gold,캐서디,DAMAGE,30.2,47.5
2026-02-11,competitive,Asia,samoa,Gold,키리코,SUPPORT,36.4,46.5
2026-02-11,competitive,Asia,samoa,Gold,토르비욘,DAMAGE,3.6,53.5
2026-02-11,competitive,Asia,samoa,Gold,트레이서,DAMAGE,9.0,49.4
2026-02-11,competitive,Asia,samoa,Gold,파라,DAMAGE,5.4,48.9
2026-02-11,competitive,Asia,samoa,Gold,프레야,DAMAGE,5.1,45.2
2026-02-11,competitive,Asia,samoa,Gold,한조,DAMAGE,7.1,48.2
2026-02-11,competitive,Asia,samoa,Gold,해저드,TANK,3.2,48.6
2026-02-11,competitive,Asia,samoa,Platinum,D.Va,TANK,6.0,46.6
2026-02-11,competitive,Asia,samoa,Platinum,겐지,DAMAGE,19.5,51.5
2026-02-11,competitive,Asia,samoa,Platinum,도미나,TANK,-1.0,-1.0
2026-02-11,competitive,Asia,samoa,Platinum,둠피스트,TANK,8.3,51.2
2026-02-11,competitive,Asia,samoa,Platinum,라마트라,TANK,6.8,49.9
2026-02-11,competitive,Asia,samoa,Platinum,라이프위버,SUPPORT,3.9,44.2
2026-02-11,competitive,Asia,samoa,Platinum,라인하르트,TANK,9.9,48.8
2026-02-11,competitive,Asia,samoa,Platinum,레킹볼,TANK,4.5,45.3
2026-02-11,competitive,Asia,samoa,Platinum,로드호그,TANK,5.2,43.2
2026-02-11,competitive,Asia,samoa,Platinum,루시우,SUPPORT,5.9,49.6
2026-02-11,competitive,Asia,samoa,Platinum,리퍼,DAMAGE,12.2,52.6
2026-02-11,competitive,Asia,samoa,Platinum,마우가,TANK,4.1,49.2
2026-02-11,competitive,Asia,samoa,Platinum,메르시,SUPPORT,6.2,46.3
2026-02-11,competitive,Asia,samoa,Platinum,메이,DAMAGE,7.7,50.2
2026-02-11,competitive,Asia,samoa,Platinum,모이라,SUPPORT,15.1,48.8
2026-02-11,competitive,Asia,samoa,Platinum,미즈키,SUPPORT,-1.0,-1.0
2026-02-11,competitive,Asia,samoa,Platinum,바스티온,DAMAGE,8.9,51.1
2026-02-11,competitive,Asia,samoa,Platinum,바티스트,SUPPORT,10.5,47.3
2026-02-11,competitive,Asia,samoa,Platinum,벤데타,DAMAGE,4.4,56.0
2026-02-11,competitive,Asia,samoa,Platinum,벤처,DAMAGE,7.6,53.4
2026-02-11,competitive,Asia,samoa,Platinum,브리기테,SUPPORT,6.5,48.6
2026-02-11,competitive,Asia,samoa,Platinum,소전,DAMAGE,18.7,47.8
2026-02-11,competitive,Asia,samoa,Platinum,솔저: 76,DAMAGE,16.9,50.9
2026-02-11,competitive,Asia,samoa,Platinum,솜브라,DAMAGE,5.4,50.1
2026-02-11,competitive,Asia,samoa,Platinum,시그마,TANK,14.1,56.2
2026-02-11,competitive,Asia,samoa,Platinum,시메트라,DAMAGE,6.5,57.0
2026-02-11,competitive,Asia,samoa,Platinum,아나,SUPPORT,58.5,49.2
2026-02-11,competitive,Asia,samoa,Platinum,안란,DAMAGE,0.0,25.5
2026-02-11,competitive,Asia,samoa,Platinum,애쉬,DAMAGE,13.2,49.9
2026-02-11,competitive,Asia,samoa,Platinum,에코,DAMAGE,6.2,50.8
2026-02-11,competitive,Asia,samoa,Platinum,엠레,DAMAGE,-1.0,-1.0
2026-02-11,competitive,Asia,samoa,Platinum,오리사,TANK,10.8,45.6
2026-02-11,competitive,Asia,samoa,Platinum,우양,SUPPORT,21.6,55.2
2026-02-11,competitive,Asia,samoa,Platinum,위도우메이커,DAMAGE,0.9,38.0
2026-02-11,competitive,Asia,samoa,Platinum,윈스턴,TANK,8.2,48.5
2026-02-11,competitive,Asia,samoa,Platinum,일리아리,SUPPORT,14.6,57.1
2026-02-11,competitive,Asia,samoa,Platinum,자리야,TANK,11.2,52.3
2026-02-11,competitive,Asia,samoa,Platinum,정커퀸,TANK,7.5,55.7
2026-02-11,competitive,Asia,samoa,Platinum,정크랫,DAMAGE,4.6,48.7
2026-02-11,competitive,Asia,samoa,Platinum,제트팩 캣,SUPPORT,-1.0,-1.0
2026-02-11,competitive,Asia,samoa,Platinum,젠야타,SUPPORT,12.7,51.3
2026-02-11,competitive,Asia,samoa,Platinum,주노,SUPPORT,8.0,50.1
2026-02-11,competitive,Asia,samoa,Platinum,캐서디,DAMAGE,34.9,47.3
2026-02-11,competitive,Asia,samoa,Platinum,키리코,SUPPORT,36.5,46.5
2026-02-11,competitive,Asia,samoa,Platinum,토르비욘,DAMAGE,3.7,52.3
2026-02-11,competitive,Asia,samoa,Platinum,트레이서,DAMAGE,12.2,49.2
2026-02-11,competitive,Asia,samoa,Platinum,파라,DAMAGE,4.6,47.7
2026-02-11,competitive,Asia,samoa,Platinum,프레야,DAMAGE,4.9,46.2
2026-02-11,competitive,Asia,samoa,Platinum,한조,DAMAGE,7.1,46.8
2026-02-11,competitive,Asia,samoa,Platinum,해저드,TANK,3.4,51.3
2026-02-11,competitive,Asia,samoa,Diamond,D.Va,TANK,6.0,48.3
2026-02-11,competitive,Asia,samoa,Diamond,겐지,DAMAGE,20.3,49.5
2026-02-11,competitive,Asia,samoa,Diamond,도미나,TANK,-1.0,-1.0
2026-02-11,competitive,Asia,samoa,Diamond,둠피스트,TANK,11.2,48.8
2026-02-11,competitive,Asia,samoa,Diamond,라마트라,TANK,5.8,49.7
2026-02-11,competitive,Asia,samoa,Diamond,라이프위버,SUPPORT,2.9,40.1
2026-02-11,competitive,Asia,samoa,Diamond,라인하르트,TANK,8.5,48.2
2026-02-11,competitive,Asia,samoa,Diamond,레킹볼,TANK,4.9,47.1
2026-02-11,competitive,Asia,samoa,Diamond,로드호그,TANK,4.4,43.0
2026-02-11,competitive,Asia,samoa,Diamond,루시우,SUPPORT,6.5,49.5
2026-02-11,competitive,Asia,samoa,Diamond,리퍼,DAMAGE,10.7,53.7
2026-02-11,competitive,Asia,samoa,Diamond,마우가,TANK,3.5,46.3
2026-02-11,competitive,Asia,samoa,Diamond,메르시,SUPPORT,4.6,48.4
2026-02-11,competitive,Asia,samoa,Diamond,메이,DAMAGE,6.3,49.5
2026-02-11,competitive,Asia,samoa,Diamond,모이라,SUPPORT,10.4,47.9
2026-02-11,competitive,Asia,samoa,Diamond,미즈키,SUPPORT,-1.0,-1.0
2026-02-11,competitive,Asia,samoa,Diamond,바스티온,DAMAGE,7.4,51.3
2026-02-11,competitive,Asia,samoa,Diamond,바티스트,SUPPORT,11.4,50.0
2026-02-11,competitive,Asia,samoa,Diamond,벤데타,DAMAGE,4.3,53.4
2026-02-11,competitive,Asia,samoa,Diamond,벤처,DAMAGE,7.9,53.6
2026-02-11,competitive,Asia,samoa,Diamond,브리기테,SUPPORT,7.5,48.0
2026-02-11,competitive,Asia,samoa,Diamond,소전,DAMAGE,20.8,48.1
2026-02-11,competitive,Asia,samoa,Diamond,솔저: 76,DAMAGE,13.2,51.3
2026-02-11,competitive,Asia,samoa,Diamond,솜브라,DAMAGE,6.6,50.0
2026-02-11,competitive,Asia,samoa,Diamond,시그마,TANK,14.6,55.6
2026-02-11,competitive,Asia,samoa,Diamond,시메트라,DAMAGE,6.4,56.7
2026-02-11,competitive,Asia,samoa,Diamond,아나,SUPPORT,58.8,48.8
2026-02-11,competitive,Asia,samoa,Diamond,안란,DAMAGE,-1.0,-1.0
2026-02-11,competitive,Asia,samoa,Diamond,애쉬,DAMAGE,12.2,51.7
2026-02-11,competitive,Asia,samoa,Diamond,에코,DAMAGE,7.0,51.6
2026-02-11,competitive,Asia,samoa,Diamond,엠레,DAMAGE,-1.0,-1.0
2026-02-11,competitive,Asia,samoa,Diamond,오리사,TANK,8.5,46.1
2026-02-11,competitive,Asia,samoa,Diamond,우양,SUPPORT,26.8,54.3
2026-02-11,competitive,Asia,samoa,Diamond,위도우메이커,DAMAGE,0.8,36.9
2026-02-11,competitive,Asia,samoa,Diamond,윈스턴,TANK,10.3,49.2
2026-02-11,competitive,Asia,samoa,Diamond,일리아리,SUPPORT,16.8,58.5
2026-02-11,competitive,Asia,samoa,Diamond,자리야,TANK,11.7,53.2
2026-02-11,competitive,Asia,samoa,Diamond,정커퀸,TANK,7.1,55.6
2026-02-11,competitive,Asia,samoa,Diamond,정크랫,DAMAGE,3.3,48.2
2026-02-11,competitive,Asia,samoa,Diamond,제트팩 캣,SUPPORT,-1.0,-1.0
2026-02-11,competitive,Asia,samoa,Diamond,젠야타,SUPPORT,13.4,50.4
2026-02-11,competitive,Asia,samoa,Diamond,주노,SUPPORT,5.3,49.7
2026-02-11,competitive,Asia,samoa,Diamond,캐서디,DAMAGE,36.8,47.3
2026-02-11,competitive,Asia,samoa,Diamond,키리코,SUPPORT,35.7,45.3
2026-02-11,competitive,Asia,samoa,Diamond,토르비욘,DAMAGE,3.1,49.6
2026-02-11,competitive,Asia,samoa,Diamond,트레이서,DAMAGE,16.8,49.8
2026-02-11,competitive,Asia,samoa,Diamond,파라,DAMAGE,3.9,47.7
2026-02-11,competitive,Asia,samoa,Diamond,프레야,DAMAGE,4.9,46.5
2026-02-11,competitive,Asia,samoa,Diamond,한조,DAMAGE,7.3,48.2
2026-02-11,competitive,Asia,samoa,Diamond,해저드,TANK,3.7,49.9
2026-02-11,competitive,Asia,samoa,Master,D.Va,TANK,5.7,47.9
2026-02-11,competitive,Asia,samoa,Master,겐지,DAMAGE,18.3,47.3
2026-02-11,competitive,Asia,samoa,Master,도미나,TANK,-1.0,-1.0
2026-02-11,competitive,Asia,samoa,Master,둠피스트,TANK,13.1,47.9
2026-02-11,competitive,Asia,samoa,Master,라마트라,TANK,5.2,50.1
2026-02-11,competitive,Asia,samoa,Master,라이프위버,SUPPORT,2.2,39.2
2026-02-11,competitive,Asia,samoa,Master,라인하르트,TANK,6.2,47.6
2026-02-11,competitive,Asia,samoa,Master,레킹볼,TANK,5.0,49.3
2026-02-11,competitive,Asia,samoa,Master,로드호그,TANK,3.9,43.6
2026-02-11,competitive,Asia,samoa,Master,루시우,SUPPORT,7.7,47.4
2026-02-11,competitive,Asia,samoa,Master,리퍼,DAMAGE,8.6,51.6
2026-02-11,competitive,Asia,samoa,Master,마우가,TANK,2.8,44.1
2026-02-11,competitive,Asia,samoa,Master,메르시,SUPPORT,4.2,45.8
2026-02-11,competitive,Asia,samoa,Master,메이,DAMAGE,5.0,47.9
2026-02-11,competitive,Asia,samoa,Master,모이라,SUPPORT,6.8,48.5
2026-02-11,competitive,Asia,samoa,Master,미즈키,SUPPORT,-1.0,-1.0
2026-02-11,competitive,Asia,samoa,Master,바스티온,DAMAGE,5.3,48.2
2026-02-11,competitive,Asia,samoa,Master,바티스트,SUPPORT,13.9,50.5
2026-02-11,competitive,Asia,samoa,Master,벤데타,DAMAGE,4.1,55.4
2026-02-11,competitive,Asia,samoa,Master,벤처,DAMAGE,8.2,53.4
2026-02-11,competitive,Asia,samoa,Master,브리기테,SUPPORT,7.7,48.0
2026-02-11,competitive,Asia,samoa,Master,소전,DAMAGE,24.7,49.9
2026-02-11,competitive,Asia,samoa,Master,솔저: 76,DAMAGE,10.1,53.4
2026-02-11,competitive,Asia,samoa,Master,솜브라,DAMAGE,6.7,49.0
2026-02-11,competitive,Asia,samoa,Master,시그마,TANK,16.2,56.9
2026-02-11,competitive,Asia,samoa,Master,시메트라,DAMAGE,6.6,57.3
2026-02-11,competitive,Asia,samoa,Master,아나,SUPPORT,54.4,49.3
2026-02-11,competitive,Asia,samoa,Master,안란,DAMAGE,-1.0,-1.0
2026-02-11,competitive,Asia,samoa,Master,애쉬,DAMAGE,13.8,53.0
2026-02-11,competitive,Asia,samoa,Master,에코,DAMAGE,8.3,51.9
2026-02-11,competitive,Asia,samoa,Master,엠레,DAMAGE,-1.0,-1.0
2026-02-11,competitive,Asia,samoa,Master,오리사,TANK,7.8,46.7
2026-02-11,competitive,Asia,samoa,Master,우양,SUPPORT,32.4,53.9
2026-02-11,competitive,Asia,samoa,Master,위도우메이커,DAMAGE,1.0,38.1
2026-02-11,competitive,Asia,samoa,Master,윈스턴,TANK,12.8,46.1
2026-02-11,competitive,Asia,samoa,Master,일리아리,SUPPORT,19.7,58.4
2026-02-11,competitive,Asia,samoa,Master,자리야,TANK,12.3,54.9
2026-02-11,competitive,Asia,samoa,Master,정커퀸,TANK,5.6,55.1
2026-02-11,competitive,Asia,samoa,Master,정크랫,DAMAGE,3.0,48.2
2026-02-11,competitive,Asia,samoa,Master,제트팩 캣,SUPPORT,-1.0,-1.0
2026-02-11,competitive,Asia,samoa,Master,젠야타,SUPPORT,11.0,49.0
2026-02-11,competitive,Asia,samoa,Master,주노,SUPPORT,3.1,51.6
2026-02-11,competitive,Asia,samoa,Master,캐서디,DAMAGE,34.3,47.6
2026-02-11,competitive,Asia,samoa,Master,키리코,SUPPORT,36.9,45.3
2026-02-11,competitive,Asia,samoa,Master,토르비욘,DAMAGE,2.7,48.5
2026-02-11,competitive,Asia,samoa,Master,트레이서,DAMAGE,24.3,49.8
2026-02-11,competitive,Asia,samoa,Master,파라,DAMAGE,4.0,50.1
2026-02-11,competitive,Asia,samoa,Master,프레야,DAMAGE,4.5,45.7
2026-02-11,competitive,Asia,samoa,Master,한조,DAMAGE,6.4,48.2
2026-02-11,competitive,Asia,samoa,Master,해저드,TANK,3.4,50.8
2026-02-11,competitive,Asia,samoa,Grandmaster,D.Va,TANK,7.8,49.5
2026-02-11,competitive,Asia,samoa,Grandmaster,겐지,DAMAGE,11.4,45.4
2026-02-11,competitive,Asia,samoa,Grandmaster,도미나,TANK,-1.0,-1.0
2026-02-11,competitive,Asia,samoa,Grandmaster,둠피스트,TANK,11.3,43.4
2026-02-11,competitive,Asia,samoa,Grandmaster,라마트라,TANK,4.6,44.9
2026-02-11,competitive,Asia,samoa,Grandmaster,라이프위버,SUPPORT,1.4,30.3
2026-02-11,competitive,Asia,samoa,Grandmaster,라인하르트,TANK,4.5,50.4
2026-02-11,competitive,Asia,samoa,Grandmaster,레킹볼,TANK,6.2,48.9
2026-02-11,competitive,Asia,samoa,Grandmaster,로드호그,TANK,3.1,40.4
2026-02-11,competitive,Asia,samoa,Grandmaster,루시우,SUPPORT,9.4,45.3
2026-02-11,competitive,Asia,samoa,Grandmaster,리퍼,DAMAGE,6.1,54.6
2026-02-11,competitive,Asia,samoa,Grandmaster,마우가,TANK,0.9,25.7
2026-02-11,competitive,Asia,samoa,Grandmaster,메르시,SUPPORT,2.7,49.1
2026-02-11,competitive,Asia,samoa,Grandmaster,메이,DAMAGE,4.6,47.4
2026-02-11,competitive,Asia,samoa,Grandmaster,모이라,SUPPORT,4.8,47.3
2026-02-11,competitive,Asia,samoa,Grandmaster,미즈키,SUPPORT,-1.0,-1.0
2026-02-11,competitive,Asia,samoa,Grandmaster,바스티온,DAMAGE,4.0,55.3
2026-02-11,competitive,Asia,samoa,Grandmaster,바티스트,SUPPORT,20.5,50.9
2026-02-11,competitive,Asia,samoa,Grandmaster,벤데타,DAMAGE,5.1,54.6
2026-02-11,competitive,Asia,samoa,Grandmaster,벤처,DAMAGE,7.7,45.5
2026-02-11,competitive,Asia,samoa,Grandmaster,브리기테,SUPPORT,8.6,44.7
2026-02-11,competitive,Asia,samoa,Grandmaster,소전,DAMAGE,27.3,50.0
2026-02-11,competitive,Asia,samoa,Grandmaster,솔저: 76,DAMAGE,8.4,45.8
2026-02-11,competitive,Asia,samoa,Grandmaster,솜브라,DAMAGE,5.3,50.6
2026-02-11,competitive,Asia,samoa,Grandmaster,시그마,TANK,22.2,59.2
2026-02-11,competitive,Asia,samoa,Grandmaster,시메트라,DAMAGE,7.8,50.8
2026-02-11,competitive,Asia,samoa,Grandmaster,아나,SUPPORT,45.3,49.8
2026-02-11,competitive,Asia,samoa,Grandmaster,안란,DAMAGE,-1.0,-1.0
2026-02-11,competitive,Asia,samoa,Grandmaster,애쉬,DAMAGE,17.2,54.7
2026-02-11,competitive,Asia,samoa,Grandmaster,에코,DAMAGE,9.3,57.3
2026-02-11,competitive,Asia,samoa,Grandmaster,엠레,DAMAGE,-1.0,-1.0
2026-02-11,competitive,Asia,samoa,Grandmaster,오리사,TANK,4.4,45.3
2026-02-11,competitive,Asia,samoa,Grandmaster,우양,SUPPORT,37.7,57.0
2026-02-11,competitive,Asia,samoa,Grandmaster,위도우메이커,DAMAGE,1.3,30.5
2026-02-11,competitive,Asia,samoa,Grandmaster,윈스턴,TANK,14.0,46.6
2026-02-11,competitive,Asia,samoa,Grandmaster,일리아리,SUPPORT,22.3,55.2
2026-02-11,competitive,Asia,samoa,Grandmaster,자리야,TANK,14.2,56.2
2026-02-11,competitive,Asia,samoa,Grandmaster,정커퀸,TANK,3.1,52.5
2026-02-11,competitive,Asia,samoa,Grandmaster,정크랫,DAMAGE,3.9,45.2
2026-02-11,competitive,Asia,samoa,Grandmaster,제트팩 캣,SUPPORT,-1.0,-1.0
2026-02-11,competitive,Asia,samoa,Grandmaster,젠야타,SUPPORT,5.9,45.8
2026-02-11,competitive,Asia,samoa,Grandmaster,주노,SUPPORT,2.2,56.5
2026-02-11,competitive,Asia,samoa,Grandmaster,캐서디,DAMAGE,28.5,45.5
2026-02-11,competitive,Asia,samoa,Grandmaster,키리코,SUPPORT,39.2,45.3
2026-02-11,competitive,Asia,samoa,Grandmaster,토르비욘,DAMAGE,1.5,58.3
2026-02-11,competitive,Asia,samoa,Grandmaster,트레이서,DAMAGE,35.2,51.6
2026-02-11,competitive,Asia,samoa,Grandmaster,파라,DAMAGE,3.8,50.5
2026-02-11,competitive,Asia,samoa,Grandmaster,프레야,DAMAGE,5.5,48.7
2026-02-11,competitive,Asia,samoa,Grandmaster,한조,DAMAGE,5.8,53.3
2026-02-11,competitive,Asia,samoa,Grandmaster,해저드,TANK,3.9,55.9
2026-02-11,competitive,Asia,oasis,All,D.Va,TANK,8.7,48.6
2026-02-11,competitive,Asia,oasis,All,겐지,DAMAGE,19.3,51.3
2026-02-11,competitive,Asia,oasis,All,도미나,TANK,-1.0,-1.0
2026-02-11,competitive,Asia,oasis,All,둠피스트,TANK,8.3,51.0
2026-02-11,competitive,Asia,oasis,All,라마트라,TANK,5.8,47.9
2026-02-11,competitive,Asia,oasis,All,라이프위버,SUPPORT,4.4,44.1
2026-02-11,competitive,Asia,oasis,All,라인하르트,TANK,9.3,49.3
2026-02-11,competitive,Asia,oasis,All,레킹볼,TANK,4.8,47.7
2026-02-11,competitive,Asia,oasis,All,로드호그,TANK,6.2,45.3
2026-02-11,competitive,Asia,oasis,All,루시우,SUPPORT,7.9,49.7
2026-02-11,competitive,Asia,oasis,All,리퍼,DAMAGE,13.1,52.2
2026-02-11,competitive,Asia,oasis,All,마우가,TANK,3.6,47.1
2026-02-11,competitive,Asia,oasis,All,메르시,SUPPORT,9.2,47.6
2026-02-11,competitive,Asia,oasis,All,메이,DAMAGE,7.2,50.1
2026-02-11,competitive,Asia,oasis,All,모이라,SUPPORT,17.8,49.3
2026-02-11,competitive,Asia,oasis,All,미즈키,SUPPORT,-1.0,-1.0
2026-02-11,competitive,Asia,oasis,All,바스티온,DAMAGE,9.2,50.2
2026-02-11,competitive,Asia,oasis,All,바티스트,SUPPORT,10.0,48.6
2026-02-11,competitive,Asia,oasis,All,벤데타,DAMAGE,4.7,55.6
2026-02-11,competitive,Asia,oasis,All,벤처,DAMAGE,7.0,52.4
2026-02-11,competitive,Asia,oasis,All,브리기테,SUPPORT,6.4,49.1
2026-02-11,competitive,Asia,oasis,All,소전,DAMAGE,16.4,46.4
2026-02-11,competitive,Asia,oasis,All,솔저: 76,DAMAGE,20.1,50.4
2026-02-11,competitive,Asia,oasis,All,솜브라,DAMAGE,5.0,50.0
2026-02-11,competitive,Asia,oasis,All,시그마,TANK,12.5,55.1
2026-02-11,competitive,Asia,oasis,All,시메트라,DAMAGE,5.2,54.9
2026-02-11,competitive,Asia,oasis,All,아나,SUPPORT,52.3,48.9
2026-02-11,competitive,Asia,oasis,All,안란,DAMAGE,0.0,28.3
2026-02-11,competitive,Asia,oasis,All,애쉬,DAMAGE,9.6,48.6
2026-02-11,competitive,Asia,oasis,All,에코,DAMAGE,6.8,51.3
2026-02-11,competitive,Asia,oasis,All,엠레,DAMAGE,-1.0,-1.0
2026-02-11,competitive,Asia,oasis,All,오리사,TANK,11.3,46.7
2026-02-11,competitive,Asia,oasis,All,우양,SUPPORT,20.7,53.7
2026-02-11,competitive,Asia,oasis,All,위도우메이커,DAMAGE,1.0,34.7
2026-02-11,competitive,Asia,oasis,All,윈스턴,TANK,10.1,50.7
2026-02-11,competitive,Asia,oasis,All,일리아리,SUPPORT,13.4,57.3
2026-02-11,competitive,Asia,oasis,All,자리야,TANK,9.7,52.4
2026-02-11,competitive,Asia,oasis,All,정커퀸,TANK,6.0,53.9
2026-02-11,competitive,Asia,oasis,All,정크랫,DAMAGE,5.7,48.4
2026-02-11,competitive,Asia,oasis,All,제트팩 캣,SUPPORT,-1.0,-1.0
2026-02-11,competitive,Asia,oasis,All,젠야타,SUPPORT,11.6,52.2
2026-02-11,competitive,Asia,oasis,All,주노,SUPPORT,9.1,49.4
2026-02-11,competitive,Asia,oasis,All,캐서디,DAMAGE,35.7,48.5
2026-02-11,competitive,Asia,oasis,All,키리코,SUPPORT,37.2,47.3
2026-02-11,competitive,Asia,oasis,All,토르비욘,DAMAGE,2.9,51.1
2026-02-11,competitive,Asia,oasis,All,트레이서,DAMAGE,12.4,49.4
2026-02-11,competitive,Asia,oasis,All,파라,DAMAGE,6.5,52.9
2026-02-11,competitive,Asia,oasis,All,프레야,DAMAGE,4.9,45.9
2026-02-11,competitive,Asia,oasis,All,한조,DAMAGE,7.3,50.1
2026-02-11,competitive,Asia,oasis,All,해저드,TANK,3.7,50.7
2026-02-11,competitive,Asia,oasis,Bronze,D.Va,TANK,10.6,48.5
2026-02-11,competitive,Asia,oasis,Bronze,겐지,DAMAGE,12.4,49.2
2026-02-11,competitive,Asia,oasis,Bronze,도미나,TANK,-1.0,-1.0
2026-02-11,competitive,Asia,oasis,Bronze,둠피스트,TANK,3.9,53.7
2026-02-11,competitive,Asia,oasis,Bronze,라마트라,TANK,9.2,47.5
2026-02-11,competitive,Asia,oasis,Bronze,라이프위버,SUPPORT,5.0,46.8
2026-02-11,competitive,Asia,oasis,Bronze,라인하르트,TANK,9.3,51.0
2026-02-11,competitive,Asia,oasis,Bronze,레킹볼,TANK,3.8,49.1
2026-02-11,competitive,Asia,oasis,Bronze,로드호그,TANK,6.9,48.6
2026-02-11,competitive,Asia,oasis,Bronze,루시우,SUPPORT,10.2,49.7
2026-02-11,competitive,Asia,oasis,Bronze,리퍼,DAMAGE,13.9,51.3
2026-02-11,competitive,Asia,oasis,Bronze,마우가,TANK,4.6,49.7
2026-02-11,competitive,Asia,oasis,Bronze,메르시,SUPPORT,13.8,44.8
2026-02-11,competitive,Asia,oasis,Bronze,메이,DAMAGE,7.3,50.5
2026-02-11,competitive,Asia,oasis,Bronze,모이라,SUPPORT,27.4,51.1
2026-02-11,competitive,Asia,oasis,Bronze,미즈키,SUPPORT,-1.0,-1.0
2026-02-11,competitive,Asia,oasis,Bronze,바스티온,DAMAGE,19.2,51.0
2026-02-11,competitive,Asia,oasis,Bronze,바티스트,SUPPORT,9.0,47.0
2026-02-11,competitive,Asia,oasis,Bronze,벤데타,DAMAGE,4.2,56.2
2026-02-11,competitive,Asia,oasis,Bronze,벤처,DAMAGE,6.0,49.9
2026-02-11,competitive,Asia,oasis,Bronze,브리기테,SUPPORT,3.7,54.5
2026-02-11,competitive,Asia,oasis,Bronze,소전,DAMAGE,20.3,45.2
2026-02-11,competitive,Asia,oasis,Bronze,솔저: 76,DAMAGE,26.5,49.4
2026-02-11,competitive,Asia,oasis,Bronze,솜브라,DAMAGE,2.9,52.4
2026-02-11,competitive,Asia,oasis,Bronze,시그마,TANK,15.9,53.6
2026-02-11,competitive,Asia,oasis,Bronze,시메트라,DAMAGE,4.5,55.2
2026-02-11,competitive,Asia,oasis,Bronze,아나,SUPPORT,32.1,50.8
2026-02-11,competitive,Asia,oasis,Bronze,안란,DAMAGE,-1.0,-1.0
2026-02-11,competitive,Asia,oasis,Bronze,애쉬,DAMAGE,10.9,48.5
2026-02-11,competitive,Asia,oasis,Bronze,에코,DAMAGE,5.5,51.2
2026-02-11,competitive,Asia,oasis,Bronze,엠레,DAMAGE,-1.0,-1.0
2026-02-11,competitive,Asia,oasis,Bronze,오리사,TANK,16.9,44.5
2026-02-11,competitive,Asia,oasis,Bronze,우양,SUPPORT,18.3,50.8
2026-02-11,competitive,Asia,oasis,Bronze,위도우메이커,DAMAGE,1.6,43.1
2026-02-11,competitive,Asia,oasis,Bronze,윈스턴,TANK,5.8,50.9
2026-02-11,competitive,Asia,oasis,Bronze,일리아리,SUPPORT,12.6,56.4
2026-02-11,competitive,Asia,oasis,Bronze,자리야,TANK,5.8,56.3
2026-02-11,competitive,Asia,oasis,Bronze,정커퀸,TANK,4.2,53.0
2026-02-11,competitive,Asia,oasis,Bronze,정크랫,DAMAGE,11.1,48.4
2026-02-11,competitive,Asia,oasis,Bronze,제트팩 캣,SUPPORT,-1.0,-1.0
2026-02-11,competitive,Asia,oasis,Bronze,젠야타,SUPPORT,12.5,52.2
2026-02-11,competitive,Asia,oasis,Bronze,주노,SUPPORT,20.2,50.0
2026-02-11,competitive,Asia,oasis,Bronze,캐서디,DAMAGE,21.3,50.9
2026-02-11,competitive,Asia,oasis,Bronze,키리코,SUPPORT,35.2,47.2
2026-02-11,competitive,Asia,oasis,Bronze,토르비욘,DAMAGE,4.9,53.5
2026-02-11,competitive,Asia,oasis,Bronze,트레이서,DAMAGE,6.1,54.0
2026-02-11,competitive,Asia,oasis,Bronze,파라,DAMAGE,8.5,52.1
2026-02-11,competitive,Asia,oasis,Bronze,프레야,DAMAGE,5.4,46.2
2026-02-11,competitive,Asia,oasis,Bronze,한조,DAMAGE,7.4,48.9
2026-02-11,competitive,Asia,oasis,Bronze,해저드,TANK,3.1,52.1
2026-02-11,competitive,Asia,oasis,Silver,D.Va,TANK,8.7,46.7
2026-02-11,competitive,Asia,oasis,Silver,겐지,DAMAGE,15.7,52.3
2026-02-11,competitive,Asia,oasis,Silver,도미나,TANK,-1.0,-1.0
2026-02-11,competitive,Asia,oasis,Silver,둠피스트,TANK,5.4,53.2
2026-02-11,competitive,Asia,oasis,Silver,라마트라,TANK,7.8,48.5
2026-02-11,competitive,Asia,oasis,Silver,라이프위버,SUPPORT,5.5,46.4
2026-02-11,competitive,Asia,oasis,Silver,라인하르트,TANK,10.9,50.7
2026-02-11,competitive,Asia,oasis,Silver,레킹볼,TANK,4.1,49.9
2026-02-11,competitive,Asia,oasis,Silver,로드호그,TANK,6.7,45.0
2026-02-11,competitive,Asia,oasis,Silver,루시우,SUPPORT,9.5,49.2
2026-02-11,competitive,Asia,oasis,Silver,리퍼,DAMAGE,15.5,51.8
2026-02-11,competitive,Asia,oasis,Silver,마우가,TANK,4.6,46.7
2026-02-11,competitive,Asia,oasis,Silver,메르시,SUPPORT,14.1,45.7
2026-02-11,competitive,Asia,oasis,Silver,메이,DAMAGE,8.1,50.2
2026-02-11,competitive,Asia,oasis,Silver,모이라,SUPPORT,25.8,49.2
2026-02-11,competitive,Asia,oasis,Silver,미즈키,SUPPORT,-1.0,-1.0
2026-02-11,competitive,Asia,oasis,Silver,바스티온,DAMAGE,13.4,49.4
2026-02-11,competitive,Asia,oasis,Silver,바티스트,SUPPORT,9.4,48.2
2026-02-11,competitive,Asia,oasis,Silver,벤데타,DAMAGE,5.0,57.4
2026-02-11,competitive,Asia,oasis,Silver,벤처,DAMAGE,6.1,52.6
2026-02-11,competitive,Asia,oasis,Silver,브리기테,SUPPORT,4.6,50.6
2026-02-11,competitive,Asia,oasis,Silver,소전,DAMAGE,17.1,45.3
2026-02-11,competitive,Asia,oasis,Silver,솔저: 76,DAMAGE,26.3,49.7
2026-02-11,competitive,Asia,oasis,Silver,솜브라,DAMAGE,3.8,50.5
2026-02-11,competitive,Asia,oasis,Silver,시그마,TANK,13.9,53.6
2026-02-11,competitive,Asia,oasis,Silver,시메트라,DAMAGE,4.7,55.1
2026-02-11,competitive,Asia,oasis,Silver,아나,SUPPORT,42.1,49.3
2026-02-11,competitive,Asia,oasis,Silver,안란,DAMAGE,-1.0,-1.0
2026-02-11,competitive,Asia,oasis,Silver,애쉬,DAMAGE,10.9,49.8
2026-02-11,competitive,Asia,oasis,Silver,에코,DAMAGE,5.5,49.9
2026-02-11,competitive,Asia,oasis,Silver,엠레,DAMAGE,-1.0,-1.0
2026-02-11,competitive,Asia,oasis,Silver,오리사,TANK,14.4,47.6
2026-02-11,competitive,Asia,oasis,Silver,우양,SUPPORT,16.7,54.2
2026-02-11,competitive,Asia,oasis,Silver,위도우메이커,DAMAGE,1.3,36.1
2026-02-11,competitive,Asia,oasis,Silver,윈스턴,TANK,6.6,50.6
2026-02-11,competitive,Asia,oasis,Silver,일리아리,SUPPORT,12.0,57.2
2026-02-11,competitive,Asia,oasis,Silver,자리야,TANK,8.5,54.6
2026-02-11,competitive,Asia,oasis,Silver,정커퀸,TANK,5.5,53.2
2026-02-11,competitive,Asia,oasis,Silver,정크랫,DAMAGE,9.3,47.2
2026-02-11,competitive,Asia,oasis,Silver,제트팩 캣,SUPPORT,-1.0,-1.0
2026-02-11,competitive,Asia,oasis,Silver,젠야타,SUPPORT,11.2,54.6
2026-02-11,competitive,Asia,oasis,Silver,주노,SUPPORT,14.1,49.2
2026-02-11,competitive,Asia,oasis,Silver,캐서디,DAMAGE,27.1,50.2
2026-02-11,competitive,Asia,oasis,Silver,키리코,SUPPORT,35.0,47.6
2026-02-11,competitive,Asia,oasis,Silver,토르비욘,DAMAGE,3.1,50.3
2026-02-11,competitive,Asia,oasis,Silver,트레이서,DAMAGE,7.1,50.9
2026-02-11,competitive,Asia,oasis,Silver,파라,DAMAGE,7.4,51.3
2026-02-11,competitive,Asia,oasis,Silver,프레야,DAMAGE,5.1,47.1
2026-02-11,competitive,Asia,oasis,Silver,한조,DAMAGE,7.4,49.5
2026-02-11,competitive,Asia,oasis,Silver,해저드,TANK,3.0,49.8
2026-02-11,competitive,Asia,oasis,Gold,D.Va,TANK,8.3,48.4
2026-02-11,competitive,Asia,oasis,Gold,겐지,DAMAGE,19.1,51.4
2026-02-11,competitive,Asia,oasis,Gold,도미나,TANK,-1.0,-1.0
2026-02-11,competitive,Asia,oasis,Gold,둠피스트,TANK,6.3,52.9
2026-02-11,competitive,Asia,oasis,Gold,라마트라,TANK,6.5,48.0
2026-02-11,competitive,Asia,oasis,Gold,라이프위버,SUPPORT,5.2,44.1
2026-02-11,competitive,Asia,oasis,Gold,라인하르트,TANK,10.6,50.3
2026-02-11,competitive,Asia,oasis,Gold,레킹볼,TANK,4.5,47.6
2026-02-11,competitive,Asia,oasis,Gold,로드호그,TANK,6.7,45.0
2026-02-11,competitive,Asia,oasis,Gold,루시우,SUPPORT,7.5,50.1
2026-02-11,competitive,Asia,oasis,Gold,리퍼,DAMAGE,14.7,52.6
2026-02-11,competitive,Asia,oasis,Gold,마우가,TANK,4.0,47.8
2026-02-11,competitive,Asia,oasis,Gold,메르시,SUPPORT,10.3,48.1
2026-02-11,competitive,Asia,oasis,Gold,메이,DAMAGE,8.3,51.6
2026-02-11,competitive,Asia,oasis,Gold,모이라,SUPPORT,21.5,49.4
2026-02-11,competitive,Asia,oasis,Gold,미즈키,SUPPORT,-1.0,-1.0
2026-02-11,competitive,Asia,oasis,Gold,바스티온,DAMAGE,10.1,50.1
2026-02-11,competitive,Asia,oasis,Gold,바티스트,SUPPORT,9.5,47.9
2026-02-11,competitive,Asia,oasis,Gold,벤데타,DAMAGE,4.8,56.6
2026-02-11,competitive,Asia,oasis,Gold,벤처,DAMAGE,7.1,51.7
2026-02-11,competitive,Asia,oasis,Gold,브리기테,SUPPORT,5.5,49.4
2026-02-11,competitive,Asia,oasis,Gold,소전,DAMAGE,15.7,45.8
2026-02-11,competitive,Asia,oasis,Gold,솔저: 76,DAMAGE,22.9,50.6
2026-02-11,competitive,Asia,oasis,Gold,솜브라,DAMAGE,4.2,51.1
2026-02-11,competitive,Asia,oasis,Gold,시그마,TANK,12.8,54.6
2026-02-11,competitive,Asia,oasis,Gold,시메트라,DAMAGE,4.9,55.9
2026-02-11,competitive,Asia,oasis,Gold,아나,SUPPORT,52.2,49.3
2026-02-11,competitive,Asia,oasis,Gold,안란,DAMAGE,0.0,95.7
2026-02-11,competitive,Asia,oasis,Gold,애쉬,DAMAGE,10.6,48.4
2026-02-11,competitive,Asia,oasis,Gold,에코,DAMAGE,6.1,51.6
2026-02-11,competitive,Asia,oasis,Gold,엠레,DAMAGE,-1.0,-1.0
2026-02-11,competitive,Asia,oasis,Gold,오리사,TANK,12.5,45.9
2026-02-11,competitive,Asia,oasis,Gold,우양,SUPPORT,18.1,53.4
2026-02-11,competitive,Asia,oasis,Gold,위도우메이커,DAMAGE,0.9,39.1
2026-02-11,competitive,Asia,oasis,Gold,윈스턴,TANK,8.0,50.1
2026-02-11,competitive,Asia,oasis,Gold,일리아리,SUPPORT,12.0,56.4
2026-02-11,competitive,Asia,oasis,Gold,자리야,TANK,10.1,53.5
2026-02-11,competitive,Asia,oasis,Gold,정커퀸,TANK,6.2,53.9
2026-02-11,competitive,Asia,oasis,Gold,정크랫,DAMAGE,6.4,48.1
2026-02-11,competitive,Asia,oasis,Gold,제트팩 캣,SUPPORT,-1.0,-1.0
2026-02-11,competitive,Asia,oasis,Gold,젠야타,SUPPORT,11.7,53.7
2026-02-11,competitive,Asia,oasis,Gold,주노,SUPPORT,10.1,49.5
2026-02-11,competitive,Asia,oasis,Gold,캐서디,DAMAGE,33.3,48.1
2026-02-11,competitive,Asia,oasis,Gold,키리코,SUPPORT,36.3,47.4
2026-02-11,competitive,Asia,oasis,Gold,토르비욘,DAMAGE,3.1,52.5
2026-02-11,competitive,Asia,oasis,Gold,트레이서,DAMAGE,8.9,47.9
2026-02-11,competitive,Asia,oasis,Gold,파라,DAMAGE,6.6,51.8
2026-02-11,competitive,Asia,oasis,Gold,프레야,DAMAGE,5.0,45.1
2026-02-11,competitive,Asia,oasis,Gold,한조,DAMAGE,7.5,50.6
2026-02-11,competitive,Asia,oasis,Gold,해저드,TANK,3.5,50.6
2026-02-11,competitive,Asia,oasis,Platinum,D.Va,TANK,8.5,49.3
2026-02-11,competitive,Asia,oasis,Platinum,겐지,DAMAGE,21.4,51.9
2026-02-11,competitive,Asia,oasis,Platinum,도미나,TANK,-1.0,-1.0
2026-02-11,competitive,Asia,oasis,Platinum,둠피스트,TANK,9.0,50.9
2026-02-11,competitive,Asia,oasis,Platinum,라마트라,TANK,5.3,48.4
2026-02-11,competitive,Asia,oasis,Platinum,라이프위버,SUPPORT,4.3,43.7
2026-02-11,competitive,Asia,oasis,Platinum,라인하르트,TANK,9.2,48.3
2026-02-11,competitive,Asia,oasis,Platinum,레킹볼,TANK,4.9,46.7
2026-02-11,competitive,Asia,oasis,Platinum,로드호그,TANK,6.2,45.5
2026-02-11,competitive,Asia,oasis,Platinum,루시우,SUPPORT,7.0,50.1
2026-02-11,competitive,Asia,oasis,Platinum,리퍼,DAMAGE,12.9,51.9
2026-02-11,competitive,Asia,oasis,Platinum,마우가,TANK,3.3,46.6
2026-02-11,competitive,Asia,oasis,Platinum,메르시,SUPPORT,8.0,48.9
2026-02-11,competitive,Asia,oasis,Platinum,메이,DAMAGE,7.3,50.0
2026-02-11,competitive,Asia,oasis,Platinum,모이라,SUPPORT,15.5,49.5
2026-02-11,competitive,Asia,oasis,Platinum,미즈키,SUPPORT,-1.0,-1.0
2026-02-11,competitive,Asia,oasis,Platinum,바스티온,DAMAGE,7.5,50.4
2026-02-11,competitive,Asia,oasis,Platinum,바티스트,SUPPORT,9.8,49.1
2026-02-11,competitive,Asia,oasis,Platinum,벤데타,DAMAGE,4.6,55.2
2026-02-11,competitive,Asia,oasis,Platinum,벤처,DAMAGE,7.3,52.8
2026-02-11,competitive,Asia,oasis,Platinum,브리기테,SUPPORT,6.8,48.7
2026-02-11,competitive,Asia,oasis,Platinum,소전,DAMAGE,15.3,46.8
2026-02-11,competitive,Asia,oasis,Platinum,솔저: 76,DAMAGE,18.5,50.4
2026-02-11,competitive,Asia,oasis,Platinum,솜브라,DAMAGE,5.3,49.7
2026-02-11,competitive,Asia,oasis,Platinum,시그마,TANK,11.7,55.7
2026-02-11,competitive,Asia,oasis,Platinum,시메트라,DAMAGE,5.6,55.2
2026-02-11,competitive,Asia,oasis,Platinum,아나,SUPPORT,58.1,48.3
2026-02-11,competitive,Asia,oasis,Platinum,안란,DAMAGE,0.0,4.9
2026-02-11,competitive,Asia,oasis,Platinum,애쉬,DAMAGE,9.4,48.5
2026-02-11,competitive,Asia,oasis,Platinum,에코,DAMAGE,6.7,51.2
2026-02-11,competitive,Asia,oasis,Platinum,엠레,DAMAGE,-1.0,-1.0
2026-02-11,competitive,Asia,oasis,Platinum,오리사,TANK,10.2,47.3
2026-02-11,competitive,Asia,oasis,Platinum,우양,SUPPORT,20.2,54.0
2026-02-11,competitive,Asia,oasis,Platinum,위도우메이커,DAMAGE,0.8,29.9
2026-02-11,competitive,Asia,oasis,Platinum,윈스턴,TANK,10.7,51.1
2026-02-11,competitive,Asia,oasis,Platinum,일리아리,SUPPORT,13.4,57.5
2026-02-11,competitive,Asia,oasis,Platinum,자리야,TANK,10.2,50.5
2026-02-11,competitive,Asia,oasis,Platinum,정커퀸,TANK,6.7,54.4
2026-02-11,competitive,Asia,oasis,Platinum,정크랫,DAMAGE,4.3,49.5
2026-02-11,competitive,Asia,oasis,Platinum,제트팩 캣,SUPPORT,-1.0,-1.0
2026-02-11,competitive,Asia,oasis,Platinum,젠야타,SUPPORT,12.0,51.1
2026-02-11,competitive,Asia,oasis,Platinum,주노,SUPPORT,7.5,49.0
2026-02-11,competitive,Asia,oasis,Platinum,캐서디,DAMAGE,39.7,47.6
2026-02-11,competitive,Asia,oasis,Platinum,키리코,SUPPORT,37.4,47.2
2026-02-11,competitive,Asia,oasis,Platinum,토르비욘,DAMAGE,2.8,50.4
2026-02-11,competitive,Asia,oasis,Platinum,트레이서,DAMAGE,12.6,49.7
2026-02-11,competitive,Asia,oasis,Platinum,파라,DAMAGE,6.3,54.3
2026-02-11,competitive,Asia,oasis,Platinum,프레야,DAMAGE,4.7,45.3
2026-02-11,competitive,Asia,oasis,Platinum,한조,DAMAGE,7.1,49.3
2026-02-11,competitive,Asia,oasis,Platinum,해저드,TANK,3.9,50.2
2026-02-11,competitive,Asia,oasis,Diamond,D.Va,TANK,9.0,49.4
2026-02-11,competitive,Asia,oasis,Diamond,겐지,DAMAGE,22.1,50.2
2026-02-11,competitive,Asia,oasis,Diamond,도미나,TANK,-1.0,-1.0
2026-02-11,competitive,Asia,oasis,Diamond,둠피스트,TANK,12.0,50.0
2026-02-11,competitive,Asia,oasis,Diamond,라마트라,TANK,3.8,45.9
2026-02-11,competitive,Asia,oasis,Diamond,라이프위버,SUPPORT,3.3,42.0
2026-02-11,competitive,Asia,oasis,Diamond,라인하르트,TANK,7.5,47.3
2026-02-11,competitive,Asia,oasis,Diamond,레킹볼,TANK,5.4,46.7
2026-02-11,competitive,Asia,oasis,Diamond,로드호그,TANK,5.4,44.5
2026-02-11,competitive,Asia,oasis,Diamond,루시우,SUPPORT,7.5,48.4
2026-02-11,competitive,Asia,oasis,Diamond,리퍼,DAMAGE,10.7,53.4
2026-02-11,competitive,Asia,oasis,Diamond,마우가,TANK,2.9,46.2
2026-02-11,competitive,Asia,oasis,Diamond,메르시,SUPPORT,5.6,48.8
2026-02-11,competitive,Asia,oasis,Diamond,메이,DAMAGE,5.6,48.4
2026-02-11,competitive,Asia,oasis,Diamond,모이라,SUPPORT,9.9,47.7
2026-02-11,competitive,Asia,oasis,Diamond,미즈키,SUPPORT,-1.0,-1.0
2026-02-11,competitive,Asia,oasis,Diamond,바스티온,DAMAGE,6.0,52.0
2026-02-11,competitive,Asia,oasis,Diamond,바티스트,SUPPORT,10.7,48.5
2026-02-11,competitive,Asia,oasis,Diamond,벤데타,DAMAGE,4.5,53.9
2026-02-11,competitive,Asia,oasis,Diamond,벤처,DAMAGE,7.4,53.0
2026-02-11,competitive,Asia,oasis,Diamond,브리기테,SUPPORT,8.5,48.4
2026-02-11,competitive,Asia,oasis,Diamond,소전,DAMAGE,16.3,47.0
2026-02-11,competitive,Asia,oasis,Diamond,솔저: 76,DAMAGE,14.4,51.1
2026-02-11,competitive,Asia,oasis,Diamond,솜브라,DAMAGE,6.6,48.7
2026-02-11,competitive,Asia,oasis,Diamond,시그마,TANK,10.9,56.8
2026-02-11,competitive,Asia,oasis,Diamond,시메트라,DAMAGE,5.5,53.9
2026-02-11,competitive,Asia,oasis,Diamond,아나,SUPPORT,58.3,48.3
2026-02-11,competitive,Asia,oasis,Diamond,안란,DAMAGE,-1.0,-1.0
2026-02-11,competitive,Asia,oasis,Diamond,애쉬,DAMAGE,7.6,47.0
2026-02-11,competitive,Asia,oasis,Diamond,에코,DAMAGE,8.2,51.1
2026-02-11,competitive,Asia,oasis,Diamond,엠레,DAMAGE,-1.0,-1.0
2026-02-11,competitive,Asia,oasis,Diamond,오리사,TANK,8.4,47.2
2026-02-11,competitive,Asia,oasis,Diamond,우양,SUPPORT,25.3,54.1
2026-02-11,competitive,Asia,oasis,Diamond,위도우메이커,DAMAGE,0.8,30.7
2026-02-11,competitive,Asia,oasis,Diamond,윈스턴,TANK,13.8,50.0
2026-02-11,competitive,Asia,oasis,Diamond,일리아리,SUPPORT,15.1,58.4
2026-02-11,competitive,Asia,oasis,Diamond,자리야,TANK,10.4,52.4
2026-02-11,competitive,Asia,oasis,Diamond,정커퀸,TANK,6.0,54.2
2026-02-11,competitive,Asia,oasis,Diamond,정크랫,DAMAGE,3.3,49.7
2026-02-11,competitive,Asia,oasis,Diamond,제트팩 캣,SUPPORT,-1.0,-1.0
2026-02-11,competitive,Asia,oasis,Diamond,젠야타,SUPPORT,11.7,50.5
2026-02-11,competitive,Asia,oasis,Diamond,주노,SUPPORT,5.1,50.4
2026-02-11,competitive,Asia,oasis,Diamond,캐서디,DAMAGE,42.7,49.0
2026-02-11,competitive,Asia,oasis,Diamond,키리코,SUPPORT,39.0,47.2
2026-02-11,competitive,Asia,oasis,Diamond,토르비욘,DAMAGE,2.5,50.5
2026-02-11,competitive,Asia,oasis,Diamond,트레이서,DAMAGE,18.1,48.8
2026-02-11,competitive,Asia,oasis,Diamond,파라,DAMAGE,5.7,54.0
2026-02-11,competitive,Asia,oasis,Diamond,프레야,DAMAGE,4.8,46.1
2026-02-11,competitive,Asia,oasis,Diamond,한조,DAMAGE,7.2,51.0
2026-02-11,competitive,Asia,oasis,Diamond,해저드,TANK,4.5,52.4
2026-02-11,competitive,Asia,oasis,Master,D.Va,TANK,8.0,49.2
2026-02-11,competitive,Asia,oasis,Master,겐지,DAMAGE,19.3,50.2
2026-02-11,competitive,Asia,oasis,Master,도미나,TANK,-1.0,-1.0
2026-02-11,competitive,Asia,oasis,Master,둠피스트,TANK,14.1,46.5
2026-02-11,competitive,Asia,oasis,Master,라마트라,TANK,3.1,47.2
2026-02-11,competitive,Asia,oasis,Master,라이프위버,SUPPORT,2.2,38.6
2026-02-11,competitive,Asia,oasis,Master,라인하르트,TANK,5.5,48.9
2026-02-11,competitive,Asia,oasis,Master,레킹볼,TANK,5.8,49.6
2026-02-11,competitive,Asia,oasis,Master,로드호그,TANK,5.2,45.5
2026-02-11,competitive,Asia,oasis,Master,루시우,SUPPORT,8.9,51.0
2026-02-11,competitive,Asia,oasis,Master,리퍼,DAMAGE,8.8,51.1
2026-02-11,competitive,Asia,oasis,Master,마우가,TANK,2.5,44.9
2026-02-11,competitive,Asia,oasis,Master,메르시,SUPPORT,4.6,49.1
2026-02-11,competitive,Asia,oasis,Master,메이,DAMAGE,4.2,45.1
2026-02-11,competitive,Asia,oasis,Master,모이라,SUPPORT,6.9,48.3
2026-02-11,competitive,Asia,oasis,Master,미즈키,SUPPORT,-1.0,-1.0
2026-02-11,competitive,Asia,oasis,Master,바스티온,DAMAGE,4.6,47.1
2026-02-11,competitive,Asia,oasis,Master,바티스트,SUPPORT,12.5,50.6
2026-02-11,competitive,Asia,oasis,Master,벤데타,DAMAGE,4.8,53.2
2026-02-11,competitive,Asia,oasis,Master,벤처,DAMAGE,7.0,53.2
2026-02-11,competitive,Asia,oasis,Master,브리기테,SUPPORT,9.6,47.4
2026-02-11,competitive,Asia,oasis,Master,소전,DAMAGE,19.1,49.2
2026-02-11,competitive,Asia,oasis,Master,솔저: 76,DAMAGE,10.9,52.1
2026-02-11,competitive,Asia,oasis,Master,솜브라,DAMAGE,7.3,50.3
2026-02-11,competitive,Asia,oasis,Master,시그마,TANK,12.0,55.4
2026-02-11,competitive,Asia,oasis,Master,시메트라,DAMAGE,5.2,51.3
2026-02-11,competitive,Asia,oasis,Master,아나,SUPPORT,53.6,47.9
2026-02-11,competitive,Asia,oasis,Master,안란,DAMAGE,-1.0,-1.0
2026-02-11,competitive,Asia,oasis,Master,애쉬,DAMAGE,7.7,49.8
2026-02-11,competitive,Asia,oasis,Master,에코,DAMAGE,10.7,53.1
2026-02-11,competitive,Asia,oasis,Master,엠레,DAMAGE,-1.0,-1.0
2026-02-11,competitive,Asia,oasis,Master,오리사,TANK,7.1,47.6
2026-02-11,competitive,Asia,oasis,Master,우양,SUPPORT,31.2,54.2
2026-02-11,competitive,Asia,oasis,Master,위도우메이커,DAMAGE,1.0,34.1
2026-02-11,competitive,Asia,oasis,Master,윈스턴,TANK,17.9,53.0
2026-02-11,competitive,Asia,oasis,Master,일리아리,SUPPORT,17.0,58.2
2026-02-11,competitive,Asia,oasis,Master,자리야,TANK,9.3,51.8
2026-02-11,competitive,Asia,oasis,Master,정커퀸,TANK,5.1,52.9
2026-02-11,competitive,Asia,oasis,Master,정크랫,DAMAGE,2.4,47.7
2026-02-11,competitive,Asia,oasis,Master,제트팩 캣,SUPPORT,-1.0,-1.0
2026-02-11,competitive,Asia,oasis,Master,젠야타,SUPPORT,9.4,50.3
2026-02-11,competitive,Asia,oasis,Master,주노,SUPPORT,3.0,48.6
2026-02-11,competitive,Asia,oasis,Master,캐서디,DAMAGE,41.3,48.3
2026-02-11,competitive,Asia,oasis,Master,키리코,SUPPORT,41.1,45.7
2026-02-11,competitive,Asia,oasis,Master,토르비욘,DAMAGE,2.3,51.0
2026-02-11,competitive,Asia,oasis,Master,트레이서,DAMAGE,26.4,48.8
2026-02-11,competitive,Asia,oasis,Master,파라,DAMAGE,5.5,53.6
2026-02-11,competitive,Asia,oasis,Master,프레야,DAMAGE,4.6,49.8
2026-02-11,competitive,Asia,oasis,Master,한조,DAMAGE,6.9,50.9
2026-02-11,competitive,Asia,oasis,Master,해저드,TANK,4.4,48.5
2026-02-11,competitive,Asia,oasis,Grandmaster,D.Va,TANK,10.2,52.2
2026-02-11,competitive,Asia,oasis,Grandmaster,겐지,DAMAGE,11.6,51.9
2026-02-11,competitive,Asia,oasis,Grandmaster,도미나,TANK,-1.0,-1.0
2026-02-11,competitive,Asia,oasis,Grandmaster,둠피스트,TANK,12.6,50.1
2026-02-11,competitive,Asia,oasis,Grandmaster,라마트라,TANK,2.2,50.6
2026-02-11,competitive,Asia,oasis,Grandmaster,라이프위버,SUPPORT,0.8,31.4
2026-02-11,competitive,Asia,oasis,Grandmaster,라인하르트,TANK,4.5,46.7
2026-02-11,competitive,Asia,oasis,Grandmaster,레킹볼,TANK,6.0,49.5
2026-02-11,competitive,Asia,oasis,Grandmaster,로드호그,TANK,4.2,43.6
2026-02-11,competitive,Asia,oasis,Grandmaster,루시우,SUPPORT,11.2,48.1
2026-02-11,competitive,Asia,oasis,Grandmaster,리퍼,DAMAGE,4.6,44.6
2026-02-11,competitive,Asia,oasis,Grandmaster,마우가,TANK,1.0,43.3
2026-02-11,competitive,Asia,oasis,Grandmaster,메르시,SUPPORT,2.9,39.2
2026-02-11,competitive,Asia,oasis,Grandmaster,메이,DAMAGE,4.2,45.3
2026-02-11,competitive,Asia,oasis,Grandmaster,모이라,SUPPORT,3.9,44.2
2026-02-11,competitive,Asia,oasis,Grandmaster,미즈키,SUPPORT,-1.0,-1.0
2026-02-11,competitive,Asia,oasis,Grandmaster,바스티온,DAMAGE,3.0,44.7
2026-02-11,competitive,Asia,oasis,Grandmaster,바티스트,SUPPORT,18.6,50.4
2026-02-11,competitive,Asia,oasis,Grandmaster,벤데타,DAMAGE,6.8,52.9
2026-02-11,competitive,Asia,oasis,Grandmaster,벤처,DAMAGE,5.2,46.8
2026-02-11,competitive,Asia,oasis,Grandmaster,브리기테,SUPPORT,8.9,47.0
2026-02-11,competitive,Asia,oasis,Grandmaster,소전,DAMAGE,21.3,50.5
2026-02-11,competitive,Asia,oasis,Grandmaster,솔저: 76,DAMAGE,8.9,44.1
2026-02-11,competitive,Asia,oasis,Grandmaster,솜브라,DAMAGE,5.7,48.6
2026-02-11,competitive,Asia,oasis,Grandmaster,시그마,TANK,16.4,57.2
2026-02-11,competitive,Asia,oasis,Grandmaster,시메트라,DAMAGE,5.9,48.2
2026-02-11,competitive,Asia,oasis,Grandmaster,아나,SUPPORT,42.6,48.8
2026-02-11,competitive,Asia,oasis,Grandmaster,안란,DAMAGE,-1.0,-1.0
2026-02-11,competitive,Asia,oasis,Grandmaster,애쉬,DAMAGE,9.6,50.8
2026-02-11,competitive,Asia,oasis,Grandmaster,에코,DAMAGE,13.8,53.7
2026-02-11,competitive,Asia,oasis,Grandmaster,엠레,DAMAGE,-1.0,-1.0
2026-02-11,competitive,Asia,oasis,Grandmaster,오리사,TANK,5.7,45.7
2026-02-11,competitive,Asia,oasis,Grandmaster,우양,SUPPORT,38.4,52.9
2026-02-11,competitive,Asia,oasis,Grandmaster,위도우메이커,DAMAGE,1.2,20.1
2026-02-11,competitive,Asia,oasis,Grandmaster,윈스턴,TANK,20.4,49.8
2026-02-11,competitive,Asia,oasis,Grandmaster,일리아리,SUPPORT,20.8,59.4
2026-02-11,competitive,Asia,oasis,Grandmaster,자리야,TANK,10.4,45.8
2026-02-11,competitive,Asia,oasis,Grandmaster,정커퀸,TANK,2.6,50.6
2026-02-11,competitive,Asia,oasis,Grandmaster,정크랫,DAMAGE,3.4,42.3
2026-02-11,competitive,Asia,oasis,Grandmaster,제트팩 캣,SUPPORT,-1.0,-1.0
2026-02-11,competitive,Asia,oasis,Grandmaster,젠야타,SUPPORT,5.9,46.1
2026-02-11,competitive,Asia,oasis,Grandmaster,주노,SUPPORT,2.6,50.6
2026-02-11,competitive,Asia,oasis,Grandmaster,캐서디,DAMAGE,37.9,49.5
2026-02-11,competitive,Asia,oasis,Grandmaster,키리코,SUPPORT,43.6,48.8
2026-02-11,competitive,Asia,oasis,Grandmaster,토르비욘,DAMAGE,1.4,28.0
2026-02-11,competitive,Asia,oasis,Grandmaster,트레이서,DAMAGE,35.6,54.5
2026-02-11,competitive,Asia,oasis,Grandmaster,파라,DAMAGE,5.1,58.1
2026-02-11,competitive,Asia,oasis,Grandmaster,프레야,DAMAGE,7.8,44.3
2026-02-11,competitive,Asia,oasis,Grandmaster,한조,DAMAGE,6.9,58.5
2026-02-11,competitive,Asia,oasis,Grandmaster,해저드,TANK,3.9,51.4
2026-02-11,competitive,Asia,ilios,All,D.Va,TANK,10.0,48.7
2026-02-11,competitive,Asia,ilios,All,겐지,DAMAGE,19.1,52.6
2026-02-11,competitive,Asia,ilios,All,도미나,TANK,-1.0,-1.0
2026-02-11,competitive,Asia,ilios,All,둠피스트,TANK,7.6,50.7
2026-02-11,competitive,Asia,ilios,All,라마트라,TANK,4.4,47.7
2026-02-11,competitive,Asia,ilios,All,라이프위버,SUPPORT,5.8,44.5
2026-02-11,competitive,Asia,ilios,All,라인하르트,TANK,8.0,49.4
2026-02-11,competitive,Asia,ilios,All,레킹볼,TANK,4.7,48.4
2026-02-11,competitive,Asia,ilios,All,로드호그,TANK,12.2,50.2
2026-02-11,competitive,Asia,ilios,All,루시우,SUPPORT,13.9,53.7
2026-02-11,competitive,Asia,ilios,All,리퍼,DAMAGE,14.2,53.1
2026-02-11,competitive,Asia,ilios,All,마우가,TANK,3.2,47.0
2026-02-11,competitive,Asia,ilios,All,메르시,SUPPORT,10.4,48.8
2026-02-11,competitive,Asia,ilios,All,메이,DAMAGE,5.9,49.1
2026-02-11,competitive,Asia,ilios,All,모이라,SUPPORT,17.1,48.2
2026-02-11,competitive,Asia,ilios,All,미즈키,SUPPORT,-1.0,-1.0
2026-02-11,competitive,Asia,ilios,All,바스티온,DAMAGE,7.8,48.6
2026-02-11,competitive,Asia,ilios,All,바티스트,SUPPORT,9.1,47.6
2026-02-11,competitive,Asia,ilios,All,벤데타,DAMAGE,4.8,56.0
2026-02-11,competitive,Asia,ilios,All,벤처,DAMAGE,7.1,52.6
2026-02-11,competitive,Asia,ilios,All,브리기테,SUPPORT,6.9,49.5
2026-02-11,competitive,Asia,ilios,All,소전,DAMAGE,13.1,46.1
2026-02-11,competitive,Asia,ilios,All,솔저: 76,DAMAGE,18.0,48.3
2026-02-11,competitive,Asia,ilios,All,솜브라,DAMAGE,5.0,49.8
2026-02-11,competitive,Asia,ilios,All,시그마,TANK,9.9,53.2
2026-02-11,competitive,Asia,ilios,All,시메트라,DAMAGE,5.3,55.7
2026-02-11,competitive,Asia,ilios,All,아나,SUPPORT,50.4,48.9
2026-02-11,competitive,Asia,ilios,All,안란,DAMAGE,0.0,0.0
2026-02-11,competitive,Asia,ilios,All,애쉬,DAMAGE,12.1,49.3
2026-02-11,competitive,Asia,ilios,All,에코,DAMAGE,10.5,53.4
2026-02-11,competitive,Asia,ilios,All,엠레,DAMAGE,-1.0,-1.0
2026-02-11,competitive,Asia,ilios,All,오리사,TANK,12.1,46.8
2026-02-11,competitive,Asia,ilios,All,우양,SUPPORT,17.8,53.4
2026-02-11,competitive,Asia,ilios,All,위도우메이커,DAMAGE,4.0,45.3
2026-02-11,competitive,Asia,ilios,All,윈스턴,TANK,11.5,51.6
2026-02-11,competitive,Asia,ilios,All,일리아리,SUPPORT,12.5,56.2
2026-02-11,competitive,Asia,ilios,All,자리야,TANK,7.4,49.9
2026-02-11,competitive,Asia,ilios,All,정커퀸,TANK,5.2,54.1
2026-02-11,competitive,Asia,ilios,All,정크랫,DAMAGE,6.1,50.4
2026-02-11,competitive,Asia,ilios,All,제트팩 캣,SUPPORT,-1.0,-1.0
2026-02-11,competitive,Asia,ilios,All,젠야타,SUPPORT,10.3,53.0
2026-02-11,competitive,Asia,ilios,All,주노,SUPPORT,9.5,49.6
2026-02-11,competitive,Asia,ilios,All,캐서디,DAMAGE,30.3,46.0
2026-02-11,competitive,Asia,ilios,All,키리코,SUPPORT,36.3,46.9
2026-02-11,competitive,Asia,ilios,All,토르비욘,DAMAGE,2.7,51.4
2026-02-11,competitive,Asia,ilios,All,트레이서,DAMAGE,11.0,49.2
2026-02-11,competitive,Asia,ilios,All,파라,DAMAGE,10.6,54.2
2026-02-11,competitive,Asia,ilios,All,프레야,DAMAGE,6.1,46.9
2026-02-11,competitive,Asia,ilios,All,한조,DAMAGE,6.5,48.9
2026-02-11,competitive,Asia,ilios,All,해저드,TANK,3.9,51.7
2026-02-11,competitive,Asia,ilios,Bronze,D.Va,TANK,10.9,46.3
2026-02-11,competitive,Asia,ilios,Bronze,겐지,DAMAGE,12.1,51.8
2026-02-11,competitive,Asia,ilios,Bronze,도미나,TANK,-1.0,-1.0
2026-02-11,competitive,Asia,ilios,Bronze,둠피스트,TANK,3.9,52.6
2026-02-11,competitive,Asia,ilios,Bronze,라마트라,TANK,7.9,49.0
2026-02-11,competitive,Asia,ilios,Bronze,라이프위버,SUPPORT,5.8,44.7
2026-02-11,competitive,Asia,ilios,Bronze,라인하르트,TANK,8.6,50.0
2026-02-11,competitive,Asia,ilios,Bronze,레킹볼,TANK,3.8,53.5
2026-02-11,competitive,Asia,ilios,Bronze,로드호그,TANK,12.8,51.5
2026-02-11,competitive,Asia,ilios,Bronze,루시우,SUPPORT,18.1,53.2
2026-02-11,competitive,Asia,ilios,Bronze,리퍼,DAMAGE,15.2,53.6
2026-02-11,competitive,Asia,ilios,Bronze,마우가,TANK,4.5,46.8
2026-02-11,competitive,Asia,ilios,Bronze,메르시,SUPPORT,13.6,48.7
2026-02-11,competitive,Asia,ilios,Bronze,메이,DAMAGE,6.8,51.3
2026-02-11,competitive,Asia,ilios,Bronze,모이라,SUPPORT,25.5,47.0
2026-02-11,competitive,Asia,ilios,Bronze,미즈키,SUPPORT,-1.0,-1.0
2026-02-11,competitive,Asia,ilios,Bronze,바스티온,DAMAGE,17.6,47.9
2026-02-11,competitive,Asia,ilios,Bronze,바티스트,SUPPORT,8.4,47.0
2026-02-11,competitive,Asia,ilios,Bronze,벤데타,DAMAGE,4.2,55.6
2026-02-11,competitive,Asia,ilios,Bronze,벤처,DAMAGE,6.2,52.2
2026-02-11,competitive,Asia,ilios,Bronze,브리기테,SUPPORT,4.1,49.8
2026-02-11,competitive,Asia,ilios,Bronze,소전,DAMAGE,17.9,44.5
2026-02-11,competitive,Asia,ilios,Bronze,솔저: 76,DAMAGE,24.0,48.6
2026-02-11,competitive,Asia,ilios,Bronze,솜브라,DAMAGE,3.3,54.1
2026-02-11,competitive,Asia,ilios,Bronze,시그마,TANK,13.4,52.8
2026-02-11,competitive,Asia,ilios,Bronze,시메트라,DAMAGE,4.8,55.9
2026-02-11,competitive,Asia,ilios,Bronze,아나,SUPPORT,30.5,51.3
2026-02-11,competitive,Asia,ilios,Bronze,안란,DAMAGE,0.0,0.0
2026-02-11,competitive,Asia,ilios,Bronze,애쉬,DAMAGE,12.0,49.4
2026-02-11,competitive,Asia,ilios,Bronze,에코,DAMAGE,6.9,52.1
2026-02-11,competitive,Asia,ilios,Bronze,엠레,DAMAGE,-1.0,-1.0
2026-02-11,competitive,Asia,ilios,Bronze,오리사,TANK,16.8,46.9
2026-02-11,competitive,Asia,ilios,Bronze,우양,SUPPORT,17.4,51.9
2026-02-11,competitive,Asia,ilios,Bronze,위도우메이커,DAMAGE,3.4,42.3
2026-02-11,competitive,Asia,ilios,Bronze,윈스턴,TANK,5.7,52.8
2026-02-11,competitive,Asia,ilios,Bronze,일리아리,SUPPORT,12.7,54.9
2026-02-11,competitive,Asia,ilios,Bronze,자리야,TANK,5.0,53.3
2026-02-11,competitive,Asia,ilios,Bronze,정커퀸,TANK,3.7,51.3
2026-02-11,competitive,Asia,ilios,Bronze,정크랫,DAMAGE,12.3,49.9
2026-02-11,competitive,Asia,ilios,Bronze,제트팩 캣,SUPPORT,-1.0,-1.0
2026-02-11,competitive,Asia,ilios,Bronze,젠야타,SUPPORT,12.3,51.5
2026-02-11,competitive,Asia,ilios,Bronze,주노,SUPPORT,19.2,50.3
2026-02-11,competitive,Asia,ilios,Bronze,캐서디,DAMAGE,17.8,47.2
2026-02-11,competitive,Asia,ilios,Bronze,키리코,SUPPORT,32.4,47.4
2026-02-11,competitive,Asia,ilios,Bronze,토르비욘,DAMAGE,3.8,53.4
2026-02-11,competitive,Asia,ilios,Bronze,트레이서,DAMAGE,5.2,52.2
2026-02-11,competitive,Asia,ilios,Bronze,파라,DAMAGE,13.8,53.1
2026-02-11,competitive,Asia,ilios,Bronze,프레야,DAMAGE,6.0,47.2
2026-02-11,competitive,Asia,ilios,Bronze,한조,DAMAGE,6.6,50.8
2026-02-11,competitive,Asia,ilios,Bronze,해저드,TANK,3.0,48.6
2026-02-11,competitive,Asia,ilios,Silver,D.Va,TANK,9.6,48.1
2026-02-11,competitive,Asia,ilios,Silver,겐지,DAMAGE,15.7,55.0
2026-02-11,competitive,Asia,ilios,Silver,도미나,TANK,-1.0,-1.0
2026-02-11,competitive,Asia,ilios,Silver,둠피스트,TANK,5.2,51.6
2026-02-11,competitive,Asia,ilios,Silver,라마트라,TANK,6.1,47.6
2026-02-11,competitive,Asia,ilios,Silver,라이프위버,SUPPORT,6.8,45.7
2026-02-11,competitive,Asia,ilios,Silver,라인하르트,TANK,9.1,50.5
2026-02-11,competitive,Asia,ilios,Silver,레킹볼,TANK,3.6,48.7
2026-02-11,competitive,Asia,ilios,Silver,로드호그,TANK,13.5,51.1
2026-02-11,competitive,Asia,ilios,Silver,루시우,SUPPORT,18.5,53.6
2026-02-11,competitive,Asia,ilios,Silver,리퍼,DAMAGE,16.6,53.6
2026-02-11,competitive,Asia,ilios,Silver,마우가,TANK,3.8,47.9
2026-02-11,competitive,Asia,ilios,Silver,메르시,SUPPORT,14.3,47.6
2026-02-11,competitive,Asia,ilios,Silver,메이,DAMAGE,7.1,49.4
2026-02-11,competitive,Asia,ilios,Silver,모이라,SUPPORT,24.0,47.9
2026-02-11,competitive,Asia,ilios,Silver,미즈키,SUPPORT,-1.0,-1.0
2026-02-11,competitive,Asia,ilios,Silver,바스티온,DAMAGE,11.5,48.1
2026-02-11,competitive,Asia,ilios,Silver,바티스트,SUPPORT,8.5,46.9
2026-02-11,competitive,Asia,ilios,Silver,벤데타,DAMAGE,5.2,55.8
2026-02-11,competitive,Asia,ilios,Silver,벤처,DAMAGE,6.7,51.3
2026-02-11,competitive,Asia,ilios,Silver,브리기테,SUPPORT,4.9,49.4
2026-02-11,competitive,Asia,ilios,Silver,소전,DAMAGE,14.6,46.0
2026-02-11,competitive,Asia,ilios,Silver,솔저: 76,DAMAGE,24.0,48.4
2026-02-11,competitive,Asia,ilios,Silver,솜브라,DAMAGE,3.6,50.1
2026-02-11,competitive,Asia,ilios,Silver,시그마,TANK,11.2,52.2
2026-02-11,competitive,Asia,ilios,Silver,시메트라,DAMAGE,5.0,58.3
2026-02-11,competitive,Asia,ilios,Silver,아나,SUPPORT,39.9,49.2
2026-02-11,competitive,Asia,ilios,Silver,안란,DAMAGE,-1.0,-1.0
2026-02-11,competitive,Asia,ilios,Silver,애쉬,DAMAGE,11.9,48.7
2026-02-11,competitive,Asia,ilios,Silver,에코,DAMAGE,7.7,51.4
2026-02-11,competitive,Asia,ilios,Silver,엠레,DAMAGE,-1.0,-1.0
2026-02-11,competitive,Asia,ilios,Silver,오리사,TANK,15.5,46.9
2026-02-11,competitive,Asia,ilios,Silver,우양,SUPPORT,15.1,53.4
2026-02-11,competitive,Asia,ilios,Silver,위도우메이커,DAMAGE,3.7,45.0
2026-02-11,competitive,Asia,ilios,Silver,윈스턴,TANK,7.1,50.8
2026-02-11,competitive,Asia,ilios,Silver,일리아리,SUPPORT,11.3,56.6
2026-02-11,competitive,Asia,ilios,Silver,자리야,TANK,7.0,51.5
2026-02-11,competitive,Asia,ilios,Silver,정커퀸,TANK,4.8,55.3
2026-02-11,competitive,Asia,ilios,Silver,정크랫,DAMAGE,9.5,50.1
2026-02-11,competitive,Asia,ilios,Silver,제트팩 캣,SUPPORT,-1.0,-1.0
2026-02-11,competitive,Asia,ilios,Silver,젠야타,SUPPORT,10.0,53.4
2026-02-11,competitive,Asia,ilios,Silver,주노,SUPPORT,14.1,49.8
2026-02-11,competitive,Asia,ilios,Silver,캐서디,DAMAGE,22.8,46.2
2026-02-11,competitive,Asia,ilios,Silver,키리코,SUPPORT,32.8,47.3
2026-02-11,competitive,Asia,ilios,Silver,토르비욘,DAMAGE,3.1,51.5
2026-02-11,competitive,Asia,ilios,Silver,트레이서,DAMAGE,6.6,49.2
2026-02-11,competitive,Asia,ilios,Silver,파라,DAMAGE,12.8,53.7
2026-02-11,competitive,Asia,ilios,Silver,프레야,DAMAGE,5.4,45.6
2026-02-11,competitive,Asia,ilios,Silver,한조,DAMAGE,6.6,47.6
2026-02-11,competitive,Asia,ilios,Silver,해저드,TANK,3.3,49.6
2026-02-11,competitive,Asia,ilios,Gold,D.Va,TANK,9.5,48.4
2026-02-11,competitive,Asia,ilios,Gold,겐지,DAMAGE,18.9,53.0
2026-02-11,competitive,Asia,ilios,Gold,도미나,TANK,-1.0,-1.0
2026-02-11,competitive,Asia,ilios,Gold,둠피스트,TANK,6.3,51.1
2026-02-11,competitive,Asia,ilios,Gold,라마트라,TANK,4.7,47.9
2026-02-11,competitive,Asia,ilios,Gold,라이프위버,SUPPORT,6.8,45.7
2026-02-11,competitive,Asia,ilios,Gold,라인하르트,TANK,8.9,50.0
2026-02-11,competitive,Asia,ilios,Gold,레킹볼,TANK,4.1,48.7
2026-02-11,competitive,Asia,ilios,Gold,로드호그,TANK,13.6,50.6
2026-02-11,competitive,Asia,ilios,Gold,루시우,SUPPORT,14.7,54.1
2026-02-11,competitive,Asia,ilios,Gold,리퍼,DAMAGE,15.6,53.0
2026-02-11,competitive,Asia,ilios,Gold,마우가,TANK,3.5,47.0
2026-02-11,competitive,Asia,ilios,Gold,메르시,SUPPORT,11.6,48.9
2026-02-11,competitive,Asia,ilios,Gold,메이,DAMAGE,6.5,49.7
2026-02-11,competitive,Asia,ilios,Gold,모이라,SUPPORT,19.9,49.2
2026-02-11,competitive,Asia,ilios,Gold,미즈키,SUPPORT,-1.0,-1.0
2026-02-11,competitive,Asia,ilios,Gold,바스티온,DAMAGE,8.1,49.5
2026-02-11,competitive,Asia,ilios,Gold,바티스트,SUPPORT,8.7,46.8
2026-02-11,competitive,Asia,ilios,Gold,벤데타,DAMAGE,4.9,57.2
2026-02-11,competitive,Asia,ilios,Gold,벤처,DAMAGE,7.3,53.2
2026-02-11,competitive,Asia,ilios,Gold,브리기테,SUPPORT,5.9,49.8
2026-02-11,competitive,Asia,ilios,Gold,소전,DAMAGE,12.7,45.5
2026-02-11,competitive,Asia,ilios,Gold,솔저: 76,DAMAGE,20.4,47.7
2026-02-11,competitive,Asia,ilios,Gold,솜브라,DAMAGE,4.3,49.4
2026-02-11,competitive,Asia,ilios,Gold,시그마,TANK,9.8,53.4
2026-02-11,competitive,Asia,ilios,Gold,시메트라,DAMAGE,5.3,56.1
2026-02-11,competitive,Asia,ilios,Gold,아나,SUPPORT,49.9,48.3
2026-02-11,competitive,Asia,ilios,Gold,안란,DAMAGE,-1.0,-1.0
2026-02-11,competitive,Asia,ilios,Gold,애쉬,DAMAGE,12.8,48.8
2026-02-11,competitive,Asia,ilios,Gold,에코,DAMAGE,8.8,53.4
2026-02-11,competitive,Asia,ilios,Gold,엠레,DAMAGE,-1.0,-1.0
2026-02-11,competitive,Asia,ilios,Gold,오리사,TANK,13.7,46.9
2026-02-11,competitive,Asia,ilios,Gold,우양,SUPPORT,15.7,54.1
2026-02-11,competitive,Asia,ilios,Gold,위도우메이커,DAMAGE,4.1,45.2
2026-02-11,competitive,Asia,ilios,Gold,윈스턴,TANK,8.8,51.3
2026-02-11,competitive,Asia,ilios,Gold,일리아리,SUPPORT,11.1,56.5
2026-02-11,competitive,Asia,ilios,Gold,자리야,TANK,8.1,49.9
2026-02-11,competitive,Asia,ilios,Gold,정커퀸,TANK,5.4,53.8
2026-02-11,competitive,Asia,ilios,Gold,정크랫,DAMAGE,6.7,50.7
2026-02-11,competitive,Asia,ilios,Gold,제트팩 캣,SUPPORT,-1.0,-1.0
2026-02-11,competitive,Asia,ilios,Gold,젠야타,SUPPORT,10.3,52.8
2026-02-11,competitive,Asia,ilios,Gold,주노,SUPPORT,10.3,49.2
2026-02-11,competitive,Asia,ilios,Gold,캐서디,DAMAGE,29.0,46.4
2026-02-11,competitive,Asia,ilios,Gold,키리코,SUPPORT,35.1,46.7
2026-02-11,competitive,Asia,ilios,Gold,토르비욘,DAMAGE,2.8,51.6
2026-02-11,competitive,Asia,ilios,Gold,트레이서,DAMAGE,8.0,47.7
2026-02-11,competitive,Asia,ilios,Gold,파라,DAMAGE,11.4,54.1
2026-02-11,competitive,Asia,ilios,Gold,프레야,DAMAGE,5.7,47.3
2026-02-11,competitive,Asia,ilios,Gold,한조,DAMAGE,6.7,48.4
2026-02-11,competitive,Asia,ilios,Gold,해저드,TANK,3.6,51.3
2026-02-11,competitive,Asia,ilios,Platinum,D.Va,TANK,9.8,49.4
2026-02-11,competitive,Asia,ilios,Platinum,겐지,DAMAGE,21.3,52.2
2026-02-11,competitive,Asia,ilios,Platinum,도미나,TANK,-1.0,-1.0
2026-02-11,competitive,Asia,ilios,Platinum,둠피스트,TANK,8.3,51.0
2026-02-11,competitive,Asia,ilios,Platinum,라마트라,TANK,3.6,47.3
2026-02-11,competitive,Asia,ilios,Platinum,라이프위버,SUPPORT,5.8,43.6
2026-02-11,competitive,Asia,ilios,Platinum,라인하르트,TANK,7.8,48.8
2026-02-11,competitive,Asia,ilios,Platinum,레킹볼,TANK,5.1,46.9
2026-02-11,competitive,Asia,ilios,Platinum,로드호그,TANK,12.2,49.5
2026-02-11,competitive,Asia,ilios,Platinum,루시우,SUPPORT,11.6,54.4
2026-02-11,competitive,Asia,ilios,Platinum,리퍼,DAMAGE,13.6,53.1
2026-02-11,competitive,Asia,ilios,Platinum,마우가,TANK,3.0,46.9
2026-02-11,competitive,Asia,ilios,Platinum,메르시,SUPPORT,8.9,49.7
2026-02-11,competitive,Asia,ilios,Platinum,메이,DAMAGE,5.7,48.8
2026-02-11,competitive,Asia,ilios,Platinum,모이라,SUPPORT,14.2,47.7
2026-02-11,competitive,Asia,ilios,Platinum,미즈키,SUPPORT,-1.0,-1.0
2026-02-11,competitive,Asia,ilios,Platinum,바스티온,DAMAGE,5.8,48.9
2026-02-11,competitive,Asia,ilios,Platinum,바티스트,SUPPORT,9.0,48.2
2026-02-11,competitive,Asia,ilios,Platinum,벤데타,DAMAGE,4.7,55.1
2026-02-11,competitive,Asia,ilios,Platinum,벤처,DAMAGE,7.4,53.8
2026-02-11,competitive,Asia,ilios,Platinum,브리기테,SUPPORT,7.4,49.7
2026-02-11,competitive,Asia,ilios,Platinum,소전,DAMAGE,12.1,46.4
2026-02-11,competitive,Asia,ilios,Platinum,솔저: 76,DAMAGE,15.9,48.5
2026-02-11,competitive,Asia,ilios,Platinum,솜브라,DAMAGE,5.4,49.7
2026-02-11,competitive,Asia,ilios,Platinum,시그마,TANK,9.2,53.5
2026-02-11,competitive,Asia,ilios,Platinum,시메트라,DAMAGE,5.6,55.3
2026-02-11,competitive,Asia,ilios,Platinum,아나,SUPPORT,56.9,48.7
2026-02-11,competitive,Asia,ilios,Platinum,안란,DAMAGE,-1.0,-1.0
2026-02-11,competitive,Asia,ilios,Platinum,애쉬,DAMAGE,11.8,48.9
2026-02-11,competitive,Asia,ilios,Platinum,에코,DAMAGE,10.9,53.5
2026-02-11,competitive,Asia,ilios,Platinum,엠레,DAMAGE,-1.0,-1.0
2026-02-11,competitive,Asia,ilios,Platinum,오리사,TANK,10.9,47.0
2026-02-11,competitive,Asia,ilios,Platinum,우양,SUPPORT,17.8,53.3
2026-02-11,competitive,Asia,ilios,Platinum,위도우메이커,DAMAGE,4.1,45.6
2026-02-11,competitive,Asia,ilios,Platinum,윈스턴,TANK,12.4,51.6
2026-02-11,competitive,Asia,ilios,Platinum,일리아리,SUPPORT,12.8,56.0
2026-02-11,competitive,Asia,ilios,Platinum,자리야,TANK,7.9,49.2
2026-02-11,competitive,Asia,ilios,Platinum,정커퀸,TANK,5.7,53.9
2026-02-11,competitive,Asia,ilios,Platinum,정크랫,DAMAGE,4.2,50.8
2026-02-11,competitive,Asia,ilios,Platinum,제트팩 캣,SUPPORT,-1.0,-1.0
2026-02-11,competitive,Asia,ilios,Platinum,젠야타,SUPPORT,10.7,53.8
2026-02-11,competitive,Asia,ilios,Platinum,주노,SUPPORT,7.6,49.1
2026-02-11,competitive,Asia,ilios,Platinum,캐서디,DAMAGE,35.1,45.4
2026-02-11,competitive,Asia,ilios,Platinum,키리코,SUPPORT,37.2,46.5
2026-02-11,competitive,Asia,ilios,Platinum,토르비욘,DAMAGE,2.5,51.6
2026-02-11,competitive,Asia,ilios,Platinum,트레이서,DAMAGE,11.6,49.7
2026-02-11,competitive,Asia,ilios,Platinum,파라,DAMAGE,9.8,55.1
2026-02-11,competitive,Asia,ilios,Platinum,프레야,DAMAGE,6.0,46.8
2026-02-11,competitive,Asia,ilios,Platinum,한조,DAMAGE,6.5,49.0
2026-02-11,competitive,Asia,ilios,Platinum,해저드,TANK,4.1,53.1
2026-02-11,competitive,Asia,ilios,Diamond,D.Va,TANK,11.2,49.6
2026-02-11,competitive,Asia,ilios,Diamond,겐지,DAMAGE,22.4,51.8
2026-02-11,competitive,Asia,ilios,Diamond,도미나,TANK,-1.0,-1.0
2026-02-11,competitive,Asia,ilios,Diamond,둠피스트,TANK,11.3,49.5
2026-02-11,competitive,Asia,ilios,Diamond,라마트라,TANK,2.6,47.9
2026-02-11,competitive,Asia,ilios,Diamond,라이프위버,SUPPORT,4.2,41.6
2026-02-11,competitive,Asia,ilios,Diamond,라인하르트,TANK,6.0,48.6
2026-02-11,competitive,Asia,ilios,Diamond,레킹볼,TANK,6.0,49.1
2026-02-11,competitive,Asia,ilios,Diamond,로드호그,TANK,9.4,48.6
2026-02-11,competitive,Asia,ilios,Diamond,루시우,SUPPORT,10.1,52.3
2026-02-11,competitive,Asia,ilios,Diamond,리퍼,DAMAGE,11.1,52.9
2026-02-11,competitive,Asia,ilios,Diamond,마우가,TANK,2.6,46.2
2026-02-11,competitive,Asia,ilios,Diamond,메르시,SUPPORT,6.6,48.8
2026-02-11,competitive,Asia,ilios,Diamond,메이,DAMAGE,4.2,47.2
2026-02-11,competitive,Asia,ilios,Diamond,모이라,SUPPORT,9.1,47.2
2026-02-11,competitive,Asia,ilios,Diamond,미즈키,SUPPORT,-1.0,-1.0
2026-02-11,competitive,Asia,ilios,Diamond,바스티온,DAMAGE,4.6,47.6
2026-02-11,competitive,Asia,ilios,Diamond,바티스트,SUPPORT,9.9,48.7
2026-02-11,competitive,Asia,ilios,Diamond,벤데타,DAMAGE,4.4,57.0
2026-02-11,competitive,Asia,ilios,Diamond,벤처,DAMAGE,7.2,51.3
2026-02-11,competitive,Asia,ilios,Diamond,브리기테,SUPPORT,9.9,48.9
2026-02-11,competitive,Asia,ilios,Diamond,소전,DAMAGE,12.5,47.7
2026-02-11,competitive,Asia,ilios,Diamond,솔저: 76,DAMAGE,11.4,49.5
2026-02-11,competitive,Asia,ilios,Diamond,솜브라,DAMAGE,7.2,48.8
2026-02-11,competitive,Asia,ilios,Diamond,시그마,TANK,8.6,53.3
2026-02-11,competitive,Asia,ilios,Diamond,시메트라,DAMAGE,5.3,53.7
2026-02-11,competitive,Asia,ilios,Diamond,아나,SUPPORT,58.3,48.9
2026-02-11,competitive,Asia,ilios,Diamond,안란,DAMAGE,-1.0,-1.0
2026-02-11,competitive,Asia,ilios,Diamond,애쉬,DAMAGE,10.6,50.0
2026-02-11,competitive,Asia,ilios,Diamond,에코,DAMAGE,14.7,54.6
2026-02-11,competitive,Asia,ilios,Diamond,엠레,DAMAGE,-1.0,-1.0
2026-02-11,competitive,Asia,ilios,Diamond,오리사,TANK,7.6,46.5
2026-02-11,competitive,Asia,ilios,Diamond,우양,SUPPORT,22.2,53.1
2026-02-11,competitive,Asia,ilios,Diamond,위도우메이커,DAMAGE,3.9,46.8
2026-02-11,competitive,Asia,ilios,Diamond,윈스턴,TANK,17.8,52.1
2026-02-11,competitive,Asia,ilios,Diamond,일리아리,SUPPORT,14.6,56.0
2026-02-11,competitive,Asia,ilios,Diamond,자리야,TANK,6.8,47.4
2026-02-11,competitive,Asia,ilios,Diamond,정커퀸,TANK,5.4,54.3
2026-02-11,competitive,Asia,ilios,Diamond,정크랫,DAMAGE,2.9,48.7
2026-02-11,competitive,Asia,ilios,Diamond,제트팩 캣,SUPPORT,-1.0,-1.0
2026-02-11,competitive,Asia,ilios,Diamond,젠야타,SUPPORT,10.4,52.3
2026-02-11,competitive,Asia,ilios,Diamond,주노,SUPPORT,4.9,51.2
2026-02-11,competitive,Asia,ilios,Diamond,캐서디,DAMAGE,37.0,45.8
2026-02-11,competitive,Asia,ilios,Diamond,키리코,SUPPORT,39.8,47.2
2026-02-11,competitive,Asia,ilios,Diamond,토르비욘,DAMAGE,2.3,48.2
2026-02-11,competitive,Asia,ilios,Diamond,트레이서,DAMAGE,17.2,49.3
2026-02-11,competitive,Asia,ilios,Diamond,파라,DAMAGE,7.9,54.0
2026-02-11,competitive,Asia,ilios,Diamond,프레야,DAMAGE,7.1,47.6
2026-02-11,competitive,Asia,ilios,Diamond,한조,DAMAGE,6.0,50.5
2026-02-11,competitive,Asia,ilios,Diamond,해저드,TANK,4.8,52.2
2026-02-11,competitive,Asia,ilios,Master,D.Va,TANK,9.3,49.3
2026-02-11,competitive,Asia,ilios,Master,겐지,DAMAGE,19.7,49.8
2026-02-11,competitive,Asia,ilios,Master,도미나,TANK,-1.0,-1.0
2026-02-11,competitive,Asia,ilios,Master,둠피스트,TANK,14.1,49.2
2026-02-11,competitive,Asia,ilios,Master,라마트라,TANK,1.6,43.8
2026-02-11,competitive,Asia,ilios,Master,라이프위버,SUPPORT,2.5,41.6
2026-02-11,competitive,Asia,ilios,Master,라인하르트,TANK,4.3,41.6
2026-02-11,competitive,Asia,ilios,Master,레킹볼,TANK,7.2,47.8
2026-02-11,competitive,Asia,ilios,Master,로드호그,TANK,7.1,48.0
2026-02-11,competitive,Asia,ilios,Master,루시우,SUPPORT,10.7,51.8
2026-02-11,competitive,Asia,ilios,Master,리퍼,DAMAGE,9.4,51.9
2026-02-11,competitive,Asia,ilios,Master,마우가,TANK,2.0,46.2
2026-02-11,competitive,Asia,ilios,Master,메르시,SUPPORT,5.3,50.7
2026-02-11,competitive,Asia,ilios,Master,메이,DAMAGE,3.4,47.2
2026-02-11,competitive,Asia,ilios,Master,모이라,SUPPORT,5.9,47.3
2026-02-11,competitive,Asia,ilios,Master,미즈키,SUPPORT,-1.0,-1.0
2026-02-11,competitive,Asia,ilios,Master,바스티온,DAMAGE,3.2,46.7
2026-02-11,competitive,Asia,ilios,Master,바티스트,SUPPORT,11.4,48.4
2026-02-11,competitive,Asia,ilios,Master,벤데타,DAMAGE,4.2,51.9
2026-02-11,competitive,Asia,ilios,Master,벤처,DAMAGE,6.8,50.8
2026-02-11,competitive,Asia,ilios,Master,브리기테,SUPPORT,11.4,48.0
2026-02-11,competitive,Asia,ilios,Master,소전,DAMAGE,12.9,47.2
2026-02-11,competitive,Asia,ilios,Master,솔저: 76,DAMAGE,7.3,48.8
2026-02-11,competitive,Asia,ilios,Master,솜브라,DAMAGE,7.9,49.9
2026-02-11,competitive,Asia,ilios,Master,시그마,TANK,9.8,55.0
2026-02-11,competitive,Asia,ilios,Master,시메트라,DAMAGE,4.7,49.9
2026-02-11,competitive,Asia,ilios,Master,아나,SUPPORT,54.2,48.8
2026-02-11,competitive,Asia,ilios,Master,안란,DAMAGE,-1.0,-1.0
2026-02-11,competitive,Asia,ilios,Master,애쉬,DAMAGE,12.6,54.4
2026-02-11,competitive,Asia,ilios,Master,에코,DAMAGE,18.8,53.8
2026-02-11,competitive,Asia,ilios,Master,엠레,DAMAGE,-1.0,-1.0
2026-02-11,competitive,Asia,ilios,Master,오리사,TANK,5.5,45.0
2026-02-11,competitive,Asia,ilios,Master,우양,SUPPORT,27.2,52.7
2026-02-11,competitive,Asia,ilios,Master,위도우메이커,DAMAGE,4.3,44.3
2026-02-11,competitive,Asia,ilios,Master,윈스턴,TANK,24.4,51.8
2026-02-11,competitive,Asia,ilios,Master,일리아리,SUPPORT,16.9,57.2
2026-02-11,competitive,Asia,ilios,Master,자리야,TANK,5.6,51.2
2026-02-11,competitive,Asia,ilios,Master,정커퀸,TANK,4.0,55.9
2026-02-11,competitive,Asia,ilios,Master,정크랫,DAMAGE,2.5,54.3
2026-02-11,competitive,Asia,ilios,Master,제트팩 캣,SUPPORT,-1.0,-1.0
2026-02-11,competitive,Asia,ilios,Master,젠야타,SUPPORT,7.6,49.4
2026-02-11,competitive,Asia,ilios,Master,주노,SUPPORT,2.9,47.6
2026-02-11,competitive,Asia,ilios,Master,캐서디,DAMAGE,33.2,46.0
2026-02-11,competitive,Asia,ilios,Master,키리코,SUPPORT,44.0,47.5
2026-02-11,competitive,Asia,ilios,Master,토르비욘,DAMAGE,2.3,54.1
2026-02-11,competitive,Asia,ilios,Master,트레이서,DAMAGE,26.2,50.0
2026-02-11,competitive,Asia,ilios,Master,파라,DAMAGE,6.9,54.5
2026-02-11,competitive,Asia,ilios,Master,프레야,DAMAGE,8.3,46.7
2026-02-11,competitive,Asia,ilios,Master,한조,DAMAGE,5.4,50.9
2026-02-11,competitive,Asia,ilios,Master,해저드,TANK,5.1,54.0
2026-02-11,competitive,Asia,ilios,Grandmaster,D.Va,TANK,11.3,50.9
2026-02-11,competitive,Asia,ilios,Grandmaster,겐지,DAMAGE,11.8,48.4
2026-02-11,competitive,Asia,ilios,Grandmaster,도미나,TANK,-1.0,-1.0
2026-02-11,competitive,Asia,ilios,Grandmaster,둠피스트,TANK,10.6,46.2
2026-02-11,competitive,Asia,ilios,Grandmaster,라마트라,TANK,1.2,44.0
2026-02-11,competitive,Asia,ilios,Grandmaster,라이프위버,SUPPORT,1.0,26.1
2026-02-11,competitive,Asia,ilios,Grandmaster,라인하르트,TANK,3.5,43.3
2026-02-11,competitive,Asia,ilios,Grandmaster,레킹볼,TANK,9.1,49.3
2026-02-11,competitive,Asia,ilios,Grandmaster,로드호그,TANK,5.3,53.1
2026-02-11,competitive,Asia,ilios,Grandmaster,루시우,SUPPORT,11.6,47.4
2026-02-11,competitive,Asia,ilios,Grandmaster,리퍼,DAMAGE,5.6,44.0
2026-02-11,competitive,Asia,ilios,Grandmaster,마우가,TANK,0.8,38.7
2026-02-11,competitive,Asia,ilios,Grandmaster,메르시,SUPPORT,3.3,53.2
2026-02-11,competitive,Asia,ilios,Grandmaster,메이,DAMAGE,2.6,42.8
2026-02-11,competitive,Asia,ilios,Grandmaster,모이라,SUPPORT,3.2,50.3
2026-02-11,competitive,Asia,ilios,Grandmaster,미즈키,SUPPORT,-1.0,-1.0
2026-02-11,competitive,Asia,ilios,Grandmaster,바스티온,DAMAGE,2.2,51.2
2026-02-11,competitive,Asia,ilios,Grandmaster,바티스트,SUPPORT,14.8,47.2
2026-02-11,competitive,Asia,ilios,Grandmaster,벤데타,DAMAGE,7.1,53.8
2026-02-11,competitive,Asia,ilios,Grandmaster,벤처,DAMAGE,5.3,44.4
2026-02-11,competitive,Asia,ilios,Grandmaster,브리기테,SUPPORT,13.6,51.2
2026-02-11,competitive,Asia,ilios,Grandmaster,소전,DAMAGE,11.6,48.0
2026-02-11,competitive,Asia,ilios,Grandmaster,솔저: 76,DAMAGE,4.8,41.0
2026-02-11,competitive,Asia,ilios,Grandmaster,솜브라,DAMAGE,7.6,53.8
2026-02-11,competitive,Asia,ilios,Grandmaster,시그마,TANK,11.3,54.2
2026-02-11,competitive,Asia,ilios,Grandmaster,시메트라,DAMAGE,5.4,48.5
2026-02-11,competitive,Asia,ilios,Grandmaster,아나,SUPPORT,52.2,50.9
2026-02-11,competitive,Asia,ilios,Grandmaster,안란,DAMAGE,-1.0,-1.0
2026-02-11,competitive,Asia,ilios,Grandmaster,애쉬,DAMAGE,17.2,55.8
2026-02-11,competitive,Asia,ilios,Grandmaster,에코,DAMAGE,21.0,54.3
2026-02-11,competitive,Asia,ilios,Grandmaster,엠레,DAMAGE,-1.0,-1.0
2026-02-11,competitive,Asia,ilios,Grandmaster,오리사,TANK,3.0,38.6
2026-02-11,competitive,Asia,ilios,Grandmaster,우양,SUPPORT,28.1,53.5
2026-02-11,competitive,Asia,ilios,Grandmaster,위도우메이커,DAMAGE,5.6,44.6
2026-02-11,competitive,Asia,ilios,Grandmaster,윈스턴,TANK,31.1,51.7
2026-02-11,competitive,Asia,ilios,Grandmaster,일리아리,SUPPORT,20.1,54.2
2026-02-11,competitive,Asia,ilios,Grandmaster,자리야,TANK,5.9,56.1
2026-02-11,competitive,Asia,ilios,Grandmaster,정커퀸,TANK,1.8,47.2
2026-02-11,competitive,Asia,ilios,Grandmaster,정크랫,DAMAGE,3.1,48.0
2026-02-11,competitive,Asia,ilios,Grandmaster,제트팩 캣,SUPPORT,-1.0,-1.0
2026-02-11,competitive,Asia,ilios,Grandmaster,젠야타,SUPPORT,4.0,54.4
2026-02-11,competitive,Asia,ilios,Grandmaster,주노,SUPPORT,1.8,56.6
2026-02-11,competitive,Asia,ilios,Grandmaster,캐서디,DAMAGE,25.8,48.6
2026-02-11,competitive,Asia,ilios,Grandmaster,키리코,SUPPORT,46.2,45.0
2026-02-11,competitive,Asia,ilios,Grandmaster,토르비욘,DAMAGE,1.6,43.3
2026-02-11,competitive,Asia,ilios,Grandmaster,트레이서,DAMAGE,37.2,51.1
2026-02-11,competitive,Asia,ilios,Grandmaster,파라,DAMAGE,4.4,55.3
2026-02-11,competitive,Asia,ilios,Grandmaster,프레야,DAMAGE,14.4,48.9
2026-02-11,competitive,Asia,ilios,Grandmaster,한조,DAMAGE,5.9,49.5
2026-02-11,competitive,Asia,ilios,Grandmaster,해저드,TANK,5.1,48.9
2026-02-11,competitive,Asia,route-66,All,D.Va,TANK,10.7,51.2
2026-02-11,competitive,Asia,route-66,All,겐지,DAMAGE,18.3,53.9
2026-02-11,competitive,Asia,route-66,All,도미나,TANK,-1.0,-1.0
2026-02-11,competitive,Asia,route-66,All,둠피스트,TANK,6.0,52.7
2026-02-11,competitive,Asia,route-66,All,라마트라,TANK,5.4,45.8
2026-02-11,competitive,Asia,route-66,All,라이프위버,SUPPORT,6.1,44.0
2026-02-11,competitive,Asia,route-66,All,라인하르트,TANK,7.7,46.7
2026-02-11,competitive,Asia,route-66,All,레킹볼,TANK,3.9,51.0
2026-02-11,competitive,Asia,route-66,All,로드호그,TANK,5.7,42.2
2026-02-11,competitive,Asia,route-66,All,루시우,SUPPORT,4.3,44.5
2026-02-11,competitive,Asia,route-66,All,리퍼,DAMAGE,11.3,50.3
2026-02-11,competitive,Asia,route-66,All,마우가,TANK,3.0,43.1
2026-02-11,competitive,Asia,route-66,All,메르시,SUPPORT,12.9,48.9
2026-02-11,competitive,Asia,route-66,All,메이,DAMAGE,7.4,48.7
2026-02-11,competitive,Asia,route-66,All,모이라,SUPPORT,13.6,44.3
2026-02-11,competitive,Asia,route-66,All,미즈키,SUPPORT,-1.0,-1.0
2026-02-11,competitive,Asia,route-66,All,바스티온,DAMAGE,12.2,47.6
2026-02-11,competitive,Asia,route-66,All,바티스트,SUPPORT,11.2,47.3
2026-02-11,competitive,Asia,route-66,All,벤데타,DAMAGE,3.7,57.4
2026-02-11,competitive,Asia,route-66,All,벤처,DAMAGE,5.2,51.1
2026-02-11,competitive,Asia,route-66,All,브리기테,SUPPORT,4.0,46.3
2026-02-11,competitive,Asia,route-66,All,소전,DAMAGE,15.5,46.4
2026-02-11,competitive,Asia,route-66,All,솔저: 76,DAMAGE,21.2,48.8
2026-02-11,competitive,Asia,route-66,All,솜브라,DAMAGE,4.0,52.3
2026-02-11,competitive,Asia,route-66,All,시그마,TANK,19.3,55.8
2026-02-11,competitive,Asia,route-66,All,시메트라,DAMAGE,3.4,49.4
2026-02-11,competitive,Asia,route-66,All,아나,SUPPORT,58.4,53.2
2026-02-11,competitive,Asia,route-66,All,안란,DAMAGE,-1.0,-1.0
2026-02-11,competitive,Asia,route-66,All,애쉬,DAMAGE,24.7,53.7
2026-02-11,competitive,Asia,route-66,All,에코,DAMAGE,6.1,53.6
2026-02-11,competitive,Asia,route-66,All,엠레,DAMAGE,-1.0,-1.0
2026-02-11,competitive,Asia,route-66,All,오리사,TANK,10.6,44.8
2026-02-11,competitive,Asia,route-66,All,우양,SUPPORT,16.9,54.4
2026-02-11,competitive,Asia,route-66,All,위도우메이커,DAMAGE,6.3,49.8
2026-02-11,competitive,Asia,route-66,All,윈스턴,TANK,13.4,52.8
2026-02-11,competitive,Asia,route-66,All,일리아리,SUPPORT,17.5,56.7
2026-02-11,competitive,Asia,route-66,All,자리야,TANK,7.8,50.7
2026-02-11,competitive,Asia,route-66,All,정커퀸,TANK,3.0,50.7
2026-02-11,competitive,Asia,route-66,All,정크랫,DAMAGE,6.5,47.9
2026-02-11,competitive,Asia,route-66,All,제트팩 캣,SUPPORT,-1.0,-1.0
2026-02-11,competitive,Asia,route-66,All,젠야타,SUPPORT,14.0,52.4
2026-02-11,competitive,Asia,route-66,All,주노,SUPPORT,9.6,49.2
2026-02-11,competitive,Asia,route-66,All,캐서디,DAMAGE,21.8,46.3
2026-02-11,competitive,Asia,route-66,All,키리코,SUPPORT,31.5,46.7
2026-02-11,competitive,Asia,route-66,All,토르비욘,DAMAGE,4.4,48.2
2026-02-11,competitive,Asia,route-66,All,트레이서,DAMAGE,5.3,49.4
2026-02-11,competitive,Asia,route-66,All,파라,DAMAGE,5.2,50.7
2026-02-11,competitive,Asia,route-66,All,프레야,DAMAGE,7.2,50.0
2026-02-11,competitive,Asia,route-66,All,한조,DAMAGE,10.4,50.2
2026-02-11,competitive,Asia,route-66,All,해저드,TANK,3.4,51.0
2026-02-11,competitive,Asia,route-66,Bronze,D.Va,TANK,11.6,49.6
2026-02-11,competitive,Asia,route-66,Bronze,겐지,DAMAGE,11.3,56.9
2026-02-11,competitive,Asia,route-66,Bronze,도미나,TANK,-1.0,-1.0
2026-02-11,competitive,Asia,route-66,Bronze,둠피스트,TANK,3.0,59.7
2026-02-11,competitive,Asia,route-66,Bronze,라마트라,TANK,9.1,48.6
2026-02-11,competitive,Asia,route-66,Bronze,라이프위버,SUPPORT,5.6,45.1
2026-02-11,competitive,Asia,route-66,Bronze,라인하르트,TANK,9.3,50.6
2026-02-11,competitive,Asia,route-66,Bronze,레킹볼,TANK,3.6,56.6
2026-02-11,competitive,Asia,route-66,Bronze,로드호그,TANK,6.0,45.1
2026-02-11,competitive,Asia,route-66,Bronze,루시우,SUPPORT,8.1,47.9
2026-02-11,competitive,Asia,route-66,Bronze,리퍼,DAMAGE,11.4,50.0
2026-02-11,competitive,Asia,route-66,Bronze,마우가,TANK,4.6,40.7
2026-02-11,competitive,Asia,route-66,Bronze,메르시,SUPPORT,15.8,46.3
2026-02-11,competitive,Asia,route-66,Bronze,메이,DAMAGE,7.0,48.7
2026-02-11,competitive,Asia,route-66,Bronze,모이라,SUPPORT,22.7,46.3
2026-02-11,competitive,Asia,route-66,Bronze,미즈키,SUPPORT,-1.0,-1.0
2026-02-11,competitive,Asia,route-66,Bronze,바스티온,DAMAGE,22.6,47.9
2026-02-11,competitive,Asia,route-66,Bronze,바티스트,SUPPORT,9.6,49.3
2026-02-11,competitive,Asia,route-66,Bronze,벤데타,DAMAGE,3.4,59.0
2026-02-11,competitive,Asia,route-66,Bronze,벤처,DAMAGE,4.5,53.0
2026-02-11,competitive,Asia,route-66,Bronze,브리기테,SUPPORT,2.4,51.2
2026-02-11,competitive,Asia,route-66,Bronze,소전,DAMAGE,19.1,44.0
2026-02-11,competitive,Asia,route-66,Bronze,솔저: 76,DAMAGE,25.5,47.8
2026-02-11,competitive,Asia,route-66,Bronze,솜브라,DAMAGE,2.4,50.0
2026-02-11,competitive,Asia,route-66,Bronze,시그마,TANK,20.6,56.9
2026-02-11,competitive,Asia,route-66,Bronze,시메트라,DAMAGE,3.3,53.2
2026-02-11,competitive,Asia,route-66,Bronze,아나,SUPPORT,37.4,52.5
2026-02-11,competitive,Asia,route-66,Bronze,안란,DAMAGE,-1.0,-1.0
2026-02-11,competitive,Asia,route-66,Bronze,애쉬,DAMAGE,18.2,54.2
2026-02-11,competitive,Asia,route-66,Bronze,에코,DAMAGE,4.9,48.8
2026-02-11,competitive,Asia,route-66,Bronze,엠레,DAMAGE,-1.0,-1.0
2026-02-11,competitive,Asia,route-66,Bronze,오리사,TANK,15.8,42.9
2026-02-11,competitive,Asia,route-66,Bronze,우양,SUPPORT,17.8,54.0
2026-02-11,competitive,Asia,route-66,Bronze,위도우메이커,DAMAGE,5.7,50.9
2026-02-11,competitive,Asia,route-66,Bronze,윈스턴,TANK,6.1,49.6
2026-02-11,competitive,Asia,route-66,Bronze,일리아리,SUPPORT,15.8,54.4
2026-02-11,competitive,Asia,route-66,Bronze,자리야,TANK,4.8,55.8
2026-02-11,competitive,Asia,route-66,Bronze,정커퀸,TANK,2.9,49.8
2026-02-11,competitive,Asia,route-66,Bronze,정크랫,DAMAGE,12.2,49.2
2026-02-11,competitive,Asia,route-66,Bronze,제트팩 캣,SUPPORT,-1.0,-1.0
2026-02-11,competitive,Asia,route-66,Bronze,젠야타,SUPPORT,13.8,52.2
2026-02-11,competitive,Asia,route-66,Bronze,주노,SUPPORT,19.5,48.7
2026-02-11,competitive,Asia,route-66,Bronze,캐서디,DAMAGE,16.0,48.5
2026-02-11,competitive,Asia,route-66,Bronze,키리코,SUPPORT,31.4,48.6
2026-02-11,competitive,Asia,route-66,Bronze,토르비욘,DAMAGE,5.7,49.9
2026-02-11,competitive,Asia,route-66,Bronze,트레이서,DAMAGE,3.2,52.6
2026-02-11,competitive,Asia,route-66,Bronze,파라,DAMAGE,8.9,50.4
2026-02-11,competitive,Asia,route-66,Bronze,프레야,DAMAGE,6.4,53.4
2026-02-11,competitive,Asia,route-66,Bronze,한조,DAMAGE,8.1,49.8
2026-02-11,competitive,Asia,route-66,Bronze,해저드,TANK,2.6,48.0
2026-02-11,competitive,Asia,route-66,Silver,D.Va,TANK,10.5,49.7
2026-02-11,competitive,Asia,route-66,Silver,겐지,DAMAGE,14.1,54.3
2026-02-11,competitive,Asia,route-66,Silver,도미나,TANK,-1.0,-1.0
2026-02-11,competitive,Asia,route-66,Silver,둠피스트,TANK,4.2,56.9
2026-02-11,competitive,Asia,route-66,Silver,라마트라,TANK,7.5,47.0
2026-02-11,competitive,Asia,route-66,Silver,라이프위버,SUPPORT,6.5,45.8
2026-02-11,competitive,Asia,route-66,Silver,라인하르트,TANK,9.4,49.0
2026-02-11,competitive,Asia,route-66,Silver,레킹볼,TANK,3.5,54.0
2026-02-11,competitive,Asia,route-66,Silver,로드호그,TANK,5.6,43.5
2026-02-11,competitive,Asia,route-66,Silver,루시우,SUPPORT,6.7,45.1
2026-02-11,competitive,Asia,route-66,Silver,리퍼,DAMAGE,13.0,50.7
2026-02-11,competitive,Asia,route-66,Silver,마우가,TANK,4.0,44.2
2026-02-11,competitive,Asia,route-66,Silver,메르시,SUPPORT,16.6,47.9
2026-02-11,competitive,Asia,route-66,Silver,메이,DAMAGE,7.9,49.8
2026-02-11,competitive,Asia,route-66,Silver,모이라,SUPPORT,20.5,45.1
2026-02-11,competitive,Asia,route-66,Silver,미즈키,SUPPORT,-1.0,-1.0
2026-02-11,competitive,Asia,route-66,Silver,바스티온,DAMAGE,16.5,47.3
2026-02-11,competitive,Asia,route-66,Silver,바티스트,SUPPORT,10.5,47.8
2026-02-11,competitive,Asia,route-66,Silver,벤데타,DAMAGE,3.8,58.1
2026-02-11,competitive,Asia,route-66,Silver,벤처,DAMAGE,4.8,51.7
2026-02-11,competitive,Asia,route-66,Silver,브리기테,SUPPORT,2.8,46.1
2026-02-11,competitive,Asia,route-66,Silver,소전,DAMAGE,16.7,45.7
2026-02-11,competitive,Asia,route-66,Silver,솔저: 76,DAMAGE,26.4,48.4
2026-02-11,competitive,Asia,route-66,Silver,솜브라,DAMAGE,3.0,54.7
2026-02-11,competitive,Asia,route-66,Silver,시그마,TANK,19.5,55.6
2026-02-11,competitive,Asia,route-66,Silver,시메트라,DAMAGE,3.6,53.5
2026-02-11,competitive,Asia,route-66,Silver,아나,SUPPORT,48.0,53.0
2026-02-11,competitive,Asia,route-66,Silver,안란,DAMAGE,-1.0,-1.0
2026-02-11,competitive,Asia,route-66,Silver,애쉬,DAMAGE,20.9,54.2
2026-02-11,competitive,Asia,route-66,Silver,에코,DAMAGE,5.2,53.7
2026-02-11,competitive,Asia,route-66,Silver,엠레,DAMAGE,-1.0,-1.0
2026-02-11,competitive,Asia,route-66,Silver,오리사,TANK,14.2,44.5
2026-02-11,competitive,Asia,route-66,Silver,우양,SUPPORT,15.0,52.8
2026-02-11,competitive,Asia,route-66,Silver,위도우메이커,DAMAGE,5.5,51.5
2026-02-11,competitive,Asia,route-66,Silver,윈스턴,TANK,8.8,52.5
2026-02-11,competitive,Asia,route-66,Silver,일리아리,SUPPORT,15.6,56.6
2026-02-11,competitive,Asia,route-66,Silver,자리야,TANK,6.9,50.7
2026-02-11,competitive,Asia,route-66,Silver,정커퀸,TANK,3.3,50.7
2026-02-11,competitive,Asia,route-66,Silver,정크랫,DAMAGE,9.2,46.7
2026-02-11,competitive,Asia,route-66,Silver,제트팩 캣,SUPPORT,-1.0,-1.0
2026-02-11,competitive,Asia,route-66,Silver,젠야타,SUPPORT,12.8,53.7
2026-02-11,competitive,Asia,route-66,Silver,주노,SUPPORT,14.0,49.8
2026-02-11,competitive,Asia,route-66,Silver,캐서디,DAMAGE,19.0,46.7
2026-02-11,competitive,Asia,route-66,Silver,키리코,SUPPORT,31.0,48.0
2026-02-11,competitive,Asia,route-66,Silver,토르비욘,DAMAGE,4.6,47.7
2026-02-11,competitive,Asia,route-66,Silver,트레이서,DAMAGE,3.6,50.5
2026-02-11,competitive,Asia,route-66,Silver,파라,DAMAGE,6.7,51.1
2026-02-11,competitive,Asia,route-66,Silver,프레야,DAMAGE,6.3,49.2
2026-02-11,competitive,Asia,route-66,Silver,한조,DAMAGE,9.1,50.0
2026-02-11,competitive,Asia,route-66,Silver,해저드,TANK,2.8,52.0
2026-02-11,competitive,Asia,route-66,Gold,D.Va,TANK,10.8,52.1
2026-02-11,competitive,Asia,route-66,Gold,겐지,DAMAGE,17.8,55.0
2026-02-11,competitive,Asia,route-66,Gold,도미나,TANK,-1.0,-1.0
2026-02-11,competitive,Asia,route-66,Gold,둠피스트,TANK,5.0,53.9
2026-02-11,competitive,Asia,route-66,Gold,라마트라,TANK,5.9,45.3
2026-02-11,competitive,Asia,route-66,Gold,라이프위버,SUPPORT,6.6,44.3
2026-02-11,competitive,Asia,route-66,Gold,라인하르트,TANK,8.6,47.4
2026-02-11,competitive,Asia,route-66,Gold,레킹볼,TANK,3.7,50.5
2026-02-11,competitive,Asia,route-66,Gold,로드호그,TANK,5.7,42.6
2026-02-11,competitive,Asia,route-66,Gold,루시우,SUPPORT,4.5,43.6
2026-02-11,competitive,Asia,route-66,Gold,리퍼,DAMAGE,12.3,50.2
2026-02-11,competitive,Asia,route-66,Gold,마우가,TANK,3.2,43.5
2026-02-11,competitive,Asia,route-66,Gold,메르시,SUPPORT,13.8,49.8
2026-02-11,competitive,Asia,route-66,Gold,메이,DAMAGE,8.1,48.8
2026-02-11,competitive,Asia,route-66,Gold,모이라,SUPPORT,15.3,44.2
2026-02-11,competitive,Asia,route-66,Gold,미즈키,SUPPORT,-1.0,-1.0
2026-02-11,competitive,Asia,route-66,Gold,바스티온,DAMAGE,12.3,46.9
2026-02-11,competitive,Asia,route-66,Gold,바티스트,SUPPORT,10.8,47.4
2026-02-11,competitive,Asia,route-66,Gold,벤데타,DAMAGE,3.8,58.2
2026-02-11,competitive,Asia,route-66,Gold,벤처,DAMAGE,5.0,51.4
2026-02-11,competitive,Asia,route-66,Gold,브리기테,SUPPORT,3.4,46.4
2026-02-11,competitive,Asia,route-66,Gold,소전,DAMAGE,14.7,45.9
2026-02-11,competitive,Asia,route-66,Gold,솔저: 76,DAMAGE,23.6,48.6
2026-02-11,competitive,Asia,route-66,Gold,솜브라,DAMAGE,3.5,53.2
2026-02-11,competitive,Asia,route-66,Gold,시그마,TANK,19.3,55.0
2026-02-11,competitive,Asia,route-66,Gold,시메트라,DAMAGE,3.4,49.2
2026-02-11,competitive,Asia,route-66,Gold,아나,SUPPORT,58.0,52.8
2026-02-11,competitive,Asia,route-66,Gold,안란,DAMAGE,-1.0,-1.0
2026-02-11,competitive,Asia,route-66,Gold,애쉬,DAMAGE,24.4,53.0
2026-02-11,competitive,Asia,route-66,Gold,에코,DAMAGE,5.6,52.3
2026-02-11,competitive,Asia,route-66,Gold,엠레,DAMAGE,-1.0,-1.0
2026-02-11,competitive,Asia,route-66,Gold,오리사,TANK,11.6,45.4
2026-02-11,competitive,Asia,route-66,Gold,우양,SUPPORT,15.3,54.6
2026-02-11,competitive,Asia,route-66,Gold,위도우메이커,DAMAGE,6.2,50.1
2026-02-11,competitive,Asia,route-66,Gold,윈스턴,TANK,11.7,53.1
2026-02-11,competitive,Asia,route-66,Gold,일리아리,SUPPORT,15.9,56.9
2026-02-11,competitive,Asia,route-66,Gold,자리야,TANK,8.1,49.8
2026-02-11,competitive,Asia,route-66,Gold,정커퀸,TANK,3.2,51.3
2026-02-11,competitive,Asia,route-66,Gold,정크랫,DAMAGE,6.7,48.4
2026-02-11,competitive,Asia,route-66,Gold,제트팩 캣,SUPPORT,-1.0,-1.0
2026-02-11,competitive,Asia,route-66,Gold,젠야타,SUPPORT,13.8,53.1
2026-02-11,competitive,Asia,route-66,Gold,주노,SUPPORT,10.0,49.7
2026-02-11,competitive,Asia,route-66,Gold,캐서디,DAMAGE,21.8,46.5
2026-02-11,competitive,Asia,route-66,Gold,키리코,SUPPORT,32.6,46.7
2026-02-11,competitive,Asia,route-66,Gold,토르비욘,DAMAGE,4.5,49.0
2026-02-11,competitive,Asia,route-66,Gold,트레이서,DAMAGE,4.2,47.9
2026-02-11,competitive,Asia,route-66,Gold,파라,DAMAGE,5.3,51.2
2026-02-11,competitive,Asia,route-66,Gold,프레야,DAMAGE,6.8,50.0
2026-02-11,competitive,Asia,route-66,Gold,한조,DAMAGE,10.1,51.2
2026-02-11,competitive,Asia,route-66,Gold,해저드,TANK,3.2,51.8
2026-02-11,competitive,Asia,route-66,Platinum,D.Va,TANK,10.8,51.3
2026-02-11,competitive,Asia,route-66,Platinum,겐지,DAMAGE,20.9,52.8
2026-02-11,competitive,Asia,route-66,Platinum,도미나,TANK,-1.0,-1.0
2026-02-11,competitive,Asia,route-66,Platinum,둠피스트,TANK,6.8,52.7
2026-02-11,competitive,Asia,route-66,Platinum,라마트라,TANK,4.1,45.4
2026-02-11,competitive,Asia,route-66,Platinum,라이프위버,SUPPORT,6.2,44.2
2026-02-11,competitive,Asia,route-66,Platinum,라인하르트,TANK,6.9,44.5
2026-02-11,competitive,Asia,route-66,Platinum,레킹볼,TANK,4.3,50.4
2026-02-11,competitive,Asia,route-66,Platinum,로드호그,TANK,5.8,41.5
2026-02-11,competitive,Asia,route-66,Platinum,루시우,SUPPORT,2.6,43.2
2026-02-11,competitive,Asia,route-66,Platinum,리퍼,DAMAGE,10.8,50.2
2026-02-11,competitive,Asia,route-66,Platinum,마우가,TANK,2.3,43.1
2026-02-11,competitive,Asia,route-66,Platinum,메르시,SUPPORT,11.3,49.9
2026-02-11,competitive,Asia,route-66,Platinum,메이,DAMAGE,7.5,48.2
2026-02-11,competitive,Asia,route-66,Platinum,모이라,SUPPORT,9.5,42.9
2026-02-11,competitive,Asia,route-66,Platinum,미즈키,SUPPORT,-1.0,-1.0
2026-02-11,competitive,Asia,route-66,Platinum,바스티온,DAMAGE,9.2,48.4
2026-02-11,competitive,Asia,route-66,Platinum,바티스트,SUPPORT,11.4,46.5
2026-02-11,competitive,Asia,route-66,Platinum,벤데타,DAMAGE,3.7,56.6
2026-02-11,competitive,Asia,route-66,Platinum,벤처,DAMAGE,5.5,50.5
2026-02-11,competitive,Asia,route-66,Platinum,브리기테,SUPPORT,4.4,44.9
2026-02-11,competitive,Asia,route-66,Platinum,소전,DAMAGE,14.6,46.6
2026-02-11,competitive,Asia,route-66,Platinum,솔저: 76,DAMAGE,18.7,49.5
2026-02-11,competitive,Asia,route-66,Platinum,솜브라,DAMAGE,4.6,52.1
2026-02-11,competitive,Asia,route-66,Platinum,시그마,TANK,19.2,55.7
2026-02-11,competitive,Asia,route-66,Platinum,시메트라,DAMAGE,3.4,46.9
2026-02-11,competitive,Asia,route-66,Platinum,아나,SUPPORT,65.9,53.4
2026-02-11,competitive,Asia,route-66,Platinum,안란,DAMAGE,-1.0,-1.0
2026-02-11,competitive,Asia,route-66,Platinum,애쉬,DAMAGE,26.9,54.0
2026-02-11,competitive,Asia,route-66,Platinum,에코,DAMAGE,6.4,54.7
2026-02-11,competitive,Asia,route-66,Platinum,엠레,DAMAGE,-1.0,-1.0
2026-02-11,competitive,Asia,route-66,Platinum,오리사,TANK,8.5,44.9
2026-02-11,competitive,Asia,route-66,Platinum,우양,SUPPORT,16.7,55.2
2026-02-11,competitive,Asia,route-66,Platinum,위도우메이커,DAMAGE,6.6,49.0
2026-02-11,competitive,Asia,route-66,Platinum,윈스턴,TANK,15.9,52.8
2026-02-11,competitive,Asia,route-66,Platinum,일리아리,SUPPORT,18.3,56.6
2026-02-11,competitive,Asia,route-66,Platinum,자리야,TANK,8.5,49.3
2026-02-11,competitive,Asia,route-66,Platinum,정커퀸,TANK,3.1,51.3
2026-02-11,competitive,Asia,route-66,Platinum,정크랫,DAMAGE,4.4,48.0
2026-02-11,competitive,Asia,route-66,Platinum,제트팩 캣,SUPPORT,-1.0,-1.0
2026-02-11,competitive,Asia,route-66,Platinum,젠야타,SUPPORT,14.5,52.7
2026-02-11,competitive,Asia,route-66,Platinum,주노,SUPPORT,7.0,48.2
2026-02-11,competitive,Asia,route-66,Platinum,캐서디,DAMAGE,24.2,45.4
2026-02-11,competitive,Asia,route-66,Platinum,키리코,SUPPORT,32.2,46.2
2026-02-11,competitive,Asia,route-66,Platinum,토르비욘,DAMAGE,4.1,49.1
2026-02-11,competitive,Asia,route-66,Platinum,트레이서,DAMAGE,5.5,49.6
2026-02-11,competitive,Asia,route-66,Platinum,파라,DAMAGE,4.3,50.2
2026-02-11,competitive,Asia,route-66,Platinum,프레야,DAMAGE,7.6,50.3
2026-02-11,competitive,Asia,route-66,Platinum,한조,DAMAGE,11.2,50.4
2026-02-11,competitive,Asia,route-66,Platinum,해저드,TANK,3.8,51.4
2026-02-11,competitive,Asia,route-66,Diamond,D.Va,TANK,10.7,51.1
2026-02-11,competitive,Asia,route-66,Diamond,겐지,DAMAGE,23.5,53.0
2026-02-11,competitive,Asia,route-66,Diamond,도미나,TANK,-1.0,-1.0
2026-02-11,competitive,Asia,route-66,Diamond,둠피스트,TANK,9.7,49.7
2026-02-11,competitive,Asia,route-66,Diamond,라마트라,TANK,2.8,40.5
2026-02-11,competitive,Asia,route-66,Diamond,라이프위버,SUPPORT,5.0,40.5
2026-02-11,competitive,Asia,route-66,Diamond,라인하르트,TANK,5.2,41.7
2026-02-11,competitive,Asia,route-66,Diamond,레킹볼,TANK,4.7,48.1
2026-02-11,competitive,Asia,route-66,Diamond,로드호그,TANK,5.4,39.9
2026-02-11,competitive,Asia,route-66,Diamond,루시우,SUPPORT,2.0,41.7
2026-02-11,competitive,Asia,route-66,Diamond,리퍼,DAMAGE,8.6,50.5
2026-02-11,competitive,Asia,route-66,Diamond,마우가,TANK,2.1,42.4
2026-02-11,competitive,Asia,route-66,Diamond,메르시,SUPPORT,8.5,48.6
2026-02-11,competitive,Asia,route-66,Diamond,메이,DAMAGE,5.9,48.1
2026-02-11,competitive,Asia,route-66,Diamond,모이라,SUPPORT,5.3,43.1
2026-02-11,competitive,Asia,route-66,Diamond,미즈키,SUPPORT,-1.0,-1.0
2026-02-11,competitive,Asia,route-66,Diamond,바스티온,DAMAGE,7.3,47.6
2026-02-11,competitive,Asia,route-66,Diamond,바티스트,SUPPORT,12.6,47.4
2026-02-11,competitive,Asia,route-66,Diamond,벤데타,DAMAGE,3.5,56.0
2026-02-11,competitive,Asia,route-66,Diamond,벤처,DAMAGE,6.0,50.6
2026-02-11,competitive,Asia,route-66,Diamond,브리기테,SUPPORT,6.3,46.5
2026-02-11,competitive,Asia,route-66,Diamond,소전,DAMAGE,15.2,48.6
2026-02-11,competitive,Asia,route-66,Diamond,솔저: 76,DAMAGE,14.0,49.3
2026-02-11,competitive,Asia,route-66,Diamond,솜브라,DAMAGE,6.0,50.4
2026-02-11,competitive,Asia,route-66,Diamond,시그마,TANK,18.4,57.7
2026-02-11,competitive,Asia,route-66,Diamond,시메트라,DAMAGE,3.2,46.8
2026-02-11,competitive,Asia,route-66,Diamond,아나,SUPPORT,69.3,54.5
2026-02-11,competitive,Asia,route-66,Diamond,안란,DAMAGE,-1.0,-1.0
2026-02-11,competitive,Asia,route-66,Diamond,애쉬,DAMAGE,27.9,53.4
2026-02-11,competitive,Asia,route-66,Diamond,에코,DAMAGE,8.0,55.8
2026-02-11,competitive,Asia,route-66,Diamond,엠레,DAMAGE,-1.0,-1.0
2026-02-11,competitive,Asia,route-66,Diamond,오리사,TANK,5.9,46.2
2026-02-11,competitive,Asia,route-66,Diamond,우양,SUPPORT,19.8,54.4
2026-02-11,competitive,Asia,route-66,Diamond,위도우메이커,DAMAGE,6.9,49.0
2026-02-11,competitive,Asia,route-66,Diamond,윈스턴,TANK,20.3,52.8
2026-02-11,competitive,Asia,route-66,Diamond,일리아리,SUPPORT,21.7,56.6
2026-02-11,competitive,Asia,route-66,Diamond,자리야,TANK,8.2,52.3
2026-02-11,competitive,Asia,route-66,Diamond,정커퀸,TANK,2.4,46.6
2026-02-11,competitive,Asia,route-66,Diamond,정크랫,DAMAGE,3.7,48.2
2026-02-11,competitive,Asia,route-66,Diamond,제트팩 캣,SUPPORT,-1.0,-1.0
2026-02-11,competitive,Asia,route-66,Diamond,젠야타,SUPPORT,15.7,50.3
2026-02-11,competitive,Asia,route-66,Diamond,주노,SUPPORT,4.1,48.8
2026-02-11,competitive,Asia,route-66,Diamond,캐서디,DAMAGE,24.6,46.0
2026-02-11,competitive,Asia,route-66,Diamond,키리코,SUPPORT,29.6,45.5
2026-02-11,competitive,Asia,route-66,Diamond,토르비욘,DAMAGE,3.8,45.2
2026-02-11,competitive,Asia,route-66,Diamond,트레이서,DAMAGE,8.2,47.4
2026-02-11,competitive,Asia,route-66,Diamond,파라,DAMAGE,3.4,52.0
2026-02-11,competitive,Asia,route-66,Diamond,프레야,DAMAGE,8.8,49.1
2026-02-11,competitive,Asia,route-66,Diamond,한조,DAMAGE,11.6,50.0
2026-02-11,competitive,Asia,route-66,Diamond,해저드,TANK,4.2,50.1
2026-02-11,competitive,Asia,route-66,Master,D.Va,TANK,8.9,52.9
2026-02-11,competitive,Asia,route-66,Master,겐지,DAMAGE,22.6,54.4
2026-02-11,competitive,Asia,route-66,Master,도미나,TANK,-1.0,-1.0
2026-02-11,competitive,Asia,route-66,Master,둠피스트,TANK,11.4,45.4
2026-02-11,competitive,Asia,route-66,Master,라마트라,TANK,2.1,45.6
2026-02-11,competitive,Asia,route-66,Master,라이프위버,SUPPORT,4.0,37.0
2026-02-11,competitive,Asia,route-66,Master,라인하르트,TANK,3.9,36.1
2026-02-11,competitive,Asia,route-66,Master,레킹볼,TANK,4.1,45.6
2026-02-11,competitive,Asia,route-66,Master,로드호그,TANK,4.9,37.5
2026-02-11,competitive,Asia,route-66,Master,루시우,SUPPORT,1.9,45.5
2026-02-11,competitive,Asia,route-66,Master,리퍼,DAMAGE,7.2,46.8
2026-02-11,competitive,Asia,route-66,Master,마우가,TANK,1.6,40.2
2026-02-11,competitive,Asia,route-66,Master,메르시,SUPPORT,6.9,48.5
2026-02-11,competitive,Asia,route-66,Master,메이,DAMAGE,4.8,43.4
2026-02-11,competitive,Asia,route-66,Master,모이라,SUPPORT,2.9,35.5
2026-02-11,competitive,Asia,route-66,Master,미즈키,SUPPORT,-1.0,-1.0
2026-02-11,competitive,Asia,route-66,Master,바스티온,DAMAGE,6.2,51.1
2026-02-11,competitive,Asia,route-66,Master,바티스트,SUPPORT,15.1,44.4
2026-02-11,competitive,Asia,route-66,Master,벤데타,DAMAGE,3.3,56.8
2026-02-11,competitive,Asia,route-66,Master,벤처,DAMAGE,6.2,50.3
2026-02-11,competitive,Asia,route-66,Master,브리기테,SUPPORT,7.1,47.3
2026-02-11,competitive,Asia,route-66,Master,소전,DAMAGE,15.6,51.8
2026-02-11,competitive,Asia,route-66,Master,솔저: 76,DAMAGE,9.7,49.2
2026-02-11,competitive,Asia,route-66,Master,솜브라,DAMAGE,6.4,53.0
2026-02-11,competitive,Asia,route-66,Master,시그마,TANK,19.3,57.0
2026-02-11,competitive,Asia,route-66,Master,시메트라,DAMAGE,3.0,46.1
2026-02-11,competitive,Asia,route-66,Master,아나,SUPPORT,67.9,55.9
2026-02-11,competitive,Asia,route-66,Master,안란,DAMAGE,-1.0,-1.0
2026-02-11,competitive,Asia,route-66,Master,애쉬,DAMAGE,31.5,54.5
2026-02-11,competitive,Asia,route-66,Master,에코,DAMAGE,9.5,52.5
2026-02-11,competitive,Asia,route-66,Master,엠레,DAMAGE,-1.0,-1.0
2026-02-11,competitive,Asia,route-66,Master,오리사,TANK,4.5,41.5
2026-02-11,competitive,Asia,route-66,Master,우양,SUPPORT,26.3,55.6
2026-02-11,competitive,Asia,route-66,Master,위도우메이커,DAMAGE,6.9,45.7
2026-02-11,competitive,Asia,route-66,Master,윈스턴,TANK,24.3,54.5
2026-02-11,competitive,Asia,route-66,Master,일리아리,SUPPORT,24.5,60.0
2026-02-11,competitive,Asia,route-66,Master,자리야,TANK,9.0,56.5
2026-02-11,competitive,Asia,route-66,Master,정커퀸,TANK,2.1,56.2
2026-02-11,competitive,Asia,route-66,Master,정크랫,DAMAGE,2.9,45.6
2026-02-11,competitive,Asia,route-66,Master,제트팩 캣,SUPPORT,-1.0,-1.0
2026-02-11,competitive,Asia,route-66,Master,젠야타,SUPPORT,14.7,47.3
2026-02-11,competitive,Asia,route-66,Master,주노,SUPPORT,2.2,47.4
2026-02-11,competitive,Asia,route-66,Master,캐서디,DAMAGE,21.9,45.8
2026-02-11,competitive,Asia,route-66,Master,키리코,SUPPORT,26.5,43.6
2026-02-11,competitive,Asia,route-66,Master,토르비욘,DAMAGE,3.4,43.3
2026-02-11,competitive,Asia,route-66,Master,트레이서,DAMAGE,13.8,51.5
2026-02-11,competitive,Asia,route-66,Master,파라,DAMAGE,3.1,43.1
2026-02-11,competitive,Asia,route-66,Master,프레야,DAMAGE,8.9,49.5
2026-02-11,competitive,Asia,route-66,Master,한조,DAMAGE,13.1,45.4
2026-02-11,competitive,Asia,route-66,Master,해저드,TANK,3.8,45.1
2026-02-11,competitive,Asia,route-66,Grandmaster,D.Va,TANK,10.6,61.8
2026-02-11,competitive,Asia,route-66,Grandmaster,겐지,DAMAGE,17.8,47.6
2026-02-11,competitive,Asia,route-66,Grandmaster,도미나,TANK,-1.0,-1.0
2026-02-11,competitive,Asia,route-66,Grandmaster,둠피스트,TANK,9.3,40.5
2026-02-11,competitive,Asia,route-66,Grandmaster,라마트라,TANK,0.9,22.3
2026-02-11,competitive,Asia,route-66,Grandmaster,라이프위버,SUPPORT,1.9,24.2
2026-02-11,competitive,Asia,route-66,Grandmaster,라인하르트,TANK,3.2,31.9
2026-02-11,competitive,Asia,route-66,Grandmaster,레킹볼,TANK,5.2,50.7
2026-02-11,competitive,Asia,route-66,Grandmaster,로드호그,TANK,3.3,35.5
2026-02-11,competitive,Asia,route-66,Grandmaster,루시우,SUPPORT,2.1,38.6
2026-02-11,competitive,Asia,route-66,Grandmaster,리퍼,DAMAGE,3.5,56.4
2026-02-11,competitive,Asia,route-66,Grandmaster,마우가,TANK,0.5,12.6
2026-02-11,competitive,Asia,route-66,Grandmaster,메르시,SUPPORT,5.2,40.0
2026-02-11,competitive,Asia,route-66,Grandmaster,메이,DAMAGE,4.6,49.1
2026-02-11,competitive,Asia,route-66,Grandmaster,모이라,SUPPORT,2.5,37.6
2026-02-11,competitive,Asia,route-66,Grandmaster,미즈키,SUPPORT,-1.0,-1.0
2026-02-11,competitive,Asia,route-66,Grandmaster,바스티온,DAMAGE,3.1,47.9
2026-02-11,competitive,Asia,route-66,Grandmaster,바티스트,SUPPORT,18.9,49.7
2026-02-11,competitive,Asia,route-66,Grandmaster,벤데타,DAMAGE,6.3,49.0
2026-02-11,competitive,Asia,route-66,Grandmaster,벤처,DAMAGE,4.9,39.9
2026-02-11,competitive,Asia,route-66,Grandmaster,브리기테,SUPPORT,9.7,51.2
2026-02-11,competitive,Asia,route-66,Grandmaster,소전,DAMAGE,15.3,46.4
2026-02-11,competitive,Asia,route-66,Grandmaster,솔저: 76,DAMAGE,7.3,41.2
2026-02-11,competitive,Asia,route-66,Grandmaster,솜브라,DAMAGE,3.9,45.5
2026-02-11,competitive,Asia,route-66,Grandmaster,시그마,TANK,23.8,56.3
2026-02-11,competitive,Asia,route-66,Grandmaster,시메트라,DAMAGE,4.4,48.5
2026-02-11,competitive,Asia,route-66,Grandmaster,아나,SUPPORT,62.9,57.5
2026-02-11,competitive,Asia,route-66,Grandmaster,안란,DAMAGE,-1.0,-1.0
2026-02-11,competitive,Asia,route-66,Grandmaster,애쉬,DAMAGE,36.9,56.8
2026-02-11,competitive,Asia,route-66,Grandmaster,에코,DAMAGE,8.1,53.8
2026-02-11,competitive,Asia,route-66,Grandmaster,엠레,DAMAGE,-1.0,-1.0
2026-02-11,competitive,Asia,route-66,Grandmaster,오리사,TANK,2.9,51.9
2026-02-11,competitive,Asia,route-66,Grandmaster,우양,SUPPORT,30.0,54.9
2026-02-11,competitive,Asia,route-66,Grandmaster,위도우메이커,DAMAGE,9.6,45.8
2026-02-11,competitive,Asia,route-66,Grandmaster,윈스턴,TANK,23.4,54.1
2026-02-11,competitive,Asia,route-66,Grandmaster,일리아리,SUPPORT,25.8,58.8
2026-02-11,competitive,Asia,route-66,Grandmaster,자리야,TANK,13.4,49.4
2026-02-11,competitive,Asia,route-66,Grandmaster,정커퀸,TANK,1.5,37.7
2026-02-11,competitive,Asia,route-66,Grandmaster,정크랫,DAMAGE,3.7,52.5
2026-02-11,competitive,Asia,route-66,Grandmaster,제트팩 캣,SUPPORT,-1.0,-1.0
2026-02-11,competitive,Asia,route-66,Grandmaster,젠야타,SUPPORT,11.2,47.1
2026-02-11,competitive,Asia,route-66,Grandmaster,주노,SUPPORT,2.2,47.6
2026-02-11,competitive,Asia,route-66,Grandmaster,캐서디,DAMAGE,16.9,50.3
2026-02-11,competitive,Asia,route-66,Grandmaster,키리코,SUPPORT,27.6,41.2
2026-02-11,competitive,Asia,route-66,Grandmaster,토르비욘,DAMAGE,1.9,36.2
2026-02-11,competitive,Asia,route-66,Grandmaster,트레이서,DAMAGE,23.3,56.9
2026-02-11,competitive,Asia,route-66,Grandmaster,파라,DAMAGE,2.8,48.8
2026-02-11,competitive,Asia,route-66,Grandmaster,프레야,DAMAGE,11.1,48.8
2026-02-11,competitive,Asia,route-66,Grandmaster,한조,DAMAGE,14.9,49.0
2026-02-11,competitive,Asia,route-66,Grandmaster,해저드,TANK,1.9,46.3
2026-02-11,competitive,Asia,watchpoint-gibraltar,All,D.Va,TANK,15.3,53.0
2026-02-11,competitive,Asia,watchpoint-gibraltar,All,겐지,DAMAGE,20.8,53.8
2026-02-11,competitive,Asia,watchpoint-gibraltar,All,도미나,TANK,-1.0,-1.0
2026-02-11,competitive,Asia,watchpoint-gibraltar,All,둠피스트,TANK,6.7,52.1
2026-02-11,competitive,Asia,watchpoint-gibraltar,All,라마트라,TANK,3.8,45.5
2026-02-11,competitive,Asia,watchpoint-gibraltar,All,라이프위버,SUPPORT,6.6,44.6
2026-02-11,competitive,Asia,watchpoint-gibraltar,All,라인하르트,TANK,6.0,45.5
2026-02-11,competitive,Asia,watchpoint-gibraltar,All,레킹볼,TANK,4.3,49.5
2026-02-11,competitive,Asia,watchpoint-gibraltar,All,로드호그,TANK,5.6,40.4
2026-02-11,competitive,Asia,watchpoint-gibraltar,All,루시우,SUPPORT,4.0,43.9
2026-02-11,competitive,Asia,watchpoint-gibraltar,All,리퍼,DAMAGE,13.2,49.8
2026-02-11,competitive,Asia,watchpoint-gibraltar,All,마우가,TANK,2.8,43.7
2026-02-11,competitive,Asia,watchpoint-gibraltar,All,메르시,SUPPORT,13.6,47.5
2026-02-11,competitive,Asia,watchpoint-gibraltar,All,메이,DAMAGE,5.9,47.5
2026-02-11,competitive,Asia,watchpoint-gibraltar,All,모이라,SUPPORT,13.1,44.7
2026-02-11,competitive,Asia,watchpoint-gibraltar,All,미즈키,SUPPORT,-1.0,-1.0
2026-02-11,competitive,Asia,watchpoint-gibraltar,All,바스티온,DAMAGE,10.4,46.7
2026-02-11,competitive,Asia,watchpoint-gibraltar,All,바티스트,SUPPORT,11.2,48.0
2026-02-11,competitive,Asia,watchpoint-gibraltar,All,벤데타,DAMAGE,4.1,56.1
2026-02-11,competitive,Asia,watchpoint-gibraltar,All,벤처,DAMAGE,4.9,51.7
2026-02-11,competitive,Asia,watchpoint-gibraltar,All,브리기테,SUPPORT,5.1,47.9
2026-02-11,competitive,Asia,watchpoint-gibraltar,All,소전,DAMAGE,12.5,44.9
2026-02-11,competitive,Asia,watchpoint-gibraltar,All,솔저: 76,DAMAGE,22.5,49.8
2026-02-11,competitive,Asia,watchpoint-gibraltar,All,솜브라,DAMAGE,4.2,51.4
2026-02-11,competitive,Asia,watchpoint-gibraltar,All,시그마,TANK,13.9,53.3
2026-02-11,competitive,Asia,watchpoint-gibraltar,All,시메트라,DAMAGE,3.8,50.4
2026-02-11,competitive,Asia,watchpoint-gibraltar,All,아나,SUPPORT,57.5,53.2
2026-02-11,competitive,Asia,watchpoint-gibraltar,All,안란,DAMAGE,0.0,49.1
2026-02-11,competitive,Asia,watchpoint-gibraltar,All,애쉬,DAMAGE,25.5,54.6
2026-02-11,competitive,Asia,watchpoint-gibraltar,All,에코,DAMAGE,7.8,54.1
2026-02-11,competitive,Asia,watchpoint-gibraltar,All,엠레,DAMAGE,-1.0,-1.0
2026-02-11,competitive,Asia,watchpoint-gibraltar,All,오리사,TANK,8.4,43.3
2026-02-11,competitive,Asia,watchpoint-gibraltar,All,우양,SUPPORT,15.1,54.1
2026-02-11,competitive,Asia,watchpoint-gibraltar,All,위도우메이커,DAMAGE,6.7,48.8
2026-02-11,competitive,Asia,watchpoint-gibraltar,All,윈스턴,TANK,20.8,55.8
2026-02-11,competitive,Asia,watchpoint-gibraltar,All,일리아리,SUPPORT,15.7,56.3
2026-02-11,competitive,Asia,watchpoint-gibraltar,All,자리야,TANK,5.8,47.9
2026-02-11,competitive,Asia,watchpoint-gibraltar,All,정커퀸,TANK,2.1,48.7
2026-02-11,competitive,Asia,watchpoint-gibraltar,All,정크랫,DAMAGE,5.6,47.1
2026-02-11,competitive,Asia,watchpoint-gibraltar,All,제트팩 캣,SUPPORT,-1.0,-1.0
2026-02-11,competitive,Asia,watchpoint-gibraltar,All,젠야타,SUPPORT,11.0,50.6
2026-02-11,competitive,Asia,watchpoint-gibraltar,All,주노,SUPPORT,9.6,49.5
2026-02-11,competitive,Asia,watchpoint-gibraltar,All,캐서디,DAMAGE,20.3,45.9
2026-02-11,competitive,Asia,watchpoint-gibraltar,All,키리코,SUPPORT,37.6,48.8
2026-02-11,competitive,Asia,watchpoint-gibraltar,All,토르비욘,DAMAGE,3.7,46.3
2026-02-11,competitive,Asia,watchpoint-gibraltar,All,트레이서,DAMAGE,6.4,50.0
2026-02-11,competitive,Asia,watchpoint-gibraltar,All,파라,DAMAGE,4.8,50.9
2026-02-11,competitive,Asia,watchpoint-gibraltar,All,프레야,DAMAGE,6.9,49.3
2026-02-11,competitive,Asia,watchpoint-gibraltar,All,한조,DAMAGE,9.9,49.4
2026-02-11,competitive,Asia,watchpoint-gibraltar,All,해저드,TANK,4.5,50.5
2026-02-11,competitive,Asia,watchpoint-gibraltar,Bronze,D.Va,TANK,15.1,54.1
2026-02-11,competitive,Asia,watchpoint-gibraltar,Bronze,겐지,DAMAGE,12.5,55.6
2026-02-11,competitive,Asia,watchpoint-gibraltar,Bronze,도미나,TANK,-1.0,-1.0
2026-02-11,competitive,Asia,watchpoint-gibraltar,Bronze,둠피스트,TANK,3.6,60.6
2026-02-11,competitive,Asia,watchpoint-gibraltar,Bronze,라마트라,TANK,7.6,47.7
2026-02-11,competitive,Asia,watchpoint-gibraltar,Bronze,라이프위버,SUPPORT,5.7,47.5
2026-02-11,competitive,Asia,watchpoint-gibraltar,Bronze,라인하르트,TANK,7.9,47.1
2026-02-11,competitive,Asia,watchpoint-gibraltar,Bronze,레킹볼,TANK,3.6,52.9
2026-02-11,competitive,Asia,watchpoint-gibraltar,Bronze,로드호그,TANK,5.9,42.3
2026-02-11,competitive,Asia,watchpoint-gibraltar,Bronze,루시우,SUPPORT,7.7,46.4
2026-02-11,competitive,Asia,watchpoint-gibraltar,Bronze,리퍼,DAMAGE,13.0,51.6
2026-02-11,competitive,Asia,watchpoint-gibraltar,Bronze,마우가,TANK,4.8,43.2
2026-02-11,competitive,Asia,watchpoint-gibraltar,Bronze,메르시,SUPPORT,15.5,43.6
2026-02-11,competitive,Asia,watchpoint-gibraltar,Bronze,메이,DAMAGE,6.5,50.8
2026-02-11,competitive,Asia,watchpoint-gibraltar,Bronze,모이라,SUPPORT,22.9,45.9
2026-02-11,competitive,Asia,watchpoint-gibraltar,Bronze,미즈키,SUPPORT,-1.0,-1.0
2026-02-11,competitive,Asia,watchpoint-gibraltar,Bronze,바스티온,DAMAGE,21.6,46.1
2026-02-11,competitive,Asia,watchpoint-gibraltar,Bronze,바티스트,SUPPORT,10.2,52.1
2026-02-11,competitive,Asia,watchpoint-gibraltar,Bronze,벤데타,DAMAGE,3.8,58.7
2026-02-11,competitive,Asia,watchpoint-gibraltar,Bronze,벤처,DAMAGE,4.1,51.8
2026-02-11,competitive,Asia,watchpoint-gibraltar,Bronze,브리기테,SUPPORT,2.5,51.0
2026-02-11,competitive,Asia,watchpoint-gibraltar,Bronze,소전,DAMAGE,19.0,44.2
2026-02-11,competitive,Asia,watchpoint-gibraltar,Bronze,솔저: 76,DAMAGE,26.3,48.3
2026-02-11,competitive,Asia,watchpoint-gibraltar,Bronze,솜브라,DAMAGE,2.7,56.6
2026-02-11,competitive,Asia,watchpoint-gibraltar,Bronze,시그마,TANK,17.6,52.5
2026-02-11,competitive,Asia,watchpoint-gibraltar,Bronze,시메트라,DAMAGE,3.6,54.9
2026-02-11,competitive,Asia,watchpoint-gibraltar,Bronze,아나,SUPPORT,36.6,53.1
2026-02-11,competitive,Asia,watchpoint-gibraltar,Bronze,안란,DAMAGE,-1.0,-1.0
2026-02-11,competitive,Asia,watchpoint-gibraltar,Bronze,애쉬,DAMAGE,17.8,53.5
2026-02-11,competitive,Asia,watchpoint-gibraltar,Bronze,에코,DAMAGE,5.8,52.9
2026-02-11,competitive,Asia,watchpoint-gibraltar,Bronze,엠레,DAMAGE,-1.0,-1.0
2026-02-11,competitive,Asia,watchpoint-gibraltar,Bronze,오리사,TANK,14.7,43.9
2026-02-11,competitive,Asia,watchpoint-gibraltar,Bronze,우양,SUPPORT,17.4,53.8
2026-02-11,competitive,Asia,watchpoint-gibraltar,Bronze,위도우메이커,DAMAGE,6.1,48.5
2026-02-11,competitive,Asia,watchpoint-gibraltar,Bronze,윈스턴,TANK,9.6,56.4
2026-02-11,competitive,Asia,watchpoint-gibraltar,Bronze,일리아리,SUPPORT,15.2,52.6
2026-02-11,competitive,Asia,watchpoint-gibraltar,Bronze,자리야,TANK,4.5,47.6
2026-02-11,competitive,Asia,watchpoint-gibraltar,Bronze,정커퀸,TANK,2.3,56.4
2026-02-11,competitive,Asia,watchpoint-gibraltar,Bronze,정크랫,DAMAGE,10.8,44.3
2026-02-11,competitive,Asia,watchpoint-gibraltar,Bronze,제트팩 캣,SUPPORT,-1.0,-1.0
2026-02-11,competitive,Asia,watchpoint-gibraltar,Bronze,젠야타,SUPPORT,13.3,52.5
2026-02-11,competitive,Asia,watchpoint-gibraltar,Bronze,주노,SUPPORT,19.8,50.0
2026-02-11,competitive,Asia,watchpoint-gibraltar,Bronze,캐서디,DAMAGE,15.2,49.8
2026-02-11,competitive,Asia,watchpoint-gibraltar,Bronze,키리코,SUPPORT,33.2,49.1
2026-02-11,competitive,Asia,watchpoint-gibraltar,Bronze,토르비욘,DAMAGE,4.9,50.8
2026-02-11,competitive,Asia,watchpoint-gibraltar,Bronze,트레이서,DAMAGE,3.7,50.1
2026-02-11,competitive,Asia,watchpoint-gibraltar,Bronze,파라,DAMAGE,8.4,50.9
2026-02-11,competitive,Asia,watchpoint-gibraltar,Bronze,프레야,DAMAGE,6.3,50.6
2026-02-11,competitive,Asia,watchpoint-gibraltar,Bronze,한조,DAMAGE,7.8,52.4
2026-02-11,competitive,Asia,watchpoint-gibraltar,Bronze,해저드,TANK,2.7,48.8
2026-02-11,competitive,Asia,watchpoint-gibraltar,Silver,D.Va,TANK,15.1,53.2
2026-02-11,competitive,Asia,watchpoint-gibraltar,Silver,겐지,DAMAGE,16.0,55.2
2026-02-11,competitive,Asia,watchpoint-gibraltar,Silver,도미나,TANK,-1.0,-1.0
2026-02-11,competitive,Asia,watchpoint-gibraltar,Silver,둠피스트,TANK,4.5,55.1
2026-02-11,competitive,Asia,watchpoint-gibraltar,Silver,라마트라,TANK,6.1,47.6
2026-02-11,competitive,Asia,watchpoint-gibraltar,Silver,라이프위버,SUPPORT,6.7,46.1
2026-02-11,competitive,Asia,watchpoint-gibraltar,Silver,라인하르트,TANK,7.9,47.5
2026-02-11,competitive,Asia,watchpoint-gibraltar,Silver,레킹볼,TANK,3.6,50.6
2026-02-11,competitive,Asia,watchpoint-gibraltar,Silver,로드호그,TANK,5.5,42.4
2026-02-11,competitive,Asia,watchpoint-gibraltar,Silver,루시우,SUPPORT,6.4,43.4
2026-02-11,competitive,Asia,watchpoint-gibraltar,Silver,리퍼,DAMAGE,14.2,49.4
2026-02-11,competitive,Asia,watchpoint-gibraltar,Silver,마우가,TANK,3.7,45.4
2026-02-11,competitive,Asia,watchpoint-gibraltar,Silver,메르시,SUPPORT,17.5,46.5
2026-02-11,competitive,Asia,watchpoint-gibraltar,Silver,메이,DAMAGE,6.8,48.1
2026-02-11,competitive,Asia,watchpoint-gibraltar,Silver,모이라,SUPPORT,20.6,44.8
2026-02-11,competitive,Asia,watchpoint-gibraltar,Silver,미즈키,SUPPORT,-1.0,-1.0
2026-02-11,competitive,Asia,watchpoint-gibraltar,Silver,바스티온,DAMAGE,14.9,47.1
2026-02-11,competitive,Asia,watchpoint-gibraltar,Silver,바티스트,SUPPORT,10.2,48.9
2026-02-11,competitive,Asia,watchpoint-gibraltar,Silver,벤데타,DAMAGE,4.1,57.2
2026-02-11,competitive,Asia,watchpoint-gibraltar,Silver,벤처,DAMAGE,4.6,53.7
2026-02-11,competitive,Asia,watchpoint-gibraltar,Silver,브리기테,SUPPORT,2.9,46.9
2026-02-11,competitive,Asia,watchpoint-gibraltar,Silver,소전,DAMAGE,15.3,44.2
2026-02-11,competitive,Asia,watchpoint-gibraltar,Silver,솔저: 76,DAMAGE,28.0,49.7
2026-02-11,competitive,Asia,watchpoint-gibraltar,Silver,솜브라,DAMAGE,3.0,55.0
2026-02-11,competitive,Asia,watchpoint-gibraltar,Silver,시그마,TANK,16.6,54.5
2026-02-11,competitive,Asia,watchpoint-gibraltar,Silver,시메트라,DAMAGE,3.8,49.3
2026-02-11,competitive,Asia,watchpoint-gibraltar,Silver,아나,SUPPORT,46.6,53.0
2026-02-11,competitive,Asia,watchpoint-gibraltar,Silver,안란,DAMAGE,-1.0,-1.0
2026-02-11,competitive,Asia,watchpoint-gibraltar,Silver,애쉬,DAMAGE,20.8,53.8
2026-02-11,competitive,Asia,watchpoint-gibraltar,Silver,에코,DAMAGE,6.1,54.3
2026-02-11,competitive,Asia,watchpoint-gibraltar,Silver,엠레,DAMAGE,-1.0,-1.0
2026-02-11,competitive,Asia,watchpoint-gibraltar,Silver,오리사,TANK,12.3,42.9
2026-02-11,competitive,Asia,watchpoint-gibraltar,Silver,우양,SUPPORT,14.5,54.4
2026-02-11,competitive,Asia,watchpoint-gibraltar,Silver,위도우메이커,DAMAGE,6.4,50.4
2026-02-11,competitive,Asia,watchpoint-gibraltar,Silver,윈스턴,TANK,12.9,54.0
2026-02-11,competitive,Asia,watchpoint-gibraltar,Silver,일리아리,SUPPORT,14.1,56.0
2026-02-11,competitive,Asia,watchpoint-gibraltar,Silver,자리야,TANK,6.3,50.6
2026-02-11,competitive,Asia,watchpoint-gibraltar,Silver,정커퀸,TANK,2.4,48.2
2026-02-11,competitive,Asia,watchpoint-gibraltar,Silver,정크랫,DAMAGE,8.1,47.6
2026-02-11,competitive,Asia,watchpoint-gibraltar,Silver,제트팩 캣,SUPPORT,-1.0,-1.0
2026-02-11,competitive,Asia,watchpoint-gibraltar,Silver,젠야타,SUPPORT,11.5,52.0
2026-02-11,competitive,Asia,watchpoint-gibraltar,Silver,주노,SUPPORT,13.9,50.0
2026-02-11,competitive,Asia,watchpoint-gibraltar,Silver,캐서디,DAMAGE,18.6,47.1
2026-02-11,competitive,Asia,watchpoint-gibraltar,Silver,키리코,SUPPORT,34.8,49.8
2026-02-11,competitive,Asia,watchpoint-gibraltar,Silver,토르비욘,DAMAGE,4.1,49.0
2026-02-11,competitive,Asia,watchpoint-gibraltar,Silver,트레이서,DAMAGE,3.9,52.8
2026-02-11,competitive,Asia,watchpoint-gibraltar,Silver,파라,DAMAGE,6.6,49.4
2026-02-11,competitive,Asia,watchpoint-gibraltar,Silver,프레야,DAMAGE,6.2,47.7
2026-02-11,competitive,Asia,watchpoint-gibraltar,Silver,한조,DAMAGE,8.5,49.3
2026-02-11,competitive,Asia,watchpoint-gibraltar,Silver,해저드,TANK,3.2,49.0
2026-02-11,competitive,Asia,watchpoint-gibraltar,Gold,D.Va,TANK,16.2,52.8
2026-02-11,competitive,Asia,watchpoint-gibraltar,Gold,겐지,DAMAGE,20.1,55.0
2026-02-11,competitive,Asia,watchpoint-gibraltar,Gold,도미나,TANK,-1.0,-1.0
2026-02-11,competitive,Asia,watchpoint-gibraltar,Gold,둠피스트,TANK,5.3,52.1
2026-02-11,competitive,Asia,watchpoint-gibraltar,Gold,라마트라,TANK,4.3,44.4
2026-02-11,competitive,Asia,watchpoint-gibraltar,Gold,라이프위버,SUPPORT,7.4,46.6
2026-02-11,competitive,Asia,watchpoint-gibraltar,Gold,라인하르트,TANK,6.8,47.3
2026-02-11,competitive,Asia,watchpoint-gibraltar,Gold,레킹볼,TANK,3.9,50.0
2026-02-11,competitive,Asia,watchpoint-gibraltar,Gold,로드호그,TANK,5.7,41.8
2026-02-11,competitive,Asia,watchpoint-gibraltar,Gold,루시우,SUPPORT,4.3,44.7
2026-02-11,competitive,Asia,watchpoint-gibraltar,Gold,리퍼,DAMAGE,14.5,49.9
2026-02-11,competitive,Asia,watchpoint-gibraltar,Gold,마우가,TANK,2.9,42.2
2026-02-11,competitive,Asia,watchpoint-gibraltar,Gold,메르시,SUPPORT,14.5,47.7
2026-02-11,competitive,Asia,watchpoint-gibraltar,Gold,메이,DAMAGE,6.7,47.3
2026-02-11,competitive,Asia,watchpoint-gibraltar,Gold,모이라,SUPPORT,15.5,45.0
2026-02-11,competitive,Asia,watchpoint-gibraltar,Gold,미즈키,SUPPORT,-1.0,-1.0
2026-02-11,competitive,Asia,watchpoint-gibraltar,Gold,바스티온,DAMAGE,10.5,46.2
2026-02-11,competitive,Asia,watchpoint-gibraltar,Gold,바티스트,SUPPORT,11.0,48.3
2026-02-11,competitive,Asia,watchpoint-gibraltar,Gold,벤데타,DAMAGE,4.2,58.2
2026-02-11,competitive,Asia,watchpoint-gibraltar,Gold,벤처,DAMAGE,5.0,50.8
2026-02-11,competitive,Asia,watchpoint-gibraltar,Gold,브리기테,SUPPORT,3.7,46.7
2026-02-11,competitive,Asia,watchpoint-gibraltar,Gold,소전,DAMAGE,12.7,44.1
2026-02-11,competitive,Asia,watchpoint-gibraltar,Gold,솔저: 76,DAMAGE,25.1,49.3
2026-02-11,competitive,Asia,watchpoint-gibraltar,Gold,솜브라,DAMAGE,3.9,53.2
2026-02-11,competitive,Asia,watchpoint-gibraltar,Gold,시그마,TANK,14.7,53.8
2026-02-11,competitive,Asia,watchpoint-gibraltar,Gold,시메트라,DAMAGE,4.0,50.5
2026-02-11,competitive,Asia,watchpoint-gibraltar,Gold,아나,SUPPORT,56.5,52.6
2026-02-11,competitive,Asia,watchpoint-gibraltar,Gold,안란,DAMAGE,0.0,33.5
2026-02-11,competitive,Asia,watchpoint-gibraltar,Gold,애쉬,DAMAGE,24.2,54.6
2026-02-11,competitive,Asia,watchpoint-gibraltar,Gold,에코,DAMAGE,7.0,54.3
2026-02-11,competitive,Asia,watchpoint-gibraltar,Gold,엠레,DAMAGE,-1.0,-1.0
2026-02-11,competitive,Asia,watchpoint-gibraltar,Gold,오리사,TANK,9.7,44.7
2026-02-11,competitive,Asia,watchpoint-gibraltar,Gold,우양,SUPPORT,14.1,55.1
2026-02-11,competitive,Asia,watchpoint-gibraltar,Gold,위도우메이커,DAMAGE,6.5,50.6
2026-02-11,competitive,Asia,watchpoint-gibraltar,Gold,윈스턴,TANK,17.4,54.0
2026-02-11,competitive,Asia,watchpoint-gibraltar,Gold,일리아리,SUPPORT,14.1,56.8
2026-02-11,competitive,Asia,watchpoint-gibraltar,Gold,자리야,TANK,6.8,48.4
2026-02-11,competitive,Asia,watchpoint-gibraltar,Gold,정커퀸,TANK,2.4,50.4
2026-02-11,competitive,Asia,watchpoint-gibraltar,Gold,정크랫,DAMAGE,5.8,47.3
2026-02-11,competitive,Asia,watchpoint-gibraltar,Gold,제트팩 캣,SUPPORT,-1.0,-1.0
2026-02-11,competitive,Asia,watchpoint-gibraltar,Gold,젠야타,SUPPORT,11.1,50.4
2026-02-11,competitive,Asia,watchpoint-gibraltar,Gold,주노,SUPPORT,10.5,49.5
2026-02-11,competitive,Asia,watchpoint-gibraltar,Gold,캐서디,DAMAGE,20.8,46.0
2026-02-11,competitive,Asia,watchpoint-gibraltar,Gold,키리코,SUPPORT,37.3,48.5
2026-02-11,competitive,Asia,watchpoint-gibraltar,Gold,토르비욘,DAMAGE,3.8,47.1
2026-02-11,competitive,Asia,watchpoint-gibraltar,Gold,트레이서,DAMAGE,4.5,48.7
2026-02-11,competitive,Asia,watchpoint-gibraltar,Gold,파라,DAMAGE,5.0,50.8
2026-02-11,competitive,Asia,watchpoint-gibraltar,Gold,프레야,DAMAGE,6.6,49.9
2026-02-11,competitive,Asia,watchpoint-gibraltar,Gold,한조,DAMAGE,9.3,48.6
2026-02-11,competitive,Asia,watchpoint-gibraltar,Gold,해저드,TANK,3.9,52.3
2026-02-11,competitive,Asia,watchpoint-gibraltar,Platinum,D.Va,TANK,16.4,52.5
2026-02-11,competitive,Asia,watchpoint-gibraltar,Platinum,겐지,DAMAGE,24.0,53.4
2026-02-11,competitive,Asia,watchpoint-gibraltar,Platinum,도미나,TANK,-1.0,-1.0
2026-02-11,competitive,Asia,watchpoint-gibraltar,Platinum,둠피스트,TANK,7.4,53.5
2026-02-11,competitive,Asia,watchpoint-gibraltar,Platinum,라마트라,TANK,2.4,44.9
2026-02-11,competitive,Asia,watchpoint-gibraltar,Platinum,라이프위버,SUPPORT,7.0,44.8
2026-02-11,competitive,Asia,watchpoint-gibraltar,Platinum,라인하르트,TANK,5.2,43.7
2026-02-11,competitive,Asia,watchpoint-gibraltar,Platinum,레킹볼,TANK,4.6,48.5
2026-02-11,competitive,Asia,watchpoint-gibraltar,Platinum,로드호그,TANK,5.8,38.8
2026-02-11,competitive,Asia,watchpoint-gibraltar,Platinum,루시우,SUPPORT,2.5,43.5
2026-02-11,competitive,Asia,watchpoint-gibraltar,Platinum,리퍼,DAMAGE,13.2,48.6
2026-02-11,competitive,Asia,watchpoint-gibraltar,Platinum,마우가,TANK,2.2,44.7
2026-02-11,competitive,Asia,watchpoint-gibraltar,Platinum,메르시,SUPPORT,12.4,49.3
2026-02-11,competitive,Asia,watchpoint-gibraltar,Platinum,메이,DAMAGE,5.6,47.0
2026-02-11,competitive,Asia,watchpoint-gibraltar,Platinum,모이라,SUPPORT,9.2,44.5
2026-02-11,competitive,Asia,watchpoint-gibraltar,Platinum,미즈키,SUPPORT,-1.0,-1.0
2026-02-11,competitive,Asia,watchpoint-gibraltar,Platinum,바스티온,DAMAGE,7.6,47.0
2026-02-11,competitive,Asia,watchpoint-gibraltar,Platinum,바티스트,SUPPORT,11.7,47.5
2026-02-11,competitive,Asia,watchpoint-gibraltar,Platinum,벤데타,DAMAGE,4.2,54.4
2026-02-11,competitive,Asia,watchpoint-gibraltar,Platinum,벤처,DAMAGE,5.1,51.3
2026-02-11,competitive,Asia,watchpoint-gibraltar,Platinum,브리기테,SUPPORT,5.6,47.5
2026-02-11,competitive,Asia,watchpoint-gibraltar,Platinum,소전,DAMAGE,10.9,46.0
2026-02-11,competitive,Asia,watchpoint-gibraltar,Platinum,솔저: 76,DAMAGE,20.7,50.2
2026-02-11,competitive,Asia,watchpoint-gibraltar,Platinum,솜브라,DAMAGE,4.7,48.8
2026-02-11,competitive,Asia,watchpoint-gibraltar,Platinum,시그마,TANK,12.6,53.4
2026-02-11,competitive,Asia,watchpoint-gibraltar,Platinum,시메트라,DAMAGE,4.0,50.1
2026-02-11,competitive,Asia,watchpoint-gibraltar,Platinum,아나,SUPPORT,63.6,52.9
2026-02-11,competitive,Asia,watchpoint-gibraltar,Platinum,안란,DAMAGE,-1.0,-1.0
2026-02-11,competitive,Asia,watchpoint-gibraltar,Platinum,애쉬,DAMAGE,27.4,54.9
2026-02-11,competitive,Asia,watchpoint-gibraltar,Platinum,에코,DAMAGE,8.2,54.9
2026-02-11,competitive,Asia,watchpoint-gibraltar,Platinum,엠레,DAMAGE,-1.0,-1.0
2026-02-11,competitive,Asia,watchpoint-gibraltar,Platinum,오리사,TANK,6.3,41.7
2026-02-11,competitive,Asia,watchpoint-gibraltar,Platinum,우양,SUPPORT,14.4,54.0
2026-02-11,competitive,Asia,watchpoint-gibraltar,Platinum,위도우메이커,DAMAGE,7.0,48.0
2026-02-11,competitive,Asia,watchpoint-gibraltar,Platinum,윈스턴,TANK,24.0,56.2
2026-02-11,competitive,Asia,watchpoint-gibraltar,Platinum,일리아리,SUPPORT,15.8,55.8
2026-02-11,competitive,Asia,watchpoint-gibraltar,Platinum,자리야,TANK,5.9,46.5
2026-02-11,competitive,Asia,watchpoint-gibraltar,Platinum,정커퀸,TANK,2.0,46.3
2026-02-11,competitive,Asia,watchpoint-gibraltar,Platinum,정크랫,DAMAGE,3.9,47.4
2026-02-11,competitive,Asia,watchpoint-gibraltar,Platinum,제트팩 캣,SUPPORT,-1.0,-1.0
2026-02-11,competitive,Asia,watchpoint-gibraltar,Platinum,젠야타,SUPPORT,10.6,49.4
2026-02-11,competitive,Asia,watchpoint-gibraltar,Platinum,주노,SUPPORT,7.2,48.9
2026-02-11,competitive,Asia,watchpoint-gibraltar,Platinum,캐서디,DAMAGE,22.7,45.8
2026-02-11,competitive,Asia,watchpoint-gibraltar,Platinum,키리코,SUPPORT,40.0,48.9
2026-02-11,competitive,Asia,watchpoint-gibraltar,Platinum,토르비욘,DAMAGE,3.6,44.9
2026-02-11,competitive,Asia,watchpoint-gibraltar,Platinum,트레이서,DAMAGE,6.1,49.2
2026-02-11,competitive,Asia,watchpoint-gibraltar,Platinum,파라,DAMAGE,3.9,52.1
2026-02-11,competitive,Asia,watchpoint-gibraltar,Platinum,프레야,DAMAGE,7.0,48.7
2026-02-11,competitive,Asia,watchpoint-gibraltar,Platinum,한조,DAMAGE,10.3,49.4
2026-02-11,competitive,Asia,watchpoint-gibraltar,Platinum,해저드,TANK,5.1,50.4
2026-02-11,competitive,Asia,watchpoint-gibraltar,Diamond,D.Va,TANK,14.2,52.7
2026-02-11,competitive,Asia,watchpoint-gibraltar,Diamond,겐지,DAMAGE,26.3,51.6
2026-02-11,competitive,Asia,watchpoint-gibraltar,Diamond,도미나,TANK,-1.0,-1.0
2026-02-11,competitive,Asia,watchpoint-gibraltar,Diamond,둠피스트,TANK,11.0,49.5
2026-02-11,competitive,Asia,watchpoint-gibraltar,Diamond,라마트라,TANK,1.3,35.6
2026-02-11,competitive,Asia,watchpoint-gibraltar,Diamond,라이프위버,SUPPORT,6.0,38.1
2026-02-11,competitive,Asia,watchpoint-gibraltar,Diamond,라인하르트,TANK,3.8,40.8
2026-02-11,competitive,Asia,watchpoint-gibraltar,Diamond,레킹볼,TANK,5.1,48.2
2026-02-11,competitive,Asia,watchpoint-gibraltar,Diamond,로드호그,TANK,5.4,38.5
2026-02-11,competitive,Asia,watchpoint-gibraltar,Diamond,루시우,SUPPORT,2.0,40.4
2026-02-11,competitive,Asia,watchpoint-gibraltar,Diamond,리퍼,DAMAGE,11.0,51.3
2026-02-11,competitive,Asia,watchpoint-gibraltar,Diamond,마우가,TANK,1.7,42.2
2026-02-11,competitive,Asia,watchpoint-gibraltar,Diamond,메르시,SUPPORT,10.1,47.8
2026-02-11,competitive,Asia,watchpoint-gibraltar,Diamond,메이,DAMAGE,4.3,46.5
2026-02-11,competitive,Asia,watchpoint-gibraltar,Diamond,모이라,SUPPORT,4.3,41.7
2026-02-11,competitive,Asia,watchpoint-gibraltar,Diamond,미즈키,SUPPORT,-1.0,-1.0
2026-02-11,competitive,Asia,watchpoint-gibraltar,Diamond,바스티온,DAMAGE,5.7,48.3
2026-02-11,competitive,Asia,watchpoint-gibraltar,Diamond,바티스트,SUPPORT,11.6,46.5
2026-02-11,competitive,Asia,watchpoint-gibraltar,Diamond,벤데타,DAMAGE,4.2,54.4
2026-02-11,competitive,Asia,watchpoint-gibraltar,Diamond,벤처,DAMAGE,5.0,52.0
2026-02-11,competitive,Asia,watchpoint-gibraltar,Diamond,브리기테,SUPPORT,8.2,49.3
2026-02-11,competitive,Asia,watchpoint-gibraltar,Diamond,소전,DAMAGE,9.7,45.5
2026-02-11,competitive,Asia,watchpoint-gibraltar,Diamond,솔저: 76,DAMAGE,16.1,51.9
2026-02-11,competitive,Asia,watchpoint-gibraltar,Diamond,솜브라,DAMAGE,5.9,48.7
2026-02-11,competitive,Asia,watchpoint-gibraltar,Diamond,시그마,TANK,10.5,50.4
2026-02-11,competitive,Asia,watchpoint-gibraltar,Diamond,시메트라,DAMAGE,3.6,51.4
2026-02-11,competitive,Asia,watchpoint-gibraltar,Diamond,아나,SUPPORT,68.5,54.2
2026-02-11,competitive,Asia,watchpoint-gibraltar,Diamond,안란,DAMAGE,0.0,100.0
2026-02-11,competitive,Asia,watchpoint-gibraltar,Diamond,애쉬,DAMAGE,30.5,54.1
2026-02-11,competitive,Asia,watchpoint-gibraltar,Diamond,에코,DAMAGE,10.5,53.8
2026-02-11,competitive,Asia,watchpoint-gibraltar,Diamond,엠레,DAMAGE,-1.0,-1.0
2026-02-11,competitive,Asia,watchpoint-gibraltar,Diamond,오리사,TANK,3.6,41.2
2026-02-11,competitive,Asia,watchpoint-gibraltar,Diamond,우양,SUPPORT,16.1,53.7
2026-02-11,competitive,Asia,watchpoint-gibraltar,Diamond,위도우메이커,DAMAGE,7.2,47.9
2026-02-11,competitive,Asia,watchpoint-gibraltar,Diamond,윈스턴,TANK,31.4,58.2
2026-02-11,competitive,Asia,watchpoint-gibraltar,Diamond,일리아리,SUPPORT,19.2,57.1
2026-02-11,competitive,Asia,watchpoint-gibraltar,Diamond,자리야,TANK,4.2,45.3
2026-02-11,competitive,Asia,watchpoint-gibraltar,Diamond,정커퀸,TANK,1.4,44.2
2026-02-11,competitive,Asia,watchpoint-gibraltar,Diamond,정크랫,DAMAGE,3.2,48.9
2026-02-11,competitive,Asia,watchpoint-gibraltar,Diamond,제트팩 캣,SUPPORT,-1.0,-1.0
2026-02-11,competitive,Asia,watchpoint-gibraltar,Diamond,젠야타,SUPPORT,10.2,50.4
2026-02-11,competitive,Asia,watchpoint-gibraltar,Diamond,주노,SUPPORT,4.3,50.2
2026-02-11,competitive,Asia,watchpoint-gibraltar,Diamond,캐서디,DAMAGE,21.1,44.0
2026-02-11,competitive,Asia,watchpoint-gibraltar,Diamond,키리코,SUPPORT,39.5,48.0
2026-02-11,competitive,Asia,watchpoint-gibraltar,Diamond,토르비욘,DAMAGE,2.9,40.9
2026-02-11,competitive,Asia,watchpoint-gibraltar,Diamond,트레이서,DAMAGE,9.9,48.7
2026-02-11,competitive,Asia,watchpoint-gibraltar,Diamond,파라,DAMAGE,2.8,50.4
2026-02-11,competitive,Asia,watchpoint-gibraltar,Diamond,프레야,DAMAGE,8.2,51.4
2026-02-11,competitive,Asia,watchpoint-gibraltar,Diamond,한조,DAMAGE,11.7,49.3
2026-02-11,competitive,Asia,watchpoint-gibraltar,Diamond,해저드,TANK,6.3,50.6
2026-02-11,competitive,Asia,watchpoint-gibraltar,Master,D.Va,TANK,9.6,56.4
2026-02-11,competitive,Asia,watchpoint-gibraltar,Master,겐지,DAMAGE,24.5,51.6
2026-02-11,competitive,Asia,watchpoint-gibraltar,Master,도미나,TANK,-1.0,-1.0
2026-02-11,competitive,Asia,watchpoint-gibraltar,Master,둠피스트,TANK,12.0,44.3
2026-02-11,competitive,Asia,watchpoint-gibraltar,Master,라마트라,TANK,0.7,41.5
2026-02-11,competitive,Asia,watchpoint-gibraltar,Master,라이프위버,SUPPORT,4.1,34.6
2026-02-11,competitive,Asia,watchpoint-gibraltar,Master,라인하르트,TANK,3.0,31.2
2026-02-11,competitive,Asia,watchpoint-gibraltar,Master,레킹볼,TANK,5.6,49.5
2026-02-11,competitive,Asia,watchpoint-gibraltar,Master,로드호그,TANK,5.3,35.7
2026-02-11,competitive,Asia,watchpoint-gibraltar,Master,루시우,SUPPORT,1.8,41.0
2026-02-11,competitive,Asia,watchpoint-gibraltar,Master,리퍼,DAMAGE,8.8,51.0
2026-02-11,competitive,Asia,watchpoint-gibraltar,Master,마우가,TANK,1.7,42.7
2026-02-11,competitive,Asia,watchpoint-gibraltar,Master,메르시,SUPPORT,7.7,48.5
2026-02-11,competitive,Asia,watchpoint-gibraltar,Master,메이,DAMAGE,3.4,44.1
2026-02-11,competitive,Asia,watchpoint-gibraltar,Master,모이라,SUPPORT,2.8,41.2
2026-02-11,competitive,Asia,watchpoint-gibraltar,Master,미즈키,SUPPORT,-1.0,-1.0
2026-02-11,competitive,Asia,watchpoint-gibraltar,Master,바스티온,DAMAGE,5.0,47.5
2026-02-11,competitive,Asia,watchpoint-gibraltar,Master,바티스트,SUPPORT,13.0,43.8
2026-02-11,competitive,Asia,watchpoint-gibraltar,Master,벤데타,DAMAGE,4.0,52.9
2026-02-11,competitive,Asia,watchpoint-gibraltar,Master,벤처,DAMAGE,5.2,50.4
2026-02-11,competitive,Asia,watchpoint-gibraltar,Master,브리기테,SUPPORT,11.2,50.2
2026-02-11,competitive,Asia,watchpoint-gibraltar,Master,소전,DAMAGE,8.6,50.0
2026-02-11,competitive,Asia,watchpoint-gibraltar,Master,솔저: 76,DAMAGE,11.1,48.6
2026-02-11,competitive,Asia,watchpoint-gibraltar,Master,솜브라,DAMAGE,6.1,53.3
2026-02-11,competitive,Asia,watchpoint-gibraltar,Master,시그마,TANK,10.2,52.7
2026-02-11,competitive,Asia,watchpoint-gibraltar,Master,시메트라,DAMAGE,3.2,44.1
2026-02-11,competitive,Asia,watchpoint-gibraltar,Master,아나,SUPPORT,69.8,58.2
2026-02-11,competitive,Asia,watchpoint-gibraltar,Master,안란,DAMAGE,-1.0,-1.0
2026-02-11,competitive,Asia,watchpoint-gibraltar,Master,애쉬,DAMAGE,35.3,55.7
2026-02-11,competitive,Asia,watchpoint-gibraltar,Master,에코,DAMAGE,12.2,52.1
2026-02-11,competitive,Asia,watchpoint-gibraltar,Master,엠레,DAMAGE,-1.0,-1.0
2026-02-11,competitive,Asia,watchpoint-gibraltar,Master,오리사,TANK,2.6,48.1
2026-02-11,competitive,Asia,watchpoint-gibraltar,Master,우양,SUPPORT,18.7,50.7
2026-02-11,competitive,Asia,watchpoint-gibraltar,Master,위도우메이커,DAMAGE,7.5,42.8
2026-02-11,competitive,Asia,watchpoint-gibraltar,Master,윈스턴,TANK,36.9,58.5
2026-02-11,competitive,Asia,watchpoint-gibraltar,Master,일리아리,SUPPORT,21.3,60.3
2026-02-11,competitive,Asia,watchpoint-gibraltar,Master,자리야,TANK,3.9,47.6
2026-02-11,competitive,Asia,watchpoint-gibraltar,Master,정커퀸,TANK,1.4,48.3
2026-02-11,competitive,Asia,watchpoint-gibraltar,Master,정크랫,DAMAGE,3.0,43.8
2026-02-11,competitive,Asia,watchpoint-gibraltar,Master,제트팩 캣,SUPPORT,-1.0,-1.0
2026-02-11,competitive,Asia,watchpoint-gibraltar,Master,젠야타,SUPPORT,9.3,48.0
2026-02-11,competitive,Asia,watchpoint-gibraltar,Master,주노,SUPPORT,2.3,42.8
2026-02-11,competitive,Asia,watchpoint-gibraltar,Master,캐서디,DAMAGE,17.6,42.7
2026-02-11,competitive,Asia,watchpoint-gibraltar,Master,키리코,SUPPORT,38.0,47.1
2026-02-11,competitive,Asia,watchpoint-gibraltar,Master,토르비욘,DAMAGE,2.6,38.9
2026-02-11,competitive,Asia,watchpoint-gibraltar,Master,트레이서,DAMAGE,18.0,52.8
2026-02-11,competitive,Asia,watchpoint-gibraltar,Master,파라,DAMAGE,2.7,54.4
2026-02-11,competitive,Asia,watchpoint-gibraltar,Master,프레야,DAMAGE,7.5,49.3
2026-02-11,competitive,Asia,watchpoint-gibraltar,Master,한조,DAMAGE,13.7,49.4
2026-02-11,competitive,Asia,watchpoint-gibraltar,Master,해저드,TANK,7.0,48.8
2026-02-11,competitive,Asia,watchpoint-gibraltar,Grandmaster,D.Va,TANK,8.3,54.1
2026-02-11,competitive,Asia,watchpoint-gibraltar,Grandmaster,겐지,DAMAGE,17.1,51.6
2026-02-11,competitive,Asia,watchpoint-gibraltar,Grandmaster,도미나,TANK,-1.0,-1.0
2026-02-11,competitive,Asia,watchpoint-gibraltar,Grandmaster,둠피스트,TANK,11.2,51.2
2026-02-11,competitive,Asia,watchpoint-gibraltar,Grandmaster,라마트라,TANK,0.4,48.2
2026-02-11,competitive,Asia,watchpoint-gibraltar,Grandmaster,라이프위버,SUPPORT,1.6,15.1
2026-02-11,competitive,Asia,watchpoint-gibraltar,Grandmaster,라인하르트,TANK,3.2,35.6
2026-02-11,competitive,Asia,watchpoint-gibraltar,Grandmaster,레킹볼,TANK,6.4,47.0
2026-02-11,competitive,Asia,watchpoint-gibraltar,Grandmaster,로드호그,TANK,3.2,37.8
2026-02-11,competitive,Asia,watchpoint-gibraltar,Grandmaster,루시우,SUPPORT,1.8,26.8
2026-02-11,competitive,Asia,watchpoint-gibraltar,Grandmaster,리퍼,DAMAGE,5.5,51.4
2026-02-11,competitive,Asia,watchpoint-gibraltar,Grandmaster,마우가,TANK,0.6,29.8
2026-02-11,competitive,Asia,watchpoint-gibraltar,Grandmaster,메르시,SUPPORT,5.2,41.0
2026-02-11,competitive,Asia,watchpoint-gibraltar,Grandmaster,메이,DAMAGE,3.3,48.5
2026-02-11,competitive,Asia,watchpoint-gibraltar,Grandmaster,모이라,SUPPORT,2.3,50.9
2026-02-11,competitive,Asia,watchpoint-gibraltar,Grandmaster,미즈키,SUPPORT,-1.0,-1.0
2026-02-11,competitive,Asia,watchpoint-gibraltar,Grandmaster,바스티온,DAMAGE,3.8,40.4
2026-02-11,competitive,Asia,watchpoint-gibraltar,Grandmaster,바티스트,SUPPORT,12.8,48.6
2026-02-11,competitive,Asia,watchpoint-gibraltar,Grandmaster,벤데타,DAMAGE,4.4,50.6
2026-02-11,competitive,Asia,watchpoint-gibraltar,Grandmaster,벤처,DAMAGE,4.1,55.5
2026-02-11,competitive,Asia,watchpoint-gibraltar,Grandmaster,브리기테,SUPPORT,14.8,43.7
2026-02-11,competitive,Asia,watchpoint-gibraltar,Grandmaster,소전,DAMAGE,6.2,41.2
2026-02-11,competitive,Asia,watchpoint-gibraltar,Grandmaster,솔저: 76,DAMAGE,8.6,46.7
2026-02-11,competitive,Asia,watchpoint-gibraltar,Grandmaster,솜브라,DAMAGE,6.1,53.3
2026-02-11,competitive,Asia,watchpoint-gibraltar,Grandmaster,시그마,TANK,12.4,48.2
2026-02-11,competitive,Asia,watchpoint-gibraltar,Grandmaster,시메트라,DAMAGE,4.8,54.0
2026-02-11,competitive,Asia,watchpoint-gibraltar,Grandmaster,아나,SUPPORT,73.9,55.2
2026-02-11,competitive,Asia,watchpoint-gibraltar,Grandmaster,안란,DAMAGE,-1.0,-1.0
2026-02-11,competitive,Asia,watchpoint-gibraltar,Grandmaster,애쉬,DAMAGE,39.7,59.7
2026-02-11,competitive,Asia,watchpoint-gibraltar,Grandmaster,에코,DAMAGE,11.3,49.9
2026-02-11,competitive,Asia,watchpoint-gibraltar,Grandmaster,엠레,DAMAGE,-1.0,-1.0
2026-02-11,competitive,Asia,watchpoint-gibraltar,Grandmaster,오리사,TANK,1.6,48.2
2026-02-11,competitive,Asia,watchpoint-gibraltar,Grandmaster,우양,SUPPORT,21.3,50.9
2026-02-11,competitive,Asia,watchpoint-gibraltar,Grandmaster,위도우메이커,DAMAGE,9.0,42.1
2026-02-11,competitive,Asia,watchpoint-gibraltar,Grandmaster,윈스턴,TANK,41.1,55.6
2026-02-11,competitive,Asia,watchpoint-gibraltar,Grandmaster,일리아리,SUPPORT,19.9,57.5
2026-02-11,competitive,Asia,watchpoint-gibraltar,Grandmaster,자리야,TANK,4.2,49.2
2026-02-11,competitive,Asia,watchpoint-gibraltar,Grandmaster,정커퀸,TANK,0.8,53.1
2026-02-11,competitive,Asia,watchpoint-gibraltar,Grandmaster,정크랫,DAMAGE,4.3,56.4
2026-02-11,competitive,Asia,watchpoint-gibraltar,Grandmaster,제트팩 캣,SUPPORT,-1.0,-1.0
2026-02-11,competitive,Asia,watchpoint-gibraltar,Grandmaster,젠야타,SUPPORT,8.9,51.0
2026-02-11,competitive,Asia,watchpoint-gibraltar,Grandmaster,주노,SUPPORT,1.4,52.2
2026-02-11,competitive,Asia,watchpoint-gibraltar,Grandmaster,캐서디,DAMAGE,14.2,36.8
2026-02-11,competitive,Asia,watchpoint-gibraltar,Grandmaster,키리코,SUPPORT,36.1,51.9
2026-02-11,competitive,Asia,watchpoint-gibraltar,Grandmaster,토르비욘,DAMAGE,1.8,42.1
2026-02-11,competitive,Asia,watchpoint-gibraltar,Grandmaster,트레이서,DAMAGE,31.0,50.5
2026-02-11,competitive,Asia,watchpoint-gibraltar,Grandmaster,파라,DAMAGE,2.4,55.9
2026-02-11,competitive,Asia,watchpoint-gibraltar,Grandmaster,프레야,DAMAGE,8.5,44.6
2026-02-11,competitive,Asia,watchpoint-gibraltar,Grandmaster,한조,DAMAGE,14.0,52.7
2026-02-11,competitive,Asia,watchpoint-gibraltar,Grandmaster,해저드,TANK,6.6,50.9
2026-02-11,competitive,Asia,dorado,All,D.Va,TANK,13.8,51.7
2026-02-11,competitive,Asia,dorado,All,겐지,DAMAGE,19.7,54.6
2026-02-11,competitive,Asia,dorado,All,도미나,TANK,-1.0,-1.0
2026-02-11,competitive,Asia,dorado,All,둠피스트,TANK,6.5,53.6
2026-02-11,competitive,Asia,dorado,All,라마트라,TANK,4.6,46.5
2026-02-11,competitive,Asia,dorado,All,라이프위버,SUPPORT,6.1,45.0
2026-02-11,competitive,Asia,dorado,All,라인하르트,TANK,7.4,48.2
2026-02-11,competitive,Asia,dorado,All,레킹볼,TANK,4.0,51.5
2026-02-11,competitive,Asia,dorado,All,로드호그,TANK,5.4,40.5
2026-02-11,competitive,Asia,dorado,All,루시우,SUPPORT,4.1,44.6
2026-02-11,competitive,Asia,dorado,All,리퍼,DAMAGE,13.9,50.6
2026-02-11,competitive,Asia,dorado,All,마우가,TANK,2.9,45.5
2026-02-11,competitive,Asia,dorado,All,메르시,SUPPORT,13.2,49.0
2026-02-11,competitive,Asia,dorado,All,메이,DAMAGE,6.9,47.5
2026-02-11,competitive,Asia,dorado,All,모이라,SUPPORT,14.5,44.1
2026-02-11,competitive,Asia,dorado,All,미즈키,SUPPORT,-1.0,-1.0
2026-02-11,competitive,Asia,dorado,All,바스티온,DAMAGE,11.2,47.1
2026-02-11,competitive,Asia,dorado,All,바티스트,SUPPORT,11.1,47.3
2026-02-11,competitive,Asia,dorado,All,벤데타,DAMAGE,4.1,58.3
2026-02-11,competitive,Asia,dorado,All,벤처,DAMAGE,5.5,52.0
2026-02-11,competitive,Asia,dorado,All,브리기테,SUPPORT,4.9,47.9
2026-02-11,competitive,Asia,dorado,All,소전,DAMAGE,13.1,44.9
2026-02-11,competitive,Asia,dorado,All,솔저: 76,DAMAGE,21.4,48.7
2026-02-11,competitive,Asia,dorado,All,솜브라,DAMAGE,3.9,51.1
2026-02-11,competitive,Asia,dorado,All,시그마,TANK,16.1,53.0
2026-02-11,competitive,Asia,dorado,All,시메트라,DAMAGE,4.5,52.7
2026-02-11,competitive,Asia,dorado,All,아나,SUPPORT,56.3,53.4
2026-02-11,competitive,Asia,dorado,All,안란,DAMAGE,0.0,26.3
2026-02-11,competitive,Asia,dorado,All,애쉬,DAMAGE,22.4,53.6
2026-02-11,competitive,Asia,dorado,All,에코,DAMAGE,8.7,53.8
2026-02-11,competitive,Asia,dorado,All,엠레,DAMAGE,-1.0,-1.0
2026-02-11,competitive,Asia,dorado,All,오리사,TANK,9.6,43.5
2026-02-11,competitive,Asia,dorado,All,우양,SUPPORT,16.4,53.9
2026-02-11,competitive,Asia,dorado,All,위도우메이커,DAMAGE,3.9,46.6
2026-02-11,competitive,Asia,dorado,All,윈스턴,TANK,16.9,55.3
2026-02-11,competitive,Asia,dorado,All,일리아리,SUPPORT,16.6,56.5
2026-02-11,competitive,Asia,dorado,All,자리야,TANK,6.5,47.8
2026-02-11,competitive,Asia,dorado,All,정커퀸,TANK,2.6,49.4
2026-02-11,competitive,Asia,dorado,All,정크랫,DAMAGE,7.6,48.2
2026-02-11,competitive,Asia,dorado,All,제트팩 캣,SUPPORT,-1.0,-1.0
2026-02-11,competitive,Asia,dorado,All,젠야타,SUPPORT,11.9,52.0
2026-02-11,competitive,Asia,dorado,All,주노,SUPPORT,9.3,48.2
2026-02-11,competitive,Asia,dorado,All,캐서디,DAMAGE,22.1,46.1
2026-02-11,competitive,Asia,dorado,All,키리코,SUPPORT,35.7,47.8
2026-02-11,competitive,Asia,dorado,All,토르비욘,DAMAGE,4.1,47.4
2026-02-11,competitive,Asia,dorado,All,트레이서,DAMAGE,5.1,49.4
2026-02-11,competitive,Asia,dorado,All,파라,DAMAGE,6.5,52.4
2026-02-11,competitive,Asia,dorado,All,프레야,DAMAGE,6.7,48.5
2026-02-11,competitive,Asia,dorado,All,한조,DAMAGE,8.8,49.5
2026-02-11,competitive,Asia,dorado,All,해저드,TANK,3.9,50.7
2026-02-11,competitive,Asia,dorado,Bronze,D.Va,TANK,12.5,50.1
2026-02-11,competitive,Asia,dorado,Bronze,겐지,DAMAGE,12.0,56.4
2026-02-11,competitive,Asia,dorado,Bronze,도미나,TANK,-1.0,-1.0
2026-02-11,competitive,Asia,dorado,Bronze,둠피스트,TANK,3.2,60.1
2026-02-11,competitive,Asia,dorado,Bronze,라마트라,TANK,8.3,51.8
2026-02-11,competitive,Asia,dorado,Bronze,라이프위버,SUPPORT,5.8,44.7
2026-02-11,competitive,Asia,dorado,Bronze,라인하르트,TANK,9.2,51.0
2026-02-11,competitive,Asia,dorado,Bronze,레킹볼,TANK,3.4,58.0
2026-02-11,competitive,Asia,dorado,Bronze,로드호그,TANK,6.1,43.8
2026-02-11,competitive,Asia,dorado,Bronze,루시우,SUPPORT,7.8,47.8
2026-02-11,competitive,Asia,dorado,Bronze,리퍼,DAMAGE,13.7,54.3
2026-02-11,competitive,Asia,dorado,Bronze,마우가,TANK,4.5,44.7
2026-02-11,competitive,Asia,dorado,Bronze,메르시,SUPPORT,15.2,48.8
2026-02-11,competitive,Asia,dorado,Bronze,메이,DAMAGE,6.9,48.9
2026-02-11,competitive,Asia,dorado,Bronze,모이라,SUPPORT,23.7,46.1
2026-02-11,competitive,Asia,dorado,Bronze,미즈키,SUPPORT,-1.0,-1.0
2026-02-11,competitive,Asia,dorado,Bronze,바스티온,DAMAGE,21.8,46.5
2026-02-11,competitive,Asia,dorado,Bronze,바티스트,SUPPORT,10.0,49.5
2026-02-11,competitive,Asia,dorado,Bronze,벤데타,DAMAGE,3.4,60.0
2026-02-11,competitive,Asia,dorado,Bronze,벤처,DAMAGE,4.9,52.0
2026-02-11,competitive,Asia,dorado,Bronze,브리기테,SUPPORT,2.8,50.2
2026-02-11,competitive,Asia,dorado,Bronze,소전,DAMAGE,19.0,42.4
2026-02-11,competitive,Asia,dorado,Bronze,솔저: 76,DAMAGE,24.9,48.8
2026-02-11,competitive,Asia,dorado,Bronze,솜브라,DAMAGE,2.8,52.1
2026-02-11,competitive,Asia,dorado,Bronze,시그마,TANK,18.8,51.9
2026-02-11,competitive,Asia,dorado,Bronze,시메트라,DAMAGE,4.4,57.1
2026-02-11,competitive,Asia,dorado,Bronze,아나,SUPPORT,35.8,52.4
2026-02-11,competitive,Asia,dorado,Bronze,안란,DAMAGE,-1.0,-1.0
2026-02-11,competitive,Asia,dorado,Bronze,애쉬,DAMAGE,15.7,56.1
2026-02-11,competitive,Asia,dorado,Bronze,에코,DAMAGE,6.0,51.3
2026-02-11,competitive,Asia,dorado,Bronze,엠레,DAMAGE,-1.0,-1.0
2026-02-11,competitive,Asia,dorado,Bronze,오리사,TANK,15.3,43.7
2026-02-11,competitive,Asia,dorado,Bronze,우양,SUPPORT,17.8,50.9
2026-02-11,competitive,Asia,dorado,Bronze,위도우메이커,DAMAGE,3.9,45.8
2026-02-11,competitive,Asia,dorado,Bronze,윈스턴,TANK,8.1,53.1
2026-02-11,competitive,Asia,dorado,Bronze,일리아리,SUPPORT,15.9,54.8
2026-02-11,competitive,Asia,dorado,Bronze,자리야,TANK,4.8,53.4
2026-02-11,competitive,Asia,dorado,Bronze,정커퀸,TANK,2.8,49.9
2026-02-11,competitive,Asia,dorado,Bronze,정크랫,DAMAGE,12.8,46.9
2026-02-11,competitive,Asia,dorado,Bronze,제트팩 캣,SUPPORT,-1.0,-1.0
2026-02-11,competitive,Asia,dorado,Bronze,젠야타,SUPPORT,13.3,54.4
2026-02-11,competitive,Asia,dorado,Bronze,주노,SUPPORT,18.3,47.2
2026-02-11,competitive,Asia,dorado,Bronze,캐서디,DAMAGE,15.8,47.8
2026-02-11,competitive,Asia,dorado,Bronze,키리코,SUPPORT,33.5,49.4
2026-02-11,competitive,Asia,dorado,Bronze,토르비욘,DAMAGE,5.5,49.2
2026-02-11,competitive,Asia,dorado,Bronze,트레이서,DAMAGE,3.4,50.2
2026-02-11,competitive,Asia,dorado,Bronze,파라,DAMAGE,9.6,51.5
2026-02-11,competitive,Asia,dorado,Bronze,프레야,DAMAGE,6.2,49.1
2026-02-11,competitive,Asia,dorado,Bronze,한조,DAMAGE,7.3,49.5
2026-02-11,competitive,Asia,dorado,Bronze,해저드,TANK,2.8,48.3
2026-02-11,competitive,Asia,dorado,Silver,D.Va,TANK,13.7,50.9
2026-02-11,competitive,Asia,dorado,Silver,겐지,DAMAGE,15.4,56.6
2026-02-11,competitive,Asia,dorado,Silver,도미나,TANK,-1.0,-1.0
2026-02-11,competitive,Asia,dorado,Silver,둠피스트,TANK,4.4,54.9
2026-02-11,competitive,Asia,dorado,Silver,라마트라,TANK,6.4,47.9
2026-02-11,competitive,Asia,dorado,Silver,라이프위버,SUPPORT,6.3,47.9
2026-02-11,competitive,Asia,dorado,Silver,라인하르트,TANK,9.0,49.8
2026-02-11,competitive,Asia,dorado,Silver,레킹볼,TANK,3.3,52.1
2026-02-11,competitive,Asia,dorado,Silver,로드호그,TANK,5.3,43.2
2026-02-11,competitive,Asia,dorado,Silver,루시우,SUPPORT,6.4,45.1
2026-02-11,competitive,Asia,dorado,Silver,리퍼,DAMAGE,15.7,50.6
2026-02-11,competitive,Asia,dorado,Silver,마우가,TANK,3.7,45.9
2026-02-11,competitive,Asia,dorado,Silver,메르시,SUPPORT,16.6,47.9
2026-02-11,competitive,Asia,dorado,Silver,메이,DAMAGE,7.9,47.8
2026-02-11,competitive,Asia,dorado,Silver,모이라,SUPPORT,22.0,43.8
2026-02-11,competitive,Asia,dorado,Silver,미즈키,SUPPORT,-1.0,-1.0
2026-02-11,competitive,Asia,dorado,Silver,바스티온,DAMAGE,15.1,47.6
2026-02-11,competitive,Asia,dorado,Silver,바티스트,SUPPORT,10.6,49.3
2026-02-11,competitive,Asia,dorado,Silver,벤데타,DAMAGE,4.1,59.5
2026-02-11,competitive,Asia,dorado,Silver,벤처,DAMAGE,4.8,52.8
2026-02-11,competitive,Asia,dorado,Silver,브리기테,SUPPORT,3.3,49.5
2026-02-11,competitive,Asia,dorado,Silver,소전,DAMAGE,15.2,45.4
2026-02-11,competitive,Asia,dorado,Silver,솔저: 76,DAMAGE,25.7,47.3
2026-02-11,competitive,Asia,dorado,Silver,솜브라,DAMAGE,3.1,53.6
2026-02-11,competitive,Asia,dorado,Silver,시그마,TANK,17.7,52.9
2026-02-11,competitive,Asia,dorado,Silver,시메트라,DAMAGE,4.7,54.2
2026-02-11,competitive,Asia,dorado,Silver,아나,SUPPORT,45.5,54.1
2026-02-11,competitive,Asia,dorado,Silver,안란,DAMAGE,0.0,100.0
2026-02-11,competitive,Asia,dorado,Silver,애쉬,DAMAGE,18.6,53.1
2026-02-11,competitive,Asia,dorado,Silver,에코,DAMAGE,6.5,53.3
2026-02-11,competitive,Asia,dorado,Silver,엠레,DAMAGE,-1.0,-1.0
2026-02-11,competitive,Asia,dorado,Silver,오리사,TANK,13.1,43.8
2026-02-11,competitive,Asia,dorado,Silver,우양,SUPPORT,15.1,54.3
2026-02-11,competitive,Asia,dorado,Silver,위도우메이커,DAMAGE,3.9,46.9
2026-02-11,competitive,Asia,dorado,Silver,윈스턴,TANK,10.7,54.5
2026-02-11,competitive,Asia,dorado,Silver,일리아리,SUPPORT,14.7,55.6
2026-02-11,competitive,Asia,dorado,Silver,자리야,TANK,6.5,50.5
2026-02-11,competitive,Asia,dorado,Silver,정커퀸,TANK,2.9,51.3
2026-02-11,competitive,Asia,dorado,Silver,정크랫,DAMAGE,10.6,47.7
2026-02-11,competitive,Asia,dorado,Silver,제트팩 캣,SUPPORT,-1.0,-1.0
2026-02-11,competitive,Asia,dorado,Silver,젠야타,SUPPORT,11.6,51.2
2026-02-11,competitive,Asia,dorado,Silver,주노,SUPPORT,13.5,48.0
2026-02-11,competitive,Asia,dorado,Silver,캐서디,DAMAGE,18.8,47.3
2026-02-11,competitive,Asia,dorado,Silver,키리코,SUPPORT,34.5,48.7
2026-02-11,competitive,Asia,dorado,Silver,토르비욘,DAMAGE,4.3,46.7
2026-02-11,competitive,Asia,dorado,Silver,트레이서,DAMAGE,3.6,48.9
2026-02-11,competitive,Asia,dorado,Silver,파라,DAMAGE,7.9,51.4
2026-02-11,competitive,Asia,dorado,Silver,프레야,DAMAGE,6.0,49.9
2026-02-11,competitive,Asia,dorado,Silver,한조,DAMAGE,8.0,50.7
2026-02-11,competitive,Asia,dorado,Silver,해저드,TANK,3.2,51.5
2026-02-11,competitive,Asia,dorado,Gold,D.Va,TANK,13.9,51.1
2026-02-11,competitive,Asia,dorado,Gold,겐지,DAMAGE,19.4,54.9
2026-02-11,competitive,Asia,dorado,Gold,도미나,TANK,-1.0,-1.0
2026-02-11,competitive,Asia,dorado,Gold,둠피스트,TANK,5.4,54.7
2026-02-11,competitive,Asia,dorado,Gold,라마트라,TANK,5.1,44.8
2026-02-11,competitive,Asia,dorado,Gold,라이프위버,SUPPORT,6.7,45.3
2026-02-11,competitive,Asia,dorado,Gold,라인하르트,TANK,8.1,49.4
2026-02-11,competitive,Asia,dorado,Gold,레킹볼,TANK,3.6,51.2
2026-02-11,competitive,Asia,dorado,Gold,로드호그,TANK,5.5,41.1
2026-02-11,competitive,Asia,dorado,Gold,루시우,SUPPORT,4.2,44.6
2026-02-11,competitive,Asia,dorado,Gold,리퍼,DAMAGE,15.1,50.0
2026-02-11,competitive,Asia,dorado,Gold,마우가,TANK,2.8,46.1
2026-02-11,competitive,Asia,dorado,Gold,메르시,SUPPORT,14.3,49.3
2026-02-11,competitive,Asia,dorado,Gold,메이,DAMAGE,7.7,45.9
2026-02-11,competitive,Asia,dorado,Gold,모이라,SUPPORT,16.4,43.6
2026-02-11,competitive,Asia,dorado,Gold,미즈키,SUPPORT,-1.0,-1.0
2026-02-11,competitive,Asia,dorado,Gold,바스티온,DAMAGE,11.2,46.8
2026-02-11,competitive,Asia,dorado,Gold,바티스트,SUPPORT,10.9,47.5
2026-02-11,competitive,Asia,dorado,Gold,벤데타,DAMAGE,4.3,59.7
2026-02-11,competitive,Asia,dorado,Gold,벤처,DAMAGE,5.6,52.4
2026-02-11,competitive,Asia,dorado,Gold,브리기테,SUPPORT,4.0,46.7
2026-02-11,competitive,Asia,dorado,Gold,소전,DAMAGE,12.8,44.9
2026-02-11,competitive,Asia,dorado,Gold,솔저: 76,DAMAGE,23.2,48.7
2026-02-11,competitive,Asia,dorado,Gold,솜브라,DAMAGE,3.3,52.8
2026-02-11,competitive,Asia,dorado,Gold,시그마,TANK,16.7,53.8
2026-02-11,competitive,Asia,dorado,Gold,시메트라,DAMAGE,4.7,53.0
2026-02-11,competitive,Asia,dorado,Gold,아나,SUPPORT,55.7,53.2
2026-02-11,competitive,Asia,dorado,Gold,안란,DAMAGE,-1.0,-1.0
2026-02-11,competitive,Asia,dorado,Gold,애쉬,DAMAGE,21.3,53.5
2026-02-11,competitive,Asia,dorado,Gold,에코,DAMAGE,7.4,53.5
2026-02-11,competitive,Asia,dorado,Gold,엠레,DAMAGE,-1.0,-1.0
2026-02-11,competitive,Asia,dorado,Gold,오리사,TANK,10.6,43.5
2026-02-11,competitive,Asia,dorado,Gold,우양,SUPPORT,15.0,54.6
2026-02-11,competitive,Asia,dorado,Gold,위도우메이커,DAMAGE,3.8,47.3
2026-02-11,competitive,Asia,dorado,Gold,윈스턴,TANK,14.6,55.3
2026-02-11,competitive,Asia,dorado,Gold,일리아리,SUPPORT,15.1,57.1
2026-02-11,competitive,Asia,dorado,Gold,자리야,TANK,7.3,47.5
2026-02-11,competitive,Asia,dorado,Gold,정커퀸,TANK,2.9,49.6
2026-02-11,competitive,Asia,dorado,Gold,정크랫,DAMAGE,8.2,49.0
2026-02-11,competitive,Asia,dorado,Gold,제트팩 캣,SUPPORT,-1.0,-1.0
2026-02-11,competitive,Asia,dorado,Gold,젠야타,SUPPORT,11.9,52.8
2026-02-11,competitive,Asia,dorado,Gold,주노,SUPPORT,9.8,47.9
2026-02-11,competitive,Asia,dorado,Gold,캐서디,DAMAGE,22.2,47.3
2026-02-11,competitive,Asia,dorado,Gold,키리코,SUPPORT,36.0,47.8
2026-02-11,competitive,Asia,dorado,Gold,토르비욘,DAMAGE,4.2,47.6
2026-02-11,competitive,Asia,dorado,Gold,트레이서,DAMAGE,3.9,46.5
2026-02-11,competitive,Asia,dorado,Gold,파라,DAMAGE,6.6,51.9
2026-02-11,competitive,Asia,dorado,Gold,프레야,DAMAGE,6.3,48.5
2026-02-11,competitive,Asia,dorado,Gold,한조,DAMAGE,8.8,50.1
2026-02-11,competitive,Asia,dorado,Gold,해저드,TANK,3.6,51.5
2026-02-11,competitive,Asia,dorado,Platinum,D.Va,TANK,14.5,52.9
2026-02-11,competitive,Asia,dorado,Platinum,겐지,DAMAGE,22.8,54.0
2026-02-11,competitive,Asia,dorado,Platinum,도미나,TANK,-1.0,-1.0
2026-02-11,competitive,Asia,dorado,Platinum,둠피스트,TANK,7.4,54.3
2026-02-11,competitive,Asia,dorado,Platinum,라마트라,TANK,3.4,45.5
2026-02-11,competitive,Asia,dorado,Platinum,라이프위버,SUPPORT,6.2,45.1
2026-02-11,competitive,Asia,dorado,Platinum,라인하르트,TANK,6.5,47.2
2026-02-11,competitive,Asia,dorado,Platinum,레킹볼,TANK,4.4,50.8
2026-02-11,competitive,Asia,dorado,Platinum,로드호그,TANK,5.7,39.1
2026-02-11,competitive,Asia,dorado,Platinum,루시우,SUPPORT,2.7,42.7
2026-02-11,competitive,Asia,dorado,Platinum,리퍼,DAMAGE,13.4,50.8
2026-02-11,competitive,Asia,dorado,Platinum,마우가,TANK,2.4,44.8
2026-02-11,competitive,Asia,dorado,Platinum,메르시,SUPPORT,11.7,50.1
2026-02-11,competitive,Asia,dorado,Platinum,메이,DAMAGE,6.5,49.3
2026-02-11,competitive,Asia,dorado,Platinum,모이라,SUPPORT,10.2,45.0
2026-02-11,competitive,Asia,dorado,Platinum,미즈키,SUPPORT,-1.0,-1.0
2026-02-11,competitive,Asia,dorado,Platinum,바스티온,DAMAGE,8.4,47.3
2026-02-11,competitive,Asia,dorado,Platinum,바티스트,SUPPORT,11.2,46.5
2026-02-11,competitive,Asia,dorado,Platinum,벤데타,DAMAGE,4.2,56.4
2026-02-11,competitive,Asia,dorado,Platinum,벤처,DAMAGE,5.8,52.4
2026-02-11,competitive,Asia,dorado,Platinum,브리기테,SUPPORT,5.5,48.0
2026-02-11,competitive,Asia,dorado,Platinum,소전,DAMAGE,11.6,45.4
2026-02-11,competitive,Asia,dorado,Platinum,솔저: 76,DAMAGE,19.5,49.5
2026-02-11,competitive,Asia,dorado,Platinum,솜브라,DAMAGE,4.4,50.0
2026-02-11,competitive,Asia,dorado,Platinum,시그마,TANK,15.1,52.7
2026-02-11,competitive,Asia,dorado,Platinum,시메트라,DAMAGE,4.6,51.0
2026-02-11,competitive,Asia,dorado,Platinum,아나,SUPPORT,63.6,52.3
2026-02-11,competitive,Asia,dorado,Platinum,안란,DAMAGE,0.0,0.0
2026-02-11,competitive,Asia,dorado,Platinum,애쉬,DAMAGE,24.4,53.5
2026-02-11,competitive,Asia,dorado,Platinum,에코,DAMAGE,9.3,54.2
2026-02-11,competitive,Asia,dorado,Platinum,엠레,DAMAGE,-1.0,-1.0
2026-02-11,competitive,Asia,dorado,Platinum,오리사,TANK,7.4,43.0
2026-02-11,competitive,Asia,dorado,Platinum,우양,SUPPORT,16.2,53.9
2026-02-11,competitive,Asia,dorado,Platinum,위도우메이커,DAMAGE,3.9,46.9
2026-02-11,competitive,Asia,dorado,Platinum,윈스턴,TANK,19.8,54.7
2026-02-11,competitive,Asia,dorado,Platinum,일리아리,SUPPORT,17.0,56.2
2026-02-11,competitive,Asia,dorado,Platinum,자리야,TANK,6.6,46.1
2026-02-11,competitive,Asia,dorado,Platinum,정커퀸,TANK,2.4,48.3
2026-02-11,competitive,Asia,dorado,Platinum,정크랫,DAMAGE,5.6,48.3
2026-02-11,competitive,Asia,dorado,Platinum,제트팩 캣,SUPPORT,-1.0,-1.0
2026-02-11,competitive,Asia,dorado,Platinum,젠야타,SUPPORT,12.1,51.8
2026-02-11,competitive,Asia,dorado,Platinum,주노,SUPPORT,6.7,49.5
2026-02-11,competitive,Asia,dorado,Platinum,캐서디,DAMAGE,24.7,44.6
2026-02-11,competitive,Asia,dorado,Platinum,키리코,SUPPORT,36.9,47.3
2026-02-11,competitive,Asia,dorado,Platinum,토르비욘,DAMAGE,3.8,48.3
2026-02-11,competitive,Asia,dorado,Platinum,트레이서,DAMAGE,5.2,48.8
2026-02-11,competitive,Asia,dorado,Platinum,파라,DAMAGE,5.6,53.7
2026-02-11,competitive,Asia,dorado,Platinum,프레야,DAMAGE,7.1,47.2
2026-02-11,competitive,Asia,dorado,Platinum,한조,DAMAGE,9.3,48.7
2026-02-11,competitive,Asia,dorado,Platinum,해저드,TANK,4.4,51.4
2026-02-11,competitive,Asia,dorado,Diamond,D.Va,TANK,13.5,51.9
2026-02-11,competitive,Asia,dorado,Diamond,겐지,DAMAGE,24.9,53.5
2026-02-11,competitive,Asia,dorado,Diamond,도미나,TANK,-1.0,-1.0
2026-02-11,competitive,Asia,dorado,Diamond,둠피스트,TANK,10.9,50.9
2026-02-11,competitive,Asia,dorado,Diamond,라마트라,TANK,2.0,43.6
2026-02-11,competitive,Asia,dorado,Diamond,라이프위버,SUPPORT,5.3,41.7
2026-02-11,competitive,Asia,dorado,Diamond,라인하르트,TANK,5.1,40.9
2026-02-11,competitive,Asia,dorado,Diamond,레킹볼,TANK,4.8,51.6
2026-02-11,competitive,Asia,dorado,Diamond,로드호그,TANK,4.9,36.0
2026-02-11,competitive,Asia,dorado,Diamond,루시우,SUPPORT,2.1,43.2
2026-02-11,competitive,Asia,dorado,Diamond,리퍼,DAMAGE,10.8,49.5
2026-02-11,competitive,Asia,dorado,Diamond,마우가,TANK,2.1,46.3
2026-02-11,competitive,Asia,dorado,Diamond,메르시,SUPPORT,8.7,47.7
2026-02-11,competitive,Asia,dorado,Diamond,메이,DAMAGE,5.1,47.5
2026-02-11,competitive,Asia,dorado,Diamond,모이라,SUPPORT,5.5,41.8
2026-02-11,competitive,Asia,dorado,Diamond,미즈키,SUPPORT,-1.0,-1.0
2026-02-11,competitive,Asia,dorado,Diamond,바스티온,DAMAGE,6.7,46.7
2026-02-11,competitive,Asia,dorado,Diamond,바티스트,SUPPORT,11.8,44.4
2026-02-11,competitive,Asia,dorado,Diamond,벤데타,DAMAGE,4.1,56.6
2026-02-11,competitive,Asia,dorado,Diamond,벤처,DAMAGE,6.0,49.4
2026-02-11,competitive,Asia,dorado,Diamond,브리기테,SUPPORT,8.0,46.8
2026-02-11,competitive,Asia,dorado,Diamond,소전,DAMAGE,11.1,45.3
2026-02-11,competitive,Asia,dorado,Diamond,솔저: 76,DAMAGE,15.4,50.0
2026-02-11,competitive,Asia,dorado,Diamond,솜브라,DAMAGE,5.3,48.4
2026-02-11,competitive,Asia,dorado,Diamond,시그마,TANK,13.2,52.5
2026-02-11,competitive,Asia,dorado,Diamond,시메트라,DAMAGE,3.9,50.8
2026-02-11,competitive,Asia,dorado,Diamond,아나,SUPPORT,67.1,55.1
2026-02-11,competitive,Asia,dorado,Diamond,안란,DAMAGE,0.0,100.0
2026-02-11,competitive,Asia,dorado,Diamond,애쉬,DAMAGE,27.1,53.3
2026-02-11,competitive,Asia,dorado,Diamond,에코,DAMAGE,12.5,54.6
2026-02-11,competitive,Asia,dorado,Diamond,엠레,DAMAGE,-1.0,-1.0
2026-02-11,competitive,Asia,dorado,Diamond,오리사,TANK,4.8,43.2
2026-02-11,competitive,Asia,dorado,Diamond,우양,SUPPORT,19.3,53.2
2026-02-11,competitive,Asia,dorado,Diamond,위도우메이커,DAMAGE,3.7,44.9
2026-02-11,competitive,Asia,dorado,Diamond,윈스턴,TANK,26.0,57.0
2026-02-11,competitive,Asia,dorado,Diamond,일리아리,SUPPORT,20.5,57.6
2026-02-11,competitive,Asia,dorado,Diamond,자리야,TANK,5.7,46.0
2026-02-11,competitive,Asia,dorado,Diamond,정커퀸,TANK,2.1,47.6
2026-02-11,competitive,Asia,dorado,Diamond,정크랫,DAMAGE,4.3,49.1
2026-02-11,competitive,Asia,dorado,Diamond,제트팩 캣,SUPPORT,-1.0,-1.0
2026-02-11,competitive,Asia,dorado,Diamond,젠야타,SUPPORT,11.6,51.2
2026-02-11,competitive,Asia,dorado,Diamond,주노,SUPPORT,3.8,48.8
2026-02-11,competitive,Asia,dorado,Diamond,캐서디,DAMAGE,25.2,45.3
2026-02-11,competitive,Asia,dorado,Diamond,키리코,SUPPORT,36.3,47.2
2026-02-11,competitive,Asia,dorado,Diamond,토르비욘,DAMAGE,3.3,47.2
2026-02-11,competitive,Asia,dorado,Diamond,트레이서,DAMAGE,7.8,51.0
2026-02-11,competitive,Asia,dorado,Diamond,파라,DAMAGE,4.9,53.9
2026-02-11,competitive,Asia,dorado,Diamond,프레야,DAMAGE,7.9,48.6
2026-02-11,competitive,Asia,dorado,Diamond,한조,DAMAGE,10.0,48.6
2026-02-11,competitive,Asia,dorado,Diamond,해저드,TANK,5.0,48.2
2026-02-11,competitive,Asia,dorado,Master,D.Va,TANK,11.0,54.4
2026-02-11,competitive,Asia,dorado,Master,겐지,DAMAGE,21.8,50.1
2026-02-11,competitive,Asia,dorado,Master,도미나,TANK,-1.0,-1.0
2026-02-11,competitive,Asia,dorado,Master,둠피스트,TANK,12.7,49.7
2026-02-11,competitive,Asia,dorado,Master,라마트라,TANK,1.4,39.4
2026-02-11,competitive,Asia,dorado,Master,라이프위버,SUPPORT,4.1,32.5
2026-02-11,competitive,Asia,dorado,Master,라인하르트,TANK,3.9,37.0
2026-02-11,competitive,Asia,dorado,Master,레킹볼,TANK,5.3,49.3
2026-02-11,competitive,Asia,dorado,Master,로드호그,TANK,5.3,37.7
2026-02-11,competitive,Asia,dorado,Master,루시우,SUPPORT,1.9,36.8
2026-02-11,competitive,Asia,dorado,Master,리퍼,DAMAGE,8.3,50.3
2026-02-11,competitive,Asia,dorado,Master,마우가,TANK,1.7,43.0
2026-02-11,competitive,Asia,dorado,Master,메르시,SUPPORT,7.7,49.3
2026-02-11,competitive,Asia,dorado,Master,메이,DAMAGE,3.8,40.3
2026-02-11,competitive,Asia,dorado,Master,모이라,SUPPORT,2.9,39.5
2026-02-11,competitive,Asia,dorado,Master,미즈키,SUPPORT,-1.0,-1.0
2026-02-11,competitive,Asia,dorado,Master,바스티온,DAMAGE,5.2,46.1
2026-02-11,competitive,Asia,dorado,Master,바티스트,SUPPORT,13.4,46.5
2026-02-11,competitive,Asia,dorado,Master,벤데타,DAMAGE,4.1,55.6
2026-02-11,competitive,Asia,dorado,Master,벤처,DAMAGE,5.8,50.1
2026-02-11,competitive,Asia,dorado,Master,브리기테,SUPPORT,9.4,47.9
2026-02-11,competitive,Asia,dorado,Master,소전,DAMAGE,10.2,43.8
2026-02-11,competitive,Asia,dorado,Master,솔저: 76,DAMAGE,12.0,51.5
2026-02-11,competitive,Asia,dorado,Master,솜브라,DAMAGE,5.9,51.0
2026-02-11,competitive,Asia,dorado,Master,시그마,TANK,12.6,51.4
2026-02-11,competitive,Asia,dorado,Master,시메트라,DAMAGE,3.0,52.3
2026-02-11,competitive,Asia,dorado,Master,아나,SUPPORT,67.1,55.2
2026-02-11,competitive,Asia,dorado,Master,안란,DAMAGE,-1.0,-1.0
2026-02-11,competitive,Asia,dorado,Master,애쉬,DAMAGE,32.2,55.9
2026-02-11,competitive,Asia,dorado,Master,에코,DAMAGE,17.5,54.6
2026-02-11,competitive,Asia,dorado,Master,엠레,DAMAGE,-1.0,-1.0
2026-02-11,competitive,Asia,dorado,Master,오리사,TANK,3.8,42.3
2026-02-11,competitive,Asia,dorado,Master,우양,SUPPORT,22.7,54.8
2026-02-11,competitive,Asia,dorado,Master,위도우메이커,DAMAGE,4.4,43.4
2026-02-11,competitive,Asia,dorado,Master,윈스턴,TANK,32.1,58.2
2026-02-11,competitive,Asia,dorado,Master,일리아리,SUPPORT,23.3,57.4
2026-02-11,competitive,Asia,dorado,Master,자리야,TANK,3.8,44.8
2026-02-11,competitive,Asia,dorado,Master,정커퀸,TANK,1.8,43.7
2026-02-11,competitive,Asia,dorado,Master,정크랫,DAMAGE,3.3,47.5
2026-02-11,competitive,Asia,dorado,Master,제트팩 캣,SUPPORT,-1.0,-1.0
2026-02-11,competitive,Asia,dorado,Master,젠야타,SUPPORT,10.8,52.1
2026-02-11,competitive,Asia,dorado,Master,주노,SUPPORT,1.9,46.1
2026-02-11,competitive,Asia,dorado,Master,캐서디,DAMAGE,22.7,43.6
2026-02-11,competitive,Asia,dorado,Master,키리코,SUPPORT,34.8,45.1
2026-02-11,competitive,Asia,dorado,Master,토르비욘,DAMAGE,3.0,36.3
2026-02-11,competitive,Asia,dorado,Master,트레이서,DAMAGE,14.1,53.9
2026-02-11,competitive,Asia,dorado,Master,파라,DAMAGE,4.9,52.7
2026-02-11,competitive,Asia,dorado,Master,프레야,DAMAGE,8.5,49.8
2026-02-11,competitive,Asia,dorado,Master,한조,DAMAGE,9.3,50.1
2026-02-11,competitive,Asia,dorado,Master,해저드,TANK,4.8,48.5
2026-02-11,competitive,Asia,dorado,Grandmaster,D.Va,TANK,10.1,65.7
2026-02-11,competitive,Asia,dorado,Grandmaster,겐지,DAMAGE,15.3,50.3
2026-02-11,competitive,Asia,dorado,Grandmaster,도미나,TANK,-1.0,-1.0
2026-02-11,competitive,Asia,dorado,Grandmaster,둠피스트,TANK,11.2,39.9
2026-02-11,competitive,Asia,dorado,Grandmaster,라마트라,TANK,0.4,19.1
2026-02-11,competitive,Asia,dorado,Grandmaster,라이프위버,SUPPORT,1.7,17.7
2026-02-11,competitive,Asia,dorado,Grandmaster,라인하르트,TANK,3.7,40.4
2026-02-11,competitive,Asia,dorado,Grandmaster,레킹볼,TANK,6.1,43.5
2026-02-11,competitive,Asia,dorado,Grandmaster,로드호그,TANK,3.5,37.7
2026-02-11,competitive,Asia,dorado,Grandmaster,루시우,SUPPORT,2.6,41.5
2026-02-11,competitive,Asia,dorado,Grandmaster,리퍼,DAMAGE,4.8,55.6
2026-02-11,competitive,Asia,dorado,Grandmaster,마우가,TANK,0.8,31.2
2026-02-11,competitive,Asia,dorado,Grandmaster,메르시,SUPPORT,6.2,38.6
2026-02-11,competitive,Asia,dorado,Grandmaster,메이,DAMAGE,4.6,46.4
2026-02-11,competitive,Asia,dorado,Grandmaster,모이라,SUPPORT,1.9,32.5
2026-02-11,competitive,Asia,dorado,Grandmaster,미즈키,SUPPORT,-1.0,-1.0
2026-02-11,competitive,Asia,dorado,Grandmaster,바스티온,DAMAGE,4.1,45.3
2026-02-11,competitive,Asia,dorado,Grandmaster,바티스트,SUPPORT,16.1,48.6
2026-02-11,competitive,Asia,dorado,Grandmaster,벤데타,DAMAGE,4.4,57.1
2026-02-11,competitive,Asia,dorado,Grandmaster,벤처,DAMAGE,5.3,54.7
2026-02-11,competitive,Asia,dorado,Grandmaster,브리기테,SUPPORT,12.6,54.5
2026-02-11,competitive,Asia,dorado,Grandmaster,소전,DAMAGE,7.0,42.5
2026-02-11,competitive,Asia,dorado,Grandmaster,솔저: 76,DAMAGE,8.3,45.5
2026-02-11,competitive,Asia,dorado,Grandmaster,솜브라,DAMAGE,4.3,46.7
2026-02-11,competitive,Asia,dorado,Grandmaster,시그마,TANK,15.9,58.0
2026-02-11,competitive,Asia,dorado,Grandmaster,시메트라,DAMAGE,3.8,50.3
2026-02-11,competitive,Asia,dorado,Grandmaster,아나,SUPPORT,67.2,60.2
2026-02-11,competitive,Asia,dorado,Grandmaster,안란,DAMAGE,-1.0,-1.0
2026-02-11,competitive,Asia,dorado,Grandmaster,애쉬,DAMAGE,38.8,54.9
2026-02-11,competitive,Asia,dorado,Grandmaster,에코,DAMAGE,20.5,50.9
2026-02-11,competitive,Asia,dorado,Grandmaster,엠레,DAMAGE,-1.0,-1.0
2026-02-11,competitive,Asia,dorado,Grandmaster,오리사,TANK,2.3,43.0
2026-02-11,competitive,Asia,dorado,Grandmaster,우양,SUPPORT,26.9,55.0
2026-02-11,competitive,Asia,dorado,Grandmaster,위도우메이커,DAMAGE,6.6,44.1
2026-02-11,competitive,Asia,dorado,Grandmaster,윈스턴,TANK,35.4,53.1
2026-02-11,competitive,Asia,dorado,Grandmaster,일리아리,SUPPORT,24.4,56.6
2026-02-11,competitive,Asia,dorado,Grandmaster,자리야,TANK,5.5,50.9
2026-02-11,competitive,Asia,dorado,Grandmaster,정커퀸,TANK,0.9,53.7
2026-02-11,competitive,Asia,dorado,Grandmaster,정크랫,DAMAGE,4.9,46.9
2026-02-11,competitive,Asia,dorado,Grandmaster,제트팩 캣,SUPPORT,-1.0,-1.0
2026-02-11,competitive,Asia,dorado,Grandmaster,젠야타,SUPPORT,7.2,38.1
2026-02-11,competitive,Asia,dorado,Grandmaster,주노,SUPPORT,1.2,44.5
2026-02-11,competitive,Asia,dorado,Grandmaster,캐서디,DAMAGE,17.1,47.6
2026-02-11,competitive,Asia,dorado,Grandmaster,키리코,SUPPORT,31.8,45.3
2026-02-11,competitive,Asia,dorado,Grandmaster,토르비욘,DAMAGE,1.6,56.1
2026-02-11,competitive,Asia,dorado,Grandmaster,트레이서,DAMAGE,23.5,58.5
2026-02-11,competitive,Asia,dorado,Grandmaster,파라,DAMAGE,4.5,50.5
2026-02-11,competitive,Asia,dorado,Grandmaster,프레야,DAMAGE,9.3,46.5
2026-02-11,competitive,Asia,dorado,Grandmaster,한조,DAMAGE,11.2,38.8
2026-02-11,competitive,Asia,dorado,Grandmaster,해저드,TANK,4.1,52.4
2026-02-11,competitive,Asia,rialto,All,D.Va,TANK,9.4,50.2
2026-02-11,competitive,Asia,rialto,All,겐지,DAMAGE,16.8,52.0
2026-02-11,competitive,Asia,rialto,All,도미나,TANK,-1.0,-1.0
2026-02-11,competitive,Asia,rialto,All,둠피스트,TANK,6.6,51.7
2026-02-11,competitive,Asia,rialto,All,라마트라,TANK,6.0,46.7
2026-02-11,competitive,Asia,rialto,All,라이프위버,SUPPORT,5.8,43.2
2026-02-11,competitive,Asia,rialto,All,라인하르트,TANK,9.1,49.4
2026-02-11,competitive,Asia,rialto,All,레킹볼,TANK,3.4,48.5
2026-02-11,competitive,Asia,rialto,All,로드호그,TANK,5.9,41.5
2026-02-11,competitive,Asia,rialto,All,루시우,SUPPORT,3.8,44.6
2026-02-11,competitive,Asia,rialto,All,리퍼,DAMAGE,9.2,49.4
2026-02-11,competitive,Asia,rialto,All,마우가,TANK,3.0,43.6
2026-02-11,competitive,Asia,rialto,All,메르시,SUPPORT,11.2,47.1
2026-02-11,competitive,Asia,rialto,All,메이,DAMAGE,8.2,51.4
2026-02-11,competitive,Asia,rialto,All,모이라,SUPPORT,12.2,44.4
2026-02-11,competitive,Asia,rialto,All,미즈키,SUPPORT,-1.0,-1.0
2026-02-11,competitive,Asia,rialto,All,바스티온,DAMAGE,12.2,48.4
2026-02-11,competitive,Asia,rialto,All,바티스트,SUPPORT,11.4,47.4
2026-02-11,competitive,Asia,rialto,All,벤데타,DAMAGE,3.5,56.3
2026-02-11,competitive,Asia,rialto,All,벤처,DAMAGE,5.1,52.6
2026-02-11,competitive,Asia,rialto,All,브리기테,SUPPORT,3.4,47.0
2026-02-11,competitive,Asia,rialto,All,소전,DAMAGE,16.0,47.4
2026-02-11,competitive,Asia,rialto,All,솔저: 76,DAMAGE,19.5,48.3
2026-02-11,competitive,Asia,rialto,All,솜브라,DAMAGE,3.9,49.8
2026-02-11,competitive,Asia,rialto,All,시그마,TANK,20.0,56.8
2026-02-11,competitive,Asia,rialto,All,시메트라,DAMAGE,4.0,50.1
2026-02-11,competitive,Asia,rialto,All,아나,SUPPORT,61.5,53.1
2026-02-11,competitive,Asia,rialto,All,안란,DAMAGE,0.0,72.5
2026-02-11,competitive,Asia,rialto,All,애쉬,DAMAGE,25.1,53.8
2026-02-11,competitive,Asia,rialto,All,에코,DAMAGE,7.1,53.1
2026-02-11,competitive,Asia,rialto,All,엠레,DAMAGE,-1.0,-1.0
2026-02-11,competitive,Asia,rialto,All,오리사,TANK,11.2,45.6
2026-02-11,competitive,Asia,rialto,All,우양,SUPPORT,16.9,53.3
2026-02-11,competitive,Asia,rialto,All,위도우메이커,DAMAGE,9.2,51.6
2026-02-11,competitive,Asia,rialto,All,윈스턴,TANK,10.9,51.1
2026-02-11,competitive,Asia,rialto,All,일리아리,SUPPORT,18.0,57.0
2026-02-11,competitive,Asia,rialto,All,자리야,TANK,8.5,52.0
2026-02-11,competitive,Asia,rialto,All,정커퀸,TANK,3.2,49.9
2026-02-11,competitive,Asia,rialto,All,정크랫,DAMAGE,6.6,47.6
2026-02-11,competitive,Asia,rialto,All,제트팩 캣,SUPPORT,-1.0,-1.0
2026-02-11,competitive,Asia,rialto,All,젠야타,SUPPORT,16.4,53.7
2026-02-11,competitive,Asia,rialto,All,주노,SUPPORT,8.5,48.7
2026-02-11,competitive,Asia,rialto,All,캐서디,DAMAGE,18.8,45.1
2026-02-11,competitive,Asia,rialto,All,키리코,SUPPORT,30.8,46.7
2026-02-11,competitive,Asia,rialto,All,토르비욘,DAMAGE,4.4,48.3
2026-02-11,competitive,Asia,rialto,All,트레이서,DAMAGE,5.5,49.7
2026-02-11,competitive,Asia,rialto,All,파라,DAMAGE,6.3,52.7
2026-02-11,competitive,Asia,rialto,All,프레야,DAMAGE,6.7,47.7
2026-02-11,competitive,Asia,rialto,All,한조,DAMAGE,11.8,50.7
2026-02-11,competitive,Asia,rialto,All,해저드,TANK,2.9,50.5
2026-02-11,competitive,Asia,rialto,Bronze,D.Va,TANK,10.3,46.6
2026-02-11,competitive,Asia,rialto,Bronze,겐지,DAMAGE,10.6,53.8
2026-02-11,competitive,Asia,rialto,Bronze,도미나,TANK,-1.0,-1.0
2026-02-11,competitive,Asia,rialto,Bronze,둠피스트,TANK,3.4,57.1
2026-02-11,competitive,Asia,rialto,Bronze,라마트라,TANK,9.0,47.3
2026-02-11,competitive,Asia,rialto,Bronze,라이프위버,SUPPORT,5.5,42.7
2026-02-11,competitive,Asia,rialto,Bronze,라인하르트,TANK,9.6,52.4
2026-02-11,competitive,Asia,rialto,Bronze,레킹볼,TANK,3.1,51.6
2026-02-11,competitive,Asia,rialto,Bronze,로드호그,TANK,7.7,46.3
2026-02-11,competitive,Asia,rialto,Bronze,루시우,SUPPORT,7.6,45.8
2026-02-11,competitive,Asia,rialto,Bronze,리퍼,DAMAGE,10.7,50.2
2026-02-11,competitive,Asia,rialto,Bronze,마우가,TANK,4.2,46.3
2026-02-11,competitive,Asia,rialto,Bronze,메르시,SUPPORT,14.7,46.0
2026-02-11,competitive,Asia,rialto,Bronze,메이,DAMAGE,7.4,54.9
2026-02-11,competitive,Asia,rialto,Bronze,모이라,SUPPORT,21.6,44.8
2026-02-11,competitive,Asia,rialto,Bronze,미즈키,SUPPORT,-1.0,-1.0
2026-02-11,competitive,Asia,rialto,Bronze,바스티온,DAMAGE,22.7,47.8
2026-02-11,competitive,Asia,rialto,Bronze,바티스트,SUPPORT,9.3,48.1
2026-02-11,competitive,Asia,rialto,Bronze,벤데타,DAMAGE,2.9,57.5
2026-02-11,competitive,Asia,rialto,Bronze,벤처,DAMAGE,4.4,50.6
2026-02-11,competitive,Asia,rialto,Bronze,브리기테,SUPPORT,2.4,49.7
2026-02-11,competitive,Asia,rialto,Bronze,소전,DAMAGE,20.4,46.3
2026-02-11,competitive,Asia,rialto,Bronze,솔저: 76,DAMAGE,23.7,47.1
2026-02-11,competitive,Asia,rialto,Bronze,솜브라,DAMAGE,2.9,51.8
2026-02-11,competitive,Asia,rialto,Bronze,시그마,TANK,20.5,55.6
2026-02-11,competitive,Asia,rialto,Bronze,시메트라,DAMAGE,4.3,54.4
2026-02-11,competitive,Asia,rialto,Bronze,아나,SUPPORT,39.0,55.0
2026-02-11,competitive,Asia,rialto,Bronze,안란,DAMAGE,-1.0,-1.0
2026-02-11,competitive,Asia,rialto,Bronze,애쉬,DAMAGE,18.4,52.2
2026-02-11,competitive,Asia,rialto,Bronze,에코,DAMAGE,5.0,49.6
2026-02-11,competitive,Asia,rialto,Bronze,엠레,DAMAGE,-1.0,-1.0
2026-02-11,competitive,Asia,rialto,Bronze,오리사,TANK,16.6,44.9
2026-02-11,competitive,Asia,rialto,Bronze,우양,SUPPORT,17.7,51.8
2026-02-11,competitive,Asia,rialto,Bronze,위도우메이커,DAMAGE,7.4,50.9
2026-02-11,competitive,Asia,rialto,Bronze,윈스턴,TANK,5.5,50.4
2026-02-11,competitive,Asia,rialto,Bronze,일리아리,SUPPORT,17.1,55.3
2026-02-11,competitive,Asia,rialto,Bronze,자리야,TANK,4.9,54.1
2026-02-11,competitive,Asia,rialto,Bronze,정커퀸,TANK,2.9,53.2
2026-02-11,competitive,Asia,rialto,Bronze,정크랫,DAMAGE,11.0,47.1
2026-02-11,competitive,Asia,rialto,Bronze,제트팩 캣,SUPPORT,-1.0,-1.0
2026-02-11,competitive,Asia,rialto,Bronze,젠야타,SUPPORT,14.3,53.9
2026-02-11,competitive,Asia,rialto,Bronze,주노,SUPPORT,19.0,48.4
2026-02-11,competitive,Asia,rialto,Bronze,캐서디,DAMAGE,14.8,47.9
2026-02-11,competitive,Asia,rialto,Bronze,키리코,SUPPORT,31.9,48.6
2026-02-11,competitive,Asia,rialto,Bronze,토르비욘,DAMAGE,5.4,50.2
2026-02-11,competitive,Asia,rialto,Bronze,트레이서,DAMAGE,3.4,53.7
2026-02-11,competitive,Asia,rialto,Bronze,파라,DAMAGE,9.2,53.0
2026-02-11,competitive,Asia,rialto,Bronze,프레야,DAMAGE,6.1,50.3
2026-02-11,competitive,Asia,rialto,Bronze,한조,DAMAGE,9.4,51.2
2026-02-11,competitive,Asia,rialto,Bronze,해저드,TANK,2.4,50.3
2026-02-11,competitive,Asia,rialto,Silver,D.Va,TANK,9.2,47.7
2026-02-11,competitive,Asia,rialto,Silver,겐지,DAMAGE,13.5,53.4
2026-02-11,competitive,Asia,rialto,Silver,도미나,TANK,-1.0,-1.0
2026-02-11,competitive,Asia,rialto,Silver,둠피스트,TANK,4.4,52.6
2026-02-11,competitive,Asia,rialto,Silver,라마트라,TANK,7.9,48.3
2026-02-11,competitive,Asia,rialto,Silver,라이프위버,SUPPORT,6.3,43.9
2026-02-11,competitive,Asia,rialto,Silver,라인하르트,TANK,10.3,50.7
2026-02-11,competitive,Asia,rialto,Silver,레킹볼,TANK,3.0,50.4
2026-02-11,competitive,Asia,rialto,Silver,로드호그,TANK,6.2,44.5
2026-02-11,competitive,Asia,rialto,Silver,루시우,SUPPORT,6.5,46.0
2026-02-11,competitive,Asia,rialto,Silver,리퍼,DAMAGE,11.5,49.2
2026-02-11,competitive,Asia,rialto,Silver,마우가,TANK,3.8,44.3
2026-02-11,competitive,Asia,rialto,Silver,메르시,SUPPORT,14.9,46.3
2026-02-11,competitive,Asia,rialto,Silver,메이,DAMAGE,8.6,51.2
2026-02-11,competitive,Asia,rialto,Silver,모이라,SUPPORT,19.4,45.8
2026-02-11,competitive,Asia,rialto,Silver,미즈키,SUPPORT,-1.0,-1.0
2026-02-11,competitive,Asia,rialto,Silver,바스티온,DAMAGE,16.9,48.4
2026-02-11,competitive,Asia,rialto,Silver,바티스트,SUPPORT,10.3,46.9
2026-02-11,competitive,Asia,rialto,Silver,벤데타,DAMAGE,3.6,57.7
2026-02-11,competitive,Asia,rialto,Silver,벤처,DAMAGE,4.7,51.1
2026-02-11,competitive,Asia,rialto,Silver,브리기테,SUPPORT,2.8,47.5
2026-02-11,competitive,Asia,rialto,Silver,소전,DAMAGE,17.0,46.9
2026-02-11,competitive,Asia,rialto,Silver,솔저: 76,DAMAGE,24.4,48.0
2026-02-11,competitive,Asia,rialto,Silver,솜브라,DAMAGE,2.8,51.7
2026-02-11,competitive,Asia,rialto,Silver,시그마,TANK,20.5,55.9
2026-02-11,competitive,Asia,rialto,Silver,시메트라,DAMAGE,4.3,52.8
2026-02-11,competitive,Asia,rialto,Silver,아나,SUPPORT,50.5,52.4
2026-02-11,competitive,Asia,rialto,Silver,안란,DAMAGE,0.0,100.0
2026-02-11,competitive,Asia,rialto,Silver,애쉬,DAMAGE,21.2,53.7
2026-02-11,competitive,Asia,rialto,Silver,에코,DAMAGE,5.3,51.5
2026-02-11,competitive,Asia,rialto,Silver,엠레,DAMAGE,-1.0,-1.0
2026-02-11,competitive,Asia,rialto,Silver,오리사,TANK,14.6,45.3
2026-02-11,competitive,Asia,rialto,Silver,우양,SUPPORT,15.2,53.9
2026-02-11,competitive,Asia,rialto,Silver,위도우메이커,DAMAGE,7.7,52.6
2026-02-11,competitive,Asia,rialto,Silver,윈스턴,TANK,6.8,50.9
2026-02-11,competitive,Asia,rialto,Silver,일리아리,SUPPORT,16.0,57.5
2026-02-11,competitive,Asia,rialto,Silver,자리야,TANK,7.4,53.9
2026-02-11,competitive,Asia,rialto,Silver,정커퀸,TANK,3.4,52.2
2026-02-11,competitive,Asia,rialto,Silver,정크랫,DAMAGE,9.9,46.7
2026-02-11,competitive,Asia,rialto,Silver,제트팩 캣,SUPPORT,-1.0,-1.0
2026-02-11,competitive,Asia,rialto,Silver,젠야타,SUPPORT,13.8,54.4
2026-02-11,competitive,Asia,rialto,Silver,주노,SUPPORT,13.0,47.5
2026-02-11,competitive,Asia,rialto,Silver,캐서디,DAMAGE,16.7,46.8
2026-02-11,competitive,Asia,rialto,Silver,키리코,SUPPORT,31.4,48.9
2026-02-11,competitive,Asia,rialto,Silver,토르비욘,DAMAGE,4.7,48.9
2026-02-11,competitive,Asia,rialto,Silver,트레이서,DAMAGE,3.7,51.2
2026-02-11,competitive,Asia,rialto,Silver,파라,DAMAGE,7.1,52.8
2026-02-11,competitive,Asia,rialto,Silver,프레야,DAMAGE,6.0,47.9
2026-02-11,competitive,Asia,rialto,Silver,한조,DAMAGE,10.0,50.2
2026-02-11,competitive,Asia,rialto,Silver,해저드,TANK,2.4,49.5
2026-02-11,competitive,Asia,rialto,Gold,D.Va,TANK,9.0,51.0
2026-02-11,competitive,Asia,rialto,Gold,겐지,DAMAGE,16.2,52.1
2026-02-11,competitive,Asia,rialto,Gold,도미나,TANK,-1.0,-1.0
2026-02-11,competitive,Asia,rialto,Gold,둠피스트,TANK,5.1,52.4
2026-02-11,competitive,Asia,rialto,Gold,라마트라,TANK,6.6,45.8
2026-02-11,competitive,Asia,rialto,Gold,라이프위버,SUPPORT,6.5,45.0
2026-02-11,competitive,Asia,rialto,Gold,라인하르트,TANK,10.2,50.6
2026-02-11,competitive,Asia,rialto,Gold,레킹볼,TANK,3.2,49.9
2026-02-11,competitive,Asia,rialto,Gold,로드호그,TANK,6.3,42.8
2026-02-11,competitive,Asia,rialto,Gold,루시우,SUPPORT,4.1,45.3
2026-02-11,competitive,Asia,rialto,Gold,리퍼,DAMAGE,10.2,49.9
2026-02-11,competitive,Asia,rialto,Gold,마우가,TANK,3.2,42.7
2026-02-11,competitive,Asia,rialto,Gold,메르시,SUPPORT,12.4,47.6
2026-02-11,competitive,Asia,rialto,Gold,메이,DAMAGE,9.2,50.9
2026-02-11,competitive,Asia,rialto,Gold,모이라,SUPPORT,14.8,45.0
2026-02-11,competitive,Asia,rialto,Gold,미즈키,SUPPORT,-1.0,-1.0
2026-02-11,competitive,Asia,rialto,Gold,바스티온,DAMAGE,13.4,48.6
2026-02-11,competitive,Asia,rialto,Gold,바티스트,SUPPORT,10.8,48.0
2026-02-11,competitive,Asia,rialto,Gold,벤데타,DAMAGE,3.6,56.9
2026-02-11,competitive,Asia,rialto,Gold,벤처,DAMAGE,5.0,53.2
2026-02-11,competitive,Asia,rialto,Gold,브리기테,SUPPORT,2.9,46.7
2026-02-11,competitive,Asia,rialto,Gold,소전,DAMAGE,15.5,47.2
2026-02-11,competitive,Asia,rialto,Gold,솔저: 76,DAMAGE,21.7,47.8
2026-02-11,competitive,Asia,rialto,Gold,솜브라,DAMAGE,3.2,50.3
2026-02-11,competitive,Asia,rialto,Gold,시그마,TANK,20.0,56.7
2026-02-11,competitive,Asia,rialto,Gold,시메트라,DAMAGE,4.1,49.2
2026-02-11,competitive,Asia,rialto,Gold,아나,SUPPORT,60.2,52.0
2026-02-11,competitive,Asia,rialto,Gold,안란,DAMAGE,0.0,0.0
2026-02-11,competitive,Asia,rialto,Gold,애쉬,DAMAGE,24.5,54.0
2026-02-11,competitive,Asia,rialto,Gold,에코,DAMAGE,5.7,52.1
2026-02-11,competitive,Asia,rialto,Gold,엠레,DAMAGE,-1.0,-1.0
2026-02-11,competitive,Asia,rialto,Gold,오리사,TANK,12.6,45.6
2026-02-11,competitive,Asia,rialto,Gold,우양,SUPPORT,15.2,53.3
2026-02-11,competitive,Asia,rialto,Gold,위도우메이커,DAMAGE,8.4,52.7
2026-02-11,competitive,Asia,rialto,Gold,윈스턴,TANK,8.9,49.2
2026-02-11,competitive,Asia,rialto,Gold,일리아리,SUPPORT,16.2,55.7
2026-02-11,competitive,Asia,rialto,Gold,자리야,TANK,8.9,52.5
2026-02-11,competitive,Asia,rialto,Gold,정커퀸,TANK,3.4,50.3
2026-02-11,competitive,Asia,rialto,Gold,정크랫,DAMAGE,7.5,47.4
2026-02-11,competitive,Asia,rialto,Gold,제트팩 캣,SUPPORT,-1.0,-1.0
2026-02-11,competitive,Asia,rialto,Gold,젠야타,SUPPORT,15.5,54.1
2026-02-11,competitive,Asia,rialto,Gold,주노,SUPPORT,9.5,49.7
2026-02-11,competitive,Asia,rialto,Gold,캐서디,DAMAGE,19.0,45.8
2026-02-11,competitive,Asia,rialto,Gold,키리코,SUPPORT,31.8,47.7
2026-02-11,competitive,Asia,rialto,Gold,토르비욘,DAMAGE,4.7,50.3
2026-02-11,competitive,Asia,rialto,Gold,트레이서,DAMAGE,4.1,48.3
2026-02-11,competitive,Asia,rialto,Gold,파라,DAMAGE,6.2,51.4
2026-02-11,competitive,Asia,rialto,Gold,프레야,DAMAGE,6.2,47.9
2026-02-11,competitive,Asia,rialto,Gold,한조,DAMAGE,11.6,51.3
2026-02-11,competitive,Asia,rialto,Gold,해저드,TANK,2.6,50.9
2026-02-11,competitive,Asia,rialto,Platinum,D.Va,TANK,9.5,51.0
2026-02-11,competitive,Asia,rialto,Platinum,겐지,DAMAGE,18.6,51.9
2026-02-11,competitive,Asia,rialto,Platinum,도미나,TANK,-1.0,-1.0
2026-02-11,competitive,Asia,rialto,Platinum,둠피스트,TANK,7.1,52.1
2026-02-11,competitive,Asia,rialto,Platinum,라마트라,TANK,5.4,46.7
2026-02-11,competitive,Asia,rialto,Platinum,라이프위버,SUPPORT,5.8,43.2
2026-02-11,competitive,Asia,rialto,Platinum,라인하르트,TANK,8.7,48.4
2026-02-11,competitive,Asia,rialto,Platinum,레킹볼,TANK,3.4,47.4
2026-02-11,competitive,Asia,rialto,Platinum,로드호그,TANK,5.7,39.5
2026-02-11,competitive,Asia,rialto,Platinum,루시우,SUPPORT,2.5,43.5
2026-02-11,competitive,Asia,rialto,Platinum,리퍼,DAMAGE,8.5,49.1
2026-02-11,competitive,Asia,rialto,Platinum,마우가,TANK,2.6,43.5
2026-02-11,competitive,Asia,rialto,Platinum,메르시,SUPPORT,9.8,47.7
2026-02-11,competitive,Asia,rialto,Platinum,메이,DAMAGE,8.5,51.6
2026-02-11,competitive,Asia,rialto,Platinum,모이라,SUPPORT,8.9,43.3
2026-02-11,competitive,Asia,rialto,Platinum,미즈키,SUPPORT,-1.0,-1.0
2026-02-11,competitive,Asia,rialto,Platinum,바스티온,DAMAGE,9.9,48.2
2026-02-11,competitive,Asia,rialto,Platinum,바티스트,SUPPORT,11.6,46.2
2026-02-11,competitive,Asia,rialto,Platinum,벤데타,DAMAGE,3.6,56.7
2026-02-11,competitive,Asia,rialto,Platinum,벤처,DAMAGE,5.2,52.5
2026-02-11,competitive,Asia,rialto,Platinum,브리기테,SUPPORT,3.5,45.9
2026-02-11,competitive,Asia,rialto,Platinum,소전,DAMAGE,15.3,47.3
2026-02-11,competitive,Asia,rialto,Platinum,솔저: 76,DAMAGE,18.0,48.8
2026-02-11,competitive,Asia,rialto,Platinum,솜브라,DAMAGE,4.2,50.4
2026-02-11,competitive,Asia,rialto,Platinum,시그마,TANK,20.0,57.5
2026-02-11,competitive,Asia,rialto,Platinum,시메트라,DAMAGE,4.2,49.7
2026-02-11,competitive,Asia,rialto,Platinum,아나,SUPPORT,67.7,53.4
2026-02-11,competitive,Asia,rialto,Platinum,안란,DAMAGE,0.0,80.1
2026-02-11,competitive,Asia,rialto,Platinum,애쉬,DAMAGE,27.3,53.7
2026-02-11,competitive,Asia,rialto,Platinum,에코,DAMAGE,7.0,52.6
2026-02-11,competitive,Asia,rialto,Platinum,엠레,DAMAGE,-1.0,-1.0
2026-02-11,competitive,Asia,rialto,Platinum,오리사,TANK,9.9,46.0
2026-02-11,competitive,Asia,rialto,Platinum,우양,SUPPORT,16.8,53.5
2026-02-11,competitive,Asia,rialto,Platinum,위도우메이커,DAMAGE,9.8,51.5
2026-02-11,competitive,Asia,rialto,Platinum,윈스턴,TANK,12.0,51.0
2026-02-11,competitive,Asia,rialto,Platinum,일리아리,SUPPORT,18.4,57.5
2026-02-11,competitive,Asia,rialto,Platinum,자리야,TANK,9.4,51.3
2026-02-11,competitive,Asia,rialto,Platinum,정커퀸,TANK,3.2,48.5
2026-02-11,competitive,Asia,rialto,Platinum,정크랫,DAMAGE,5.0,48.0
2026-02-11,competitive,Asia,rialto,Platinum,제트팩 캣,SUPPORT,-1.0,-1.0
2026-02-11,competitive,Asia,rialto,Platinum,젠야타,SUPPORT,17.6,53.7
2026-02-11,competitive,Asia,rialto,Platinum,주노,SUPPORT,6.4,50.1
2026-02-11,competitive,Asia,rialto,Platinum,캐서디,DAMAGE,20.2,44.5
2026-02-11,competitive,Asia,rialto,Platinum,키리코,SUPPORT,30.9,45.6
2026-02-11,competitive,Asia,rialto,Platinum,토르비욘,DAMAGE,4.3,47.6
2026-02-11,competitive,Asia,rialto,Platinum,트레이서,DAMAGE,5.4,48.9
2026-02-11,competitive,Asia,rialto,Platinum,파라,DAMAGE,5.7,53.3
2026-02-11,competitive,Asia,rialto,Platinum,프레야,DAMAGE,6.8,47.4
2026-02-11,competitive,Asia,rialto,Platinum,한조,DAMAGE,12.6,51.2
2026-02-11,competitive,Asia,rialto,Platinum,해저드,TANK,3.1,50.2
2026-02-11,competitive,Asia,rialto,Diamond,D.Va,TANK,9.9,51.5
2026-02-11,competitive,Asia,rialto,Diamond,겐지,DAMAGE,20.2,51.1
2026-02-11,competitive,Asia,rialto,Diamond,도미나,TANK,-1.0,-1.0
2026-02-11,competitive,Asia,rialto,Diamond,둠피스트,TANK,10.4,50.6
2026-02-11,competitive,Asia,rialto,Diamond,라마트라,TANK,4.1,46.6
2026-02-11,competitive,Asia,rialto,Diamond,라이프위버,SUPPORT,4.9,40.5
2026-02-11,competitive,Asia,rialto,Diamond,라인하르트,TANK,7.4,46.5
2026-02-11,competitive,Asia,rialto,Diamond,레킹볼,TANK,3.8,46.0
2026-02-11,competitive,Asia,rialto,Diamond,로드호그,TANK,5.1,37.1
2026-02-11,competitive,Asia,rialto,Diamond,루시우,SUPPORT,2.0,41.0
2026-02-11,competitive,Asia,rialto,Diamond,리퍼,DAMAGE,6.6,48.9
2026-02-11,competitive,Asia,rialto,Diamond,마우가,TANK,2.1,40.8
2026-02-11,competitive,Asia,rialto,Diamond,메르시,SUPPORT,7.5,46.9
2026-02-11,competitive,Asia,rialto,Diamond,메이,DAMAGE,6.7,50.6
2026-02-11,competitive,Asia,rialto,Diamond,모이라,SUPPORT,4.9,40.6
2026-02-11,competitive,Asia,rialto,Diamond,미즈키,SUPPORT,-1.0,-1.0
2026-02-11,competitive,Asia,rialto,Diamond,바스티온,DAMAGE,7.6,49.6
2026-02-11,competitive,Asia,rialto,Diamond,바티스트,SUPPORT,12.6,48.3
2026-02-11,competitive,Asia,rialto,Diamond,벤데타,DAMAGE,3.4,54.0
2026-02-11,competitive,Asia,rialto,Diamond,벤처,DAMAGE,5.8,52.9
2026-02-11,competitive,Asia,rialto,Diamond,브리기테,SUPPORT,4.4,47.4
2026-02-11,competitive,Asia,rialto,Diamond,소전,DAMAGE,15.4,48.5
2026-02-11,competitive,Asia,rialto,Diamond,솔저: 76,DAMAGE,14.2,50.0
2026-02-11,competitive,Asia,rialto,Diamond,솜브라,DAMAGE,5.6,47.8
2026-02-11,competitive,Asia,rialto,Diamond,시그마,TANK,19.0,57.3
2026-02-11,competitive,Asia,rialto,Diamond,시메트라,DAMAGE,3.4,49.0
2026-02-11,competitive,Asia,rialto,Diamond,아나,SUPPORT,70.6,55.0
2026-02-11,competitive,Asia,rialto,Diamond,안란,DAMAGE,0.0,0.0
2026-02-11,competitive,Asia,rialto,Diamond,애쉬,DAMAGE,28.1,53.5
2026-02-11,competitive,Asia,rialto,Diamond,에코,DAMAGE,10.1,56.5
2026-02-11,competitive,Asia,rialto,Diamond,엠레,DAMAGE,-1.0,-1.0
2026-02-11,competitive,Asia,rialto,Diamond,오리사,TANK,7.2,46.3
2026-02-11,competitive,Asia,rialto,Diamond,우양,SUPPORT,19.6,52.6
2026-02-11,competitive,Asia,rialto,Diamond,위도우메이커,DAMAGE,10.9,50.8
2026-02-11,competitive,Asia,rialto,Diamond,윈스턴,TANK,15.9,52.6
2026-02-11,competitive,Asia,rialto,Diamond,일리아리,SUPPORT,21.6,57.9
2026-02-11,competitive,Asia,rialto,Diamond,자리야,TANK,8.7,50.0
2026-02-11,competitive,Asia,rialto,Diamond,정커퀸,TANK,2.8,48.8
2026-02-11,competitive,Asia,rialto,Diamond,정크랫,DAMAGE,3.7,50.7
2026-02-11,competitive,Asia,rialto,Diamond,제트팩 캣,SUPPORT,-1.0,-1.0
2026-02-11,competitive,Asia,rialto,Diamond,젠야타,SUPPORT,19.6,52.9
2026-02-11,competitive,Asia,rialto,Diamond,주노,SUPPORT,3.6,45.3
2026-02-11,competitive,Asia,rialto,Diamond,캐서디,DAMAGE,20.1,43.3
2026-02-11,competitive,Asia,rialto,Diamond,키리코,SUPPORT,28.6,44.2
2026-02-11,competitive,Asia,rialto,Diamond,토르비욘,DAMAGE,3.7,45.2
2026-02-11,competitive,Asia,rialto,Diamond,트레이서,DAMAGE,8.3,49.3
2026-02-11,competitive,Asia,rialto,Diamond,파라,DAMAGE,5.4,53.8
2026-02-11,competitive,Asia,rialto,Diamond,프레야,DAMAGE,7.9,46.5
2026-02-11,competitive,Asia,rialto,Diamond,한조,DAMAGE,12.9,49.3
2026-02-11,competitive,Asia,rialto,Diamond,해저드,TANK,3.6,52.2
2026-02-11,competitive,Asia,rialto,Master,D.Va,TANK,9.2,51.4
2026-02-11,competitive,Asia,rialto,Master,겐지,DAMAGE,19.6,48.9
2026-02-11,competitive,Asia,rialto,Master,도미나,TANK,-1.0,-1.0
2026-02-11,competitive,Asia,rialto,Master,둠피스트,TANK,12.4,49.2
2026-02-11,competitive,Asia,rialto,Master,라마트라,TANK,2.8,42.7
2026-02-11,competitive,Asia,rialto,Master,라이프위버,SUPPORT,3.8,33.8
2026-02-11,competitive,Asia,rialto,Master,라인하르트,TANK,5.6,46.9
2026-02-11,competitive,Asia,rialto,Master,레킹볼,TANK,4.1,47.2
2026-02-11,competitive,Asia,rialto,Master,로드호그,TANK,4.8,37.0
2026-02-11,competitive,Asia,rialto,Master,루시우,SUPPORT,1.6,35.6
2026-02-11,competitive,Asia,rialto,Master,리퍼,DAMAGE,5.6,49.6
2026-02-11,competitive,Asia,rialto,Master,마우가,TANK,1.9,51.1
2026-02-11,competitive,Asia,rialto,Master,메르시,SUPPORT,6.4,46.4
2026-02-11,competitive,Asia,rialto,Master,메이,DAMAGE,4.9,55.6
2026-02-11,competitive,Asia,rialto,Master,모이라,SUPPORT,3.2,36.8
2026-02-11,competitive,Asia,rialto,Master,미즈키,SUPPORT,-1.0,-1.0
2026-02-11,competitive,Asia,rialto,Master,바스티온,DAMAGE,5.5,45.9
2026-02-11,competitive,Asia,rialto,Master,바티스트,SUPPORT,14.6,47.9
2026-02-11,competitive,Asia,rialto,Master,벤데타,DAMAGE,3.1,49.6
2026-02-11,competitive,Asia,rialto,Master,벤처,DAMAGE,5.8,56.4
2026-02-11,competitive,Asia,rialto,Master,브리기테,SUPPORT,5.9,46.4
2026-02-11,competitive,Asia,rialto,Master,소전,DAMAGE,16.5,49.8
2026-02-11,competitive,Asia,rialto,Master,솔저: 76,DAMAGE,10.8,48.2
2026-02-11,competitive,Asia,rialto,Master,솜브라,DAMAGE,6.5,47.9
2026-02-11,competitive,Asia,rialto,Master,시그마,TANK,18.9,56.5
2026-02-11,competitive,Asia,rialto,Master,시메트라,DAMAGE,3.0,43.5
2026-02-11,competitive,Asia,rialto,Master,아나,SUPPORT,68.1,54.1
2026-02-11,competitive,Asia,rialto,Master,안란,DAMAGE,0.0,-1.0
2026-02-11,competitive,Asia,rialto,Master,애쉬,DAMAGE,28.0,56.3
2026-02-11,competitive,Asia,rialto,Master,에코,DAMAGE,14.9,53.7
2026-02-11,competitive,Asia,rialto,Master,엠레,DAMAGE,-1.0,-1.0
2026-02-11,competitive,Asia,rialto,Master,오리사,TANK,5.8,44.9
2026-02-11,competitive,Asia,rialto,Master,우양,SUPPORT,24.9,54.2
2026-02-11,competitive,Asia,rialto,Master,위도우메이커,DAMAGE,12.3,47.9
2026-02-11,competitive,Asia,rialto,Master,윈스턴,TANK,20.5,54.4
2026-02-11,competitive,Asia,rialto,Master,일리아리,SUPPORT,23.7,59.3
2026-02-11,competitive,Asia,rialto,Master,자리야,TANK,7.7,50.6
2026-02-11,competitive,Asia,rialto,Master,정커퀸,TANK,2.6,45.8
2026-02-11,competitive,Asia,rialto,Master,정크랫,DAMAGE,2.9,45.6
2026-02-11,competitive,Asia,rialto,Master,제트팩 캣,SUPPORT,-1.0,-1.0
2026-02-11,competitive,Asia,rialto,Master,젠야타,SUPPORT,17.5,52.3
2026-02-11,competitive,Asia,rialto,Master,주노,SUPPORT,2.3,41.5
2026-02-11,competitive,Asia,rialto,Master,캐서디,DAMAGE,17.2,42.2
2026-02-11,competitive,Asia,rialto,Master,키리코,SUPPORT,28.0,44.5
2026-02-11,competitive,Asia,rialto,Master,토르비욘,DAMAGE,3.0,40.4
2026-02-11,competitive,Asia,rialto,Master,트레이서,DAMAGE,13.3,53.0
2026-02-11,competitive,Asia,rialto,Master,파라,DAMAGE,6.3,52.8
2026-02-11,competitive,Asia,rialto,Master,프레야,DAMAGE,8.3,47.7
2026-02-11,competitive,Asia,rialto,Master,한조,DAMAGE,12.7,49.3
2026-02-11,competitive,Asia,rialto,Master,해저드,TANK,3.8,46.9
2026-02-11,competitive,Asia,rialto,Grandmaster,D.Va,TANK,11.9,54.8
2026-02-11,competitive,Asia,rialto,Grandmaster,겐지,DAMAGE,12.9,52.7
2026-02-11,competitive,Asia,rialto,Grandmaster,도미나,TANK,-1.0,-1.0
2026-02-11,competitive,Asia,rialto,Grandmaster,둠피스트,TANK,10.7,44.4
2026-02-11,competitive,Asia,rialto,Grandmaster,라마트라,TANK,1.4,32.3
2026-02-11,competitive,Asia,rialto,Grandmaster,라이프위버,SUPPORT,1.9,24.4
2026-02-11,competitive,Asia,rialto,Grandmaster,라인하르트,TANK,4.9,35.0
2026-02-11,competitive,Asia,rialto,Grandmaster,레킹볼,TANK,4.9,43.6
2026-02-11,competitive,Asia,rialto,Grandmaster,로드호그,TANK,3.0,25.6
2026-02-11,competitive,Asia,rialto,Grandmaster,루시우,SUPPORT,2.7,31.1
2026-02-11,competitive,Asia,rialto,Grandmaster,리퍼,DAMAGE,2.2,43.1
2026-02-11,competitive,Asia,rialto,Grandmaster,마우가,TANK,1.1,47.2
2026-02-11,competitive,Asia,rialto,Grandmaster,메르시,SUPPORT,4.3,37.3
2026-02-11,competitive,Asia,rialto,Grandmaster,메이,DAMAGE,3.4,42.1
2026-02-11,competitive,Asia,rialto,Grandmaster,모이라,SUPPORT,2.7,50.5
2026-02-11,competitive,Asia,rialto,Grandmaster,미즈키,SUPPORT,-1.0,-1.0
2026-02-11,competitive,Asia,rialto,Grandmaster,바스티온,DAMAGE,3.6,51.3
2026-02-11,competitive,Asia,rialto,Grandmaster,바티스트,SUPPORT,19.1,50.4
2026-02-11,competitive,Asia,rialto,Grandmaster,벤데타,DAMAGE,5.4,58.0
2026-02-11,competitive,Asia,rialto,Grandmaster,벤처,DAMAGE,4.4,52.8
2026-02-11,competitive,Asia,rialto,Grandmaster,브리기테,SUPPORT,8.8,55.2
2026-02-11,competitive,Asia,rialto,Grandmaster,소전,DAMAGE,13.2,50.8
2026-02-11,competitive,Asia,rialto,Grandmaster,솔저: 76,DAMAGE,6.8,46.6
2026-02-11,competitive,Asia,rialto,Grandmaster,솜브라,DAMAGE,5.6,44.3
2026-02-11,competitive,Asia,rialto,Grandmaster,시그마,TANK,21.5,54.0
2026-02-11,competitive,Asia,rialto,Grandmaster,시메트라,DAMAGE,5.2,53.6
2026-02-11,competitive,Asia,rialto,Grandmaster,아나,SUPPORT,65.7,58.0
2026-02-11,competitive,Asia,rialto,Grandmaster,안란,DAMAGE,-1.0,-1.0
2026-02-11,competitive,Asia,rialto,Grandmaster,애쉬,DAMAGE,32.1,52.6
2026-02-11,competitive,Asia,rialto,Grandmaster,에코,DAMAGE,21.5,53.7
2026-02-11,competitive,Asia,rialto,Grandmaster,엠레,DAMAGE,-1.0,-1.0
2026-02-11,competitive,Asia,rialto,Grandmaster,오리사,TANK,3.4,47.4
2026-02-11,competitive,Asia,rialto,Grandmaster,우양,SUPPORT,25.6,47.1
2026-02-11,competitive,Asia,rialto,Grandmaster,위도우메이커,DAMAGE,16.5,48.7
2026-02-11,competitive,Asia,rialto,Grandmaster,윈스턴,TANK,23.1,57.3
2026-02-11,competitive,Asia,rialto,Grandmaster,일리아리,SUPPORT,26.0,55.2
2026-02-11,competitive,Asia,rialto,Grandmaster,자리야,TANK,9.2,58.0
2026-02-11,competitive,Asia,rialto,Grandmaster,정커퀸,TANK,1.7,46.7
2026-02-11,competitive,Asia,rialto,Grandmaster,정크랫,DAMAGE,3.4,53.4
2026-02-11,competitive,Asia,rialto,Grandmaster,제트팩 캣,SUPPORT,-1.0,-1.0
2026-02-11,competitive,Asia,rialto,Grandmaster,젠야타,SUPPORT,13.0,51.2
2026-02-11,competitive,Asia,rialto,Grandmaster,주노,SUPPORT,1.8,46.9
2026-02-11,competitive,Asia,rialto,Grandmaster,캐서디,DAMAGE,11.7,35.8
2026-02-11,competitive,Asia,rialto,Grandmaster,키리코,SUPPORT,28.3,46.5
2026-02-11,competitive,Asia,rialto,Grandmaster,토르비욘,DAMAGE,1.8,41.8
2026-02-11,competitive,Asia,rialto,Grandmaster,트레이서,DAMAGE,21.3,51.7
2026-02-11,competitive,Asia,rialto,Grandmaster,파라,DAMAGE,5.8,49.3
2026-02-11,competitive,Asia,rialto,Grandmaster,프레야,DAMAGE,9.6,51.5
2026-02-11,competitive,Asia,rialto,Grandmaster,한조,DAMAGE,13.6,50.6
2026-02-11,competitive,Asia,rialto,Grandmaster,해저드,TANK,3.2,54.2
2026-02-11,competitive,Asia,shambali-monastery,All,D.Va,TANK,6.7,48.2
2026-02-11,competitive,Asia,shambali-monastery,All,겐지,DAMAGE,16.1,53.3
2026-02-11,competitive,Asia,shambali-monastery,All,도미나,TANK,-1.0,-1.0
2026-02-11,competitive,Asia,shambali-monastery,All,둠피스트,TANK,6.4,50.3
2026-02-11,competitive,Asia,shambali-monastery,All,라마트라,TANK,8.3,49.4
2026-02-11,competitive,Asia,shambali-monastery,All,라이프위버,SUPPORT,5.4,42.6
2026-02-11,competitive,Asia,shambali-monastery,All,라인하르트,TANK,9.5,49.7
2026-02-11,competitive,Asia,shambali-monastery,All,레킹볼,TANK,3.4,48.3
2026-02-11,competitive,Asia,shambali-monastery,All,로드호그,TANK,4.7,39.8
2026-02-11,competitive,Asia,shambali-monastery,All,루시우,SUPPORT,3.8,45.8
2026-02-11,competitive,Asia,shambali-monastery,All,리퍼,DAMAGE,9.8,49.5
2026-02-11,competitive,Asia,shambali-monastery,All,마우가,TANK,3.2,45.5
2026-02-11,competitive,Asia,shambali-monastery,All,메르시,SUPPORT,10.8,47.5
2026-02-11,competitive,Asia,shambali-monastery,All,메이,DAMAGE,8.9,50.6
2026-02-11,competitive,Asia,shambali-monastery,All,모이라,SUPPORT,13.8,45.8
2026-02-11,competitive,Asia,shambali-monastery,All,미즈키,SUPPORT,-1.0,-1.0
2026-02-11,competitive,Asia,shambali-monastery,All,바스티온,DAMAGE,12.9,49.0
2026-02-11,competitive,Asia,shambali-monastery,All,바티스트,SUPPORT,12.1,47.0
2026-02-11,competitive,Asia,shambali-monastery,All,벤데타,DAMAGE,3.8,59.1
2026-02-11,competitive,Asia,shambali-monastery,All,벤처,DAMAGE,6.0,53.8
2026-02-11,competitive,Asia,shambali-monastery,All,브리기테,SUPPORT,3.5,48.4
2026-02-11,competitive,Asia,shambali-monastery,All,소전,DAMAGE,17.4,47.0
2026-02-11,competitive,Asia,shambali-monastery,All,솔저: 76,DAMAGE,18.3,47.7
2026-02-11,competitive,Asia,shambali-monastery,All,솜브라,DAMAGE,3.7,51.4
2026-02-11,competitive,Asia,shambali-monastery,All,시그마,TANK,22.3,58.1
2026-02-11,competitive,Asia,shambali-monastery,All,시메트라,DAMAGE,4.3,52.6
2026-02-11,competitive,Asia,shambali-monastery,All,아나,SUPPORT,58.1,52.1
2026-02-11,competitive,Asia,shambali-monastery,All,안란,DAMAGE,-1.0,-1.0
2026-02-11,competitive,Asia,shambali-monastery,All,애쉬,DAMAGE,22.9,52.3
2026-02-11,competitive,Asia,shambali-monastery,All,에코,DAMAGE,7.6,53.6
2026-02-11,competitive,Asia,shambali-monastery,All,엠레,DAMAGE,-1.0,-1.0
2026-02-11,competitive,Asia,shambali-monastery,All,오리사,TANK,11.9,45.1
2026-02-11,competitive,Asia,shambali-monastery,All,우양,SUPPORT,18.8,53.9
2026-02-11,competitive,Asia,shambali-monastery,All,위도우메이커,DAMAGE,4.8,47.6
2026-02-11,competitive,Asia,shambali-monastery,All,윈스턴,TANK,7.6,48.2
2026-02-11,competitive,Asia,shambali-monastery,All,일리아리,SUPPORT,19.0,57.1
2026-02-11,competitive,Asia,shambali-monastery,All,자리야,TANK,9.5,51.3
2026-02-11,competitive,Asia,shambali-monastery,All,정커퀸,TANK,3.9,52.3
2026-02-11,competitive,Asia,shambali-monastery,All,정크랫,DAMAGE,7.7,48.2
2026-02-11,competitive,Asia,shambali-monastery,All,제트팩 캣,SUPPORT,-1.0,-1.0
2026-02-11,competitive,Asia,shambali-monastery,All,젠야타,SUPPORT,15.6,52.2
2026-02-11,competitive,Asia,shambali-monastery,All,주노,SUPPORT,8.4,48.2
2026-02-11,competitive,Asia,shambali-monastery,All,캐서디,DAMAGE,20.7,46.5
2026-02-11,competitive,Asia,shambali-monastery,All,키리코,SUPPORT,30.7,47.1
2026-02-11,competitive,Asia,shambali-monastery,All,토르비욘,DAMAGE,4.2,48.9
2026-02-11,competitive,Asia,shambali-monastery,All,트레이서,DAMAGE,5.1,48.2
2026-02-11,competitive,Asia,shambali-monastery,All,파라,DAMAGE,6.9,51.9
2026-02-11,competitive,Asia,shambali-monastery,All,프레야,DAMAGE,7.3,48.3
2026-02-11,competitive,Asia,shambali-monastery,All,한조,DAMAGE,11.7,50.4
2026-02-11,competitive,Asia,shambali-monastery,All,해저드,TANK,2.6,50.6
2026-02-11,competitive,Asia,shambali-monastery,Bronze,D.Va,TANK,9.8,46.0
2026-02-11,competitive,Asia,shambali-monastery,Bronze,겐지,DAMAGE,10.1,53.1
2026-02-11,competitive,Asia,shambali-monastery,Bronze,도미나,TANK,-1.0,-1.0
2026-02-11,competitive,Asia,shambali-monastery,Bronze,둠피스트,TANK,3.0,56.4
2026-02-11,competitive,Asia,shambali-monastery,Bronze,라마트라,TANK,10.6,52.6
2026-02-11,competitive,Asia,shambali-monastery,Bronze,라이프위버,SUPPORT,5.4,43.8
2026-02-11,competitive,Asia,shambali-monastery,Bronze,라인하르트,TANK,9.4,48.8
2026-02-11,competitive,Asia,shambali-monastery,Bronze,레킹볼,TANK,3.2,52.5
2026-02-11,competitive,Asia,shambali-monastery,Bronze,로드호그,TANK,5.4,41.6
2026-02-11,competitive,Asia,shambali-monastery,Bronze,루시우,SUPPORT,6.6,45.6
2026-02-11,competitive,Asia,shambali-monastery,Bronze,리퍼,DAMAGE,11.0,48.7
2026-02-11,competitive,Asia,shambali-monastery,Bronze,마우가,TANK,4.9,43.9
2026-02-11,competitive,Asia,shambali-monastery,Bronze,메르시,SUPPORT,14.0,47.4
2026-02-11,competitive,Asia,shambali-monastery,Bronze,메이,DAMAGE,7.5,53.2
2026-02-11,competitive,Asia,shambali-monastery,Bronze,모이라,SUPPORT,24.0,47.1
2026-02-11,competitive,Asia,shambali-monastery,Bronze,미즈키,SUPPORT,-1.0,-1.0
2026-02-11,competitive,Asia,shambali-monastery,Bronze,바스티온,DAMAGE,23.6,47.7
2026-02-11,competitive,Asia,shambali-monastery,Bronze,바티스트,SUPPORT,9.5,43.5
2026-02-11,competitive,Asia,shambali-monastery,Bronze,벤데타,DAMAGE,2.9,60.6
2026-02-11,competitive,Asia,shambali-monastery,Bronze,벤처,DAMAGE,4.5,53.9
2026-02-11,competitive,Asia,shambali-monastery,Bronze,브리기테,SUPPORT,2.5,46.4
2026-02-11,competitive,Asia,shambali-monastery,Bronze,소전,DAMAGE,20.4,44.2
2026-02-11,competitive,Asia,shambali-monastery,Bronze,솔저: 76,DAMAGE,24.2,48.5
2026-02-11,competitive,Asia,shambali-monastery,Bronze,솜브라,DAMAGE,2.5,53.6
2026-02-11,competitive,Asia,shambali-monastery,Bronze,시그마,TANK,21.7,58.2
2026-02-11,competitive,Asia,shambali-monastery,Bronze,시메트라,DAMAGE,4.3,60.0
2026-02-11,competitive,Asia,shambali-monastery,Bronze,아나,SUPPORT,37.2,50.6
2026-02-11,competitive,Asia,shambali-monastery,Bronze,안란,DAMAGE,-1.0,-1.0
2026-02-11,competitive,Asia,shambali-monastery,Bronze,애쉬,DAMAGE,17.1,51.8
2026-02-11,competitive,Asia,shambali-monastery,Bronze,에코,DAMAGE,5.6,54.1
2026-02-11,competitive,Asia,shambali-monastery,Bronze,엠레,DAMAGE,-1.0,-1.0
2026-02-11,competitive,Asia,shambali-monastery,Bronze,오리사,TANK,16.0,45.0
2026-02-11,competitive,Asia,shambali-monastery,Bronze,우양,SUPPORT,18.7,53.7
2026-02-11,competitive,Asia,shambali-monastery,Bronze,위도우메이커,DAMAGE,5.0,46.7
2026-02-11,competitive,Asia,shambali-monastery,Bronze,윈스턴,TANK,5.1,45.8
2026-02-11,competitive,Asia,shambali-monastery,Bronze,일리아리,SUPPORT,17.2,55.9
2026-02-11,competitive,Asia,shambali-monastery,Bronze,자리야,TANK,5.5,55.8
2026-02-11,competitive,Asia,shambali-monastery,Bronze,정커퀸,TANK,3.0,46.9
2026-02-11,competitive,Asia,shambali-monastery,Bronze,정크랫,DAMAGE,12.4,47.3
2026-02-11,competitive,Asia,shambali-monastery,Bronze,제트팩 캣,SUPPORT,-1.0,-1.0
2026-02-11,competitive,Asia,shambali-monastery,Bronze,젠야타,SUPPORT,13.8,51.5
2026-02-11,competitive,Asia,shambali-monastery,Bronze,주노,SUPPORT,18.6,48.0
2026-02-11,competitive,Asia,shambali-monastery,Bronze,캐서디,DAMAGE,14.8,46.9
2026-02-11,competitive,Asia,shambali-monastery,Bronze,키리코,SUPPORT,32.5,52.7
2026-02-11,competitive,Asia,shambali-monastery,Bronze,토르비욘,DAMAGE,5.9,51.6
2026-02-11,competitive,Asia,shambali-monastery,Bronze,트레이서,DAMAGE,3.7,53.8
2026-02-11,competitive,Asia,shambali-monastery,Bronze,파라,DAMAGE,9.0,52.1
2026-02-11,competitive,Asia,shambali-monastery,Bronze,프레야,DAMAGE,6.5,52.4
2026-02-11,competitive,Asia,shambali-monastery,Bronze,한조,DAMAGE,9.1,51.5
2026-02-11,competitive,Asia,shambali-monastery,Bronze,해저드,TANK,2.3,51.9
2026-02-11,competitive,Asia,shambali-monastery,Silver,D.Va,TANK,8.2,47.4
2026-02-11,competitive,Asia,shambali-monastery,Silver,겐지,DAMAGE,12.7,54.9
2026-02-11,competitive,Asia,shambali-monastery,Silver,도미나,TANK,-1.0,-1.0
2026-02-11,competitive,Asia,shambali-monastery,Silver,둠피스트,TANK,4.1,54.2
2026-02-11,competitive,Asia,shambali-monastery,Silver,라마트라,TANK,9.1,48.0
2026-02-11,competitive,Asia,shambali-monastery,Silver,라이프위버,SUPPORT,6.0,46.1
2026-02-11,competitive,Asia,shambali-monastery,Silver,라인하르트,TANK,10.0,52.3
2026-02-11,competitive,Asia,shambali-monastery,Silver,레킹볼,TANK,3.1,50.3
2026-02-11,competitive,Asia,shambali-monastery,Silver,로드호그,TANK,4.9,41.0
2026-02-11,competitive,Asia,shambali-monastery,Silver,루시우,SUPPORT,5.8,45.2
2026-02-11,competitive,Asia,shambali-monastery,Silver,리퍼,DAMAGE,12.2,49.8
2026-02-11,competitive,Asia,shambali-monastery,Silver,마우가,TANK,4.1,46.3
2026-02-11,competitive,Asia,shambali-monastery,Silver,메르시,SUPPORT,15.1,46.4
2026-02-11,competitive,Asia,shambali-monastery,Silver,메이,DAMAGE,9.0,51.8
2026-02-11,competitive,Asia,shambali-monastery,Silver,모이라,SUPPORT,21.3,46.7
2026-02-11,competitive,Asia,shambali-monastery,Silver,미즈키,SUPPORT,-1.0,-1.0
2026-02-11,competitive,Asia,shambali-monastery,Silver,바스티온,DAMAGE,17.2,48.2
2026-02-11,competitive,Asia,shambali-monastery,Silver,바티스트,SUPPORT,10.2,47.1
2026-02-11,competitive,Asia,shambali-monastery,Silver,벤데타,DAMAGE,3.6,62.8
2026-02-11,competitive,Asia,shambali-monastery,Silver,벤처,DAMAGE,5.2,53.1
2026-02-11,competitive,Asia,shambali-monastery,Silver,브리기테,SUPPORT,2.9,48.3
2026-02-11,competitive,Asia,shambali-monastery,Silver,소전,DAMAGE,18.0,46.2
2026-02-11,competitive,Asia,shambali-monastery,Silver,솔저: 76,DAMAGE,24.2,47.0
2026-02-11,competitive,Asia,shambali-monastery,Silver,솜브라,DAMAGE,2.8,54.5
2026-02-11,competitive,Asia,shambali-monastery,Silver,시그마,TANK,21.8,56.2
2026-02-11,competitive,Asia,shambali-monastery,Silver,시메트라,DAMAGE,4.7,52.9
2026-02-11,competitive,Asia,shambali-monastery,Silver,아나,SUPPORT,47.3,53.1
2026-02-11,competitive,Asia,shambali-monastery,Silver,안란,DAMAGE,-1.0,-1.0
2026-02-11,competitive,Asia,shambali-monastery,Silver,애쉬,DAMAGE,19.5,53.0
2026-02-11,competitive,Asia,shambali-monastery,Silver,에코,DAMAGE,5.7,51.5
2026-02-11,competitive,Asia,shambali-monastery,Silver,엠레,DAMAGE,-1.0,-1.0
2026-02-11,competitive,Asia,shambali-monastery,Silver,오리사,TANK,15.0,43.6
2026-02-11,competitive,Asia,shambali-monastery,Silver,우양,SUPPORT,16.0,53.8
2026-02-11,competitive,Asia,shambali-monastery,Silver,위도우메이커,DAMAGE,4.7,48.7
2026-02-11,competitive,Asia,shambali-monastery,Silver,윈스턴,TANK,5.9,50.1
2026-02-11,competitive,Asia,shambali-monastery,Silver,일리아리,SUPPORT,16.7,57.0
2026-02-11,competitive,Asia,shambali-monastery,Silver,자리야,TANK,7.3,53.6
2026-02-11,competitive,Asia,shambali-monastery,Silver,정커퀸,TANK,3.8,53.2
2026-02-11,competitive,Asia,shambali-monastery,Silver,정크랫,DAMAGE,10.4,47.5
2026-02-11,competitive,Asia,shambali-monastery,Silver,제트팩 캣,SUPPORT,-1.0,-1.0
2026-02-11,competitive,Asia,shambali-monastery,Silver,젠야타,SUPPORT,13.5,53.9
2026-02-11,competitive,Asia,shambali-monastery,Silver,주노,SUPPORT,13.0,47.9
2026-02-11,competitive,Asia,shambali-monastery,Silver,캐서디,DAMAGE,17.8,48.4
2026-02-11,competitive,Asia,shambali-monastery,Silver,키리코,SUPPORT,32.2,47.0
2026-02-11,competitive,Asia,shambali-monastery,Silver,토르비욘,DAMAGE,4.8,49.7
2026-02-11,competitive,Asia,shambali-monastery,Silver,트레이서,DAMAGE,3.8,46.2
2026-02-11,competitive,Asia,shambali-monastery,Silver,파라,DAMAGE,7.7,51.1
2026-02-11,competitive,Asia,shambali-monastery,Silver,프레야,DAMAGE,6.3,46.9
2026-02-11,competitive,Asia,shambali-monastery,Silver,한조,DAMAGE,9.8,51.2
2026-02-11,competitive,Asia,shambali-monastery,Silver,해저드,TANK,2.6,51.5
2026-02-11,competitive,Asia,shambali-monastery,Gold,D.Va,TANK,6.8,46.9
2026-02-11,competitive,Asia,shambali-monastery,Gold,겐지,DAMAGE,15.7,53.1
2026-02-11,competitive,Asia,shambali-monastery,Gold,도미나,TANK,-1.0,-1.0
2026-02-11,competitive,Asia,shambali-monastery,Gold,둠피스트,TANK,5.1,50.5
2026-02-11,competitive,Asia,shambali-monastery,Gold,라마트라,TANK,8.4,48.6
2026-02-11,competitive,Asia,shambali-monastery,Gold,라이프위버,SUPPORT,6.0,43.2
2026-02-11,competitive,Asia,shambali-monastery,Gold,라인하르트,TANK,10.3,51.1
2026-02-11,competitive,Asia,shambali-monastery,Gold,레킹볼,TANK,3.4,49.2
2026-02-11,competitive,Asia,shambali-monastery,Gold,로드호그,TANK,4.8,41.7
2026-02-11,competitive,Asia,shambali-monastery,Gold,루시우,SUPPORT,4.1,45.4
2026-02-11,competitive,Asia,shambali-monastery,Gold,리퍼,DAMAGE,11.1,49.5
2026-02-11,competitive,Asia,shambali-monastery,Gold,마우가,TANK,3.3,46.0
2026-02-11,competitive,Asia,shambali-monastery,Gold,메르시,SUPPORT,12.5,48.6
2026-02-11,competitive,Asia,shambali-monastery,Gold,메이,DAMAGE,9.5,51.2
2026-02-11,competitive,Asia,shambali-monastery,Gold,모이라,SUPPORT,16.0,46.3
2026-02-11,competitive,Asia,shambali-monastery,Gold,미즈키,SUPPORT,-1.0,-1.0
2026-02-11,competitive,Asia,shambali-monastery,Gold,바스티온,DAMAGE,13.7,48.0
2026-02-11,competitive,Asia,shambali-monastery,Gold,바티스트,SUPPORT,10.8,47.7
2026-02-11,competitive,Asia,shambali-monastery,Gold,벤데타,DAMAGE,3.9,60.2
2026-02-11,competitive,Asia,shambali-monastery,Gold,벤처,DAMAGE,5.6,53.2
2026-02-11,competitive,Asia,shambali-monastery,Gold,브리기테,SUPPORT,3.3,51.7
2026-02-11,competitive,Asia,shambali-monastery,Gold,소전,DAMAGE,16.5,47.5
2026-02-11,competitive,Asia,shambali-monastery,Gold,솔저: 76,DAMAGE,20.6,47.3
2026-02-11,competitive,Asia,shambali-monastery,Gold,솜브라,DAMAGE,3.3,52.3
2026-02-11,competitive,Asia,shambali-monastery,Gold,시그마,TANK,21.6,57.4
2026-02-11,competitive,Asia,shambali-monastery,Gold,시메트라,DAMAGE,4.6,54.2
2026-02-11,competitive,Asia,shambali-monastery,Gold,아나,SUPPORT,57.2,51.0
2026-02-11,competitive,Asia,shambali-monastery,Gold,안란,DAMAGE,-1.0,-1.0
2026-02-11,competitive,Asia,shambali-monastery,Gold,애쉬,DAMAGE,22.2,51.2
2026-02-11,competitive,Asia,shambali-monastery,Gold,에코,DAMAGE,6.2,52.8
2026-02-11,competitive,Asia,shambali-monastery,Gold,엠레,DAMAGE,-1.0,-1.0
2026-02-11,competitive,Asia,shambali-monastery,Gold,오리사,TANK,13.0,44.3
2026-02-11,competitive,Asia,shambali-monastery,Gold,우양,SUPPORT,16.6,54.8
2026-02-11,competitive,Asia,shambali-monastery,Gold,위도우메이커,DAMAGE,4.6,49.1
2026-02-11,competitive,Asia,shambali-monastery,Gold,윈스턴,TANK,7.5,49.4
2026-02-11,competitive,Asia,shambali-monastery,Gold,일리아리,SUPPORT,16.7,56.9
2026-02-11,competitive,Asia,shambali-monastery,Gold,자리야,TANK,9.3,51.3
2026-02-11,competitive,Asia,shambali-monastery,Gold,정커퀸,TANK,3.9,53.6
2026-02-11,competitive,Asia,shambali-monastery,Gold,정크랫,DAMAGE,8.6,49.2
2026-02-11,competitive,Asia,shambali-monastery,Gold,제트팩 캣,SUPPORT,-1.0,-1.0
2026-02-11,competitive,Asia,shambali-monastery,Gold,젠야타,SUPPORT,14.7,51.6
2026-02-11,competitive,Asia,shambali-monastery,Gold,주노,SUPPORT,9.3,48.5
2026-02-11,competitive,Asia,shambali-monastery,Gold,캐서디,DAMAGE,20.8,47.1
2026-02-11,competitive,Asia,shambali-monastery,Gold,키리코,SUPPORT,32.7,47.5
2026-02-11,competitive,Asia,shambali-monastery,Gold,토르비욘,DAMAGE,4.5,50.7
2026-02-11,competitive,Asia,shambali-monastery,Gold,트레이서,DAMAGE,4.0,49.9
2026-02-11,competitive,Asia,shambali-monastery,Gold,파라,DAMAGE,6.7,51.1
2026-02-11,competitive,Asia,shambali-monastery,Gold,프레야,DAMAGE,6.8,47.6
2026-02-11,competitive,Asia,shambali-monastery,Gold,한조,DAMAGE,11.4,50.7
2026-02-11,competitive,Asia,shambali-monastery,Gold,해저드,TANK,2.6,50.8
2026-02-11,competitive,Asia,shambali-monastery,Platinum,D.Va,TANK,5.9,49.7
2026-02-11,competitive,Asia,shambali-monastery,Platinum,겐지,DAMAGE,17.9,53.3
2026-02-11,competitive,Asia,shambali-monastery,Platinum,도미나,TANK,-1.0,-1.0
2026-02-11,competitive,Asia,shambali-monastery,Platinum,둠피스트,TANK,7.0,49.8
2026-02-11,competitive,Asia,shambali-monastery,Platinum,라마트라,TANK,7.7,51.0
2026-02-11,competitive,Asia,shambali-monastery,Platinum,라이프위버,SUPPORT,5.5,42.2
2026-02-11,competitive,Asia,shambali-monastery,Platinum,라인하르트,TANK,9.7,47.7
2026-02-11,competitive,Asia,shambali-monastery,Platinum,레킹볼,TANK,3.4,46.9
2026-02-11,competitive,Asia,shambali-monastery,Platinum,로드호그,TANK,4.6,38.7
2026-02-11,competitive,Asia,shambali-monastery,Platinum,루시우,SUPPORT,2.7,46.7
2026-02-11,competitive,Asia,shambali-monastery,Platinum,리퍼,DAMAGE,8.9,49.1
2026-02-11,competitive,Asia,shambali-monastery,Platinum,마우가,TANK,2.8,46.0
2026-02-11,competitive,Asia,shambali-monastery,Platinum,메르시,SUPPORT,9.3,47.5
2026-02-11,competitive,Asia,shambali-monastery,Platinum,메이,DAMAGE,9.2,49.5
2026-02-11,competitive,Asia,shambali-monastery,Platinum,모이라,SUPPORT,10.8,44.7
2026-02-11,competitive,Asia,shambali-monastery,Platinum,미즈키,SUPPORT,-1.0,-1.0
2026-02-11,competitive,Asia,shambali-monastery,Platinum,바스티온,DAMAGE,10.9,50.5
2026-02-11,competitive,Asia,shambali-monastery,Platinum,바티스트,SUPPORT,12.1,46.7
2026-02-11,competitive,Asia,shambali-monastery,Platinum,벤데타,DAMAGE,3.8,56.8
2026-02-11,competitive,Asia,shambali-monastery,Platinum,벤처,DAMAGE,6.3,53.1
2026-02-11,competitive,Asia,shambali-monastery,Platinum,브리기테,SUPPORT,3.6,47.4
2026-02-11,competitive,Asia,shambali-monastery,Platinum,소전,DAMAGE,16.4,47.7
2026-02-11,competitive,Asia,shambali-monastery,Platinum,솔저: 76,DAMAGE,16.5,48.0
2026-02-11,competitive,Asia,shambali-monastery,Platinum,솜브라,DAMAGE,4.1,50.2
2026-02-11,competitive,Asia,shambali-monastery,Platinum,시그마,TANK,22.7,58.4
2026-02-11,competitive,Asia,shambali-monastery,Platinum,시메트라,DAMAGE,4.2,51.1
2026-02-11,competitive,Asia,shambali-monastery,Platinum,아나,SUPPORT,64.7,53.0
2026-02-11,competitive,Asia,shambali-monastery,Platinum,안란,DAMAGE,-1.0,-1.0
2026-02-11,competitive,Asia,shambali-monastery,Platinum,애쉬,DAMAGE,24.8,51.7
2026-02-11,competitive,Asia,shambali-monastery,Platinum,에코,DAMAGE,7.6,54.3
2026-02-11,competitive,Asia,shambali-monastery,Platinum,엠레,DAMAGE,-1.0,-1.0
2026-02-11,competitive,Asia,shambali-monastery,Platinum,오리사,TANK,10.5,45.6
2026-02-11,competitive,Asia,shambali-monastery,Platinum,우양,SUPPORT,18.3,52.9
2026-02-11,competitive,Asia,shambali-monastery,Platinum,위도우메이커,DAMAGE,4.9,47.7
2026-02-11,competitive,Asia,shambali-monastery,Platinum,윈스턴,TANK,8.4,47.9
2026-02-11,competitive,Asia,shambali-monastery,Platinum,일리아리,SUPPORT,19.3,57.5
2026-02-11,competitive,Asia,shambali-monastery,Platinum,자리야,TANK,10.4,49.9
2026-02-11,competitive,Asia,shambali-monastery,Platinum,정커퀸,TANK,4.1,52.4
2026-02-11,competitive,Asia,shambali-monastery,Platinum,정크랫,DAMAGE,6.6,48.9
2026-02-11,competitive,Asia,shambali-monastery,Platinum,제트팩 캣,SUPPORT,-1.0,-1.0
2026-02-11,competitive,Asia,shambali-monastery,Platinum,젠야타,SUPPORT,16.7,53.0
2026-02-11,competitive,Asia,shambali-monastery,Platinum,주노,SUPPORT,6.2,48.6
2026-02-11,competitive,Asia,shambali-monastery,Platinum,캐서디,DAMAGE,22.6,46.7
2026-02-11,competitive,Asia,shambali-monastery,Platinum,키리코,SUPPORT,30.8,46.2
2026-02-11,competitive,Asia,shambali-monastery,Platinum,토르비욘,DAMAGE,4.0,47.6
2026-02-11,competitive,Asia,shambali-monastery,Platinum,트레이서,DAMAGE,5.0,46.8
2026-02-11,competitive,Asia,shambali-monastery,Platinum,파라,DAMAGE,6.4,52.9
2026-02-11,competitive,Asia,shambali-monastery,Platinum,프레야,DAMAGE,7.5,49.2
2026-02-11,competitive,Asia,shambali-monastery,Platinum,한조,DAMAGE,12.5,49.6
2026-02-11,competitive,Asia,shambali-monastery,Platinum,해저드,TANK,2.6,50.1
2026-02-11,competitive,Asia,shambali-monastery,Diamond,D.Va,TANK,5.6,47.5
2026-02-11,competitive,Asia,shambali-monastery,Diamond,겐지,DAMAGE,19.4,52.7
2026-02-11,competitive,Asia,shambali-monastery,Diamond,도미나,TANK,-1.0,-1.0
2026-02-11,competitive,Asia,shambali-monastery,Diamond,둠피스트,TANK,9.6,49.2
2026-02-11,competitive,Asia,shambali-monastery,Diamond,라마트라,TANK,7.8,48.6
2026-02-11,competitive,Asia,shambali-monastery,Diamond,라이프위버,SUPPORT,4.2,37.6
2026-02-11,competitive,Asia,shambali-monastery,Diamond,라인하르트,TANK,8.5,48.6
2026-02-11,competitive,Asia,shambali-monastery,Diamond,레킹볼,TANK,3.5,48.5
2026-02-11,competitive,Asia,shambali-monastery,Diamond,로드호그,TANK,4.3,37.2
2026-02-11,competitive,Asia,shambali-monastery,Diamond,루시우,SUPPORT,2.3,47.2
2026-02-11,competitive,Asia,shambali-monastery,Diamond,리퍼,DAMAGE,7.3,49.5
2026-02-11,competitive,Asia,shambali-monastery,Diamond,마우가,TANK,2.3,43.0
2026-02-11,competitive,Asia,shambali-monastery,Diamond,메르시,SUPPORT,6.9,47.8
2026-02-11,competitive,Asia,shambali-monastery,Diamond,메이,DAMAGE,8.3,50.9
2026-02-11,competitive,Asia,shambali-monastery,Diamond,모이라,SUPPORT,6.4,44.0
2026-02-11,competitive,Asia,shambali-monastery,Diamond,미즈키,SUPPORT,-1.0,-1.0
2026-02-11,competitive,Asia,shambali-monastery,Diamond,바스티온,DAMAGE,9.1,50.8
2026-02-11,competitive,Asia,shambali-monastery,Diamond,바티스트,SUPPORT,13.9,46.8
2026-02-11,competitive,Asia,shambali-monastery,Diamond,벤데타,DAMAGE,3.6,57.1
2026-02-11,competitive,Asia,shambali-monastery,Diamond,벤처,DAMAGE,6.9,55.7
2026-02-11,competitive,Asia,shambali-monastery,Diamond,브리기테,SUPPORT,4.0,46.4
2026-02-11,competitive,Asia,shambali-monastery,Diamond,소전,DAMAGE,17.9,46.0
2026-02-11,competitive,Asia,shambali-monastery,Diamond,솔저: 76,DAMAGE,12.4,49.1
2026-02-11,competitive,Asia,shambali-monastery,Diamond,솜브라,DAMAGE,5.1,51.0
2026-02-11,competitive,Asia,shambali-monastery,Diamond,시그마,TANK,22.9,60.0
2026-02-11,competitive,Asia,shambali-monastery,Diamond,시메트라,DAMAGE,3.9,49.5
2026-02-11,competitive,Asia,shambali-monastery,Diamond,아나,SUPPORT,67.3,52.2
2026-02-11,competitive,Asia,shambali-monastery,Diamond,안란,DAMAGE,-1.0,-1.0
2026-02-11,competitive,Asia,shambali-monastery,Diamond,애쉬,DAMAGE,25.2,53.8
2026-02-11,competitive,Asia,shambali-monastery,Diamond,에코,DAMAGE,9.8,53.6
2026-02-11,competitive,Asia,shambali-monastery,Diamond,엠레,DAMAGE,-1.0,-1.0
2026-02-11,competitive,Asia,shambali-monastery,Diamond,오리사,TANK,8.9,46.3
2026-02-11,competitive,Asia,shambali-monastery,Diamond,우양,SUPPORT,22.6,54.3
2026-02-11,competitive,Asia,shambali-monastery,Diamond,위도우메이커,DAMAGE,4.6,44.4
2026-02-11,competitive,Asia,shambali-monastery,Diamond,윈스턴,TANK,9.0,46.8
2026-02-11,competitive,Asia,shambali-monastery,Diamond,일리아리,SUPPORT,22.8,57.6
2026-02-11,competitive,Asia,shambali-monastery,Diamond,자리야,TANK,11.1,51.6
2026-02-11,competitive,Asia,shambali-monastery,Diamond,정커퀸,TANK,4.0,50.9
2026-02-11,competitive,Asia,shambali-monastery,Diamond,정크랫,DAMAGE,4.9,46.9
2026-02-11,competitive,Asia,shambali-monastery,Diamond,제트팩 캣,SUPPORT,-1.0,-1.0
2026-02-11,competitive,Asia,shambali-monastery,Diamond,젠야타,SUPPORT,18.2,50.9
2026-02-11,competitive,Asia,shambali-monastery,Diamond,주노,SUPPORT,4.1,46.9
2026-02-11,competitive,Asia,shambali-monastery,Diamond,캐서디,DAMAGE,23.3,44.1
2026-02-11,competitive,Asia,shambali-monastery,Diamond,키리코,SUPPORT,27.3,45.9
2026-02-11,competitive,Asia,shambali-monastery,Diamond,토르비욘,DAMAGE,3.4,47.6
2026-02-11,competitive,Asia,shambali-monastery,Diamond,트레이서,DAMAGE,6.8,49.3
2026-02-11,competitive,Asia,shambali-monastery,Diamond,파라,DAMAGE,6.2,52.2
2026-02-11,competitive,Asia,shambali-monastery,Diamond,프레야,DAMAGE,8.4,48.1
2026-02-11,competitive,Asia,shambali-monastery,Diamond,한조,DAMAGE,13.5,50.3
2026-02-11,competitive,Asia,shambali-monastery,Diamond,해저드,TANK,2.6,51.1
2026-02-11,competitive,Asia,shambali-monastery,Master,D.Va,TANK,5.5,55.0
2026-02-11,competitive,Asia,shambali-monastery,Master,겐지,DAMAGE,17.8,52.3
2026-02-11,competitive,Asia,shambali-monastery,Master,도미나,TANK,-1.0,-1.0
2026-02-11,competitive,Asia,shambali-monastery,Master,둠피스트,TANK,11.6,45.8
2026-02-11,competitive,Asia,shambali-monastery,Master,라마트라,TANK,7.7,45.8
2026-02-11,competitive,Asia,shambali-monastery,Master,라이프위버,SUPPORT,3.5,36.4
2026-02-11,competitive,Asia,shambali-monastery,Master,라인하르트,TANK,6.5,44.6
2026-02-11,competitive,Asia,shambali-monastery,Master,레킹볼,TANK,3.5,42.1
2026-02-11,competitive,Asia,shambali-monastery,Master,로드호그,TANK,4.1,36.5
2026-02-11,competitive,Asia,shambali-monastery,Master,루시우,SUPPORT,2.9,45.4
2026-02-11,competitive,Asia,shambali-monastery,Master,리퍼,DAMAGE,6.5,50.9
2026-02-11,competitive,Asia,shambali-monastery,Master,마우가,TANK,1.9,44.0
2026-02-11,competitive,Asia,shambali-monastery,Master,메르시,SUPPORT,5.7,42.8
2026-02-11,competitive,Asia,shambali-monastery,Master,메이,DAMAGE,7.0,47.7
2026-02-11,competitive,Asia,shambali-monastery,Master,모이라,SUPPORT,4.8,43.1
2026-02-11,competitive,Asia,shambali-monastery,Master,미즈키,SUPPORT,-1.0,-1.0
2026-02-11,competitive,Asia,shambali-monastery,Master,바스티온,DAMAGE,6.4,49.4
2026-02-11,competitive,Asia,shambali-monastery,Master,바티스트,SUPPORT,19.6,49.1
2026-02-11,competitive,Asia,shambali-monastery,Master,벤데타,DAMAGE,4.2,61.2
2026-02-11,competitive,Asia,shambali-monastery,Master,벤처,DAMAGE,7.7,56.8
2026-02-11,competitive,Asia,shambali-monastery,Master,브리기테,SUPPORT,4.7,48.6
2026-02-11,competitive,Asia,shambali-monastery,Master,소전,DAMAGE,20.5,50.1
2026-02-11,competitive,Asia,shambali-monastery,Master,솔저: 76,DAMAGE,8.6,46.6
2026-02-11,competitive,Asia,shambali-monastery,Master,솜브라,DAMAGE,4.9,47.6
2026-02-11,competitive,Asia,shambali-monastery,Master,시그마,TANK,24.0,63.4
2026-02-11,competitive,Asia,shambali-monastery,Master,시메트라,DAMAGE,4.0,46.9
2026-02-11,competitive,Asia,shambali-monastery,Master,아나,SUPPORT,60.7,51.7
2026-02-11,competitive,Asia,shambali-monastery,Master,안란,DAMAGE,-1.0,-1.0
2026-02-11,competitive,Asia,shambali-monastery,Master,애쉬,DAMAGE,25.7,54.4
2026-02-11,competitive,Asia,shambali-monastery,Master,에코,DAMAGE,15.4,55.1
2026-02-11,competitive,Asia,shambali-monastery,Master,엠레,DAMAGE,-1.0,-1.0
2026-02-11,competitive,Asia,shambali-monastery,Master,오리사,TANK,8.7,51.7
2026-02-11,competitive,Asia,shambali-monastery,Master,우양,SUPPORT,28.4,53.8
2026-02-11,competitive,Asia,shambali-monastery,Master,위도우메이커,DAMAGE,4.8,46.6
2026-02-11,competitive,Asia,shambali-monastery,Master,윈스턴,TANK,9.2,47.5
2026-02-11,competitive,Asia,shambali-monastery,Master,일리아리,SUPPORT,26.0,57.2
2026-02-11,competitive,Asia,shambali-monastery,Master,자리야,TANK,11.6,49.4
2026-02-11,competitive,Asia,shambali-monastery,Master,정커퀸,TANK,3.1,51.9
2026-02-11,competitive,Asia,shambali-monastery,Master,정크랫,DAMAGE,3.7,44.3
2026-02-11,competitive,Asia,shambali-monastery,Master,제트팩 캣,SUPPORT,-1.0,-1.0
2026-02-11,competitive,Asia,shambali-monastery,Master,젠야타,SUPPORT,16.6,50.7
2026-02-11,competitive,Asia,shambali-monastery,Master,주노,SUPPORT,2.7,45.0
2026-02-11,competitive,Asia,shambali-monastery,Master,캐서디,DAMAGE,21.4,43.8
2026-02-11,competitive,Asia,shambali-monastery,Master,키리코,SUPPORT,24.5,46.2
2026-02-11,competitive,Asia,shambali-monastery,Master,토르비욘,DAMAGE,3.0,38.3
2026-02-11,competitive,Asia,shambali-monastery,Master,트레이서,DAMAGE,10.1,45.9
2026-02-11,competitive,Asia,shambali-monastery,Master,파라,DAMAGE,7.1,52.6
2026-02-11,competitive,Asia,shambali-monastery,Master,프레야,DAMAGE,8.4,46.6
2026-02-11,competitive,Asia,shambali-monastery,Master,한조,DAMAGE,12.9,50.5
2026-02-11,competitive,Asia,shambali-monastery,Master,해저드,TANK,2.5,47.0
2026-02-11,competitive,Asia,shambali-monastery,Grandmaster,D.Va,TANK,6.6,58.4
2026-02-11,competitive,Asia,shambali-monastery,Grandmaster,겐지,DAMAGE,13.2,48.5
2026-02-11,competitive,Asia,shambali-monastery,Grandmaster,도미나,TANK,-1.0,-1.0
2026-02-11,competitive,Asia,shambali-monastery,Grandmaster,둠피스트,TANK,9.1,52.2
2026-02-11,competitive,Asia,shambali-monastery,Grandmaster,라마트라,TANK,10.0,46.6
2026-02-11,competitive,Asia,shambali-monastery,Grandmaster,라이프위버,SUPPORT,1.8,37.5
2026-02-11,competitive,Asia,shambali-monastery,Grandmaster,라인하르트,TANK,5.9,52.7
2026-02-11,competitive,Asia,shambali-monastery,Grandmaster,레킹볼,TANK,4.2,43.8
2026-02-11,competitive,Asia,shambali-monastery,Grandmaster,로드호그,TANK,2.7,21.2
2026-02-11,competitive,Asia,shambali-monastery,Grandmaster,루시우,SUPPORT,3.0,41.2
2026-02-11,competitive,Asia,shambali-monastery,Grandmaster,리퍼,DAMAGE,4.6,60.6
2026-02-11,competitive,Asia,shambali-monastery,Grandmaster,마우가,TANK,1.0,47.4
2026-02-11,competitive,Asia,shambali-monastery,Grandmaster,메르시,SUPPORT,3.5,43.0
2026-02-11,competitive,Asia,shambali-monastery,Grandmaster,메이,DAMAGE,6.0,44.6
2026-02-11,competitive,Asia,shambali-monastery,Grandmaster,모이라,SUPPORT,3.7,43.2
2026-02-11,competitive,Asia,shambali-monastery,Grandmaster,미즈키,SUPPORT,-1.0,-1.0
2026-02-11,competitive,Asia,shambali-monastery,Grandmaster,바스티온,DAMAGE,4.6,40.6
2026-02-11,competitive,Asia,shambali-monastery,Grandmaster,바티스트,SUPPORT,31.4,47.7
2026-02-11,competitive,Asia,shambali-monastery,Grandmaster,벤데타,DAMAGE,6.5,48.5
2026-02-11,competitive,Asia,shambali-monastery,Grandmaster,벤처,DAMAGE,6.1,50.2
2026-02-11,competitive,Asia,shambali-monastery,Grandmaster,브리기테,SUPPORT,5.3,42.1
2026-02-11,competitive,Asia,shambali-monastery,Grandmaster,소전,DAMAGE,22.0,47.2
2026-02-11,competitive,Asia,shambali-monastery,Grandmaster,솔저: 76,DAMAGE,5.7,46.9
2026-02-11,competitive,Asia,shambali-monastery,Grandmaster,솜브라,DAMAGE,4.4,53.2
2026-02-11,competitive,Asia,shambali-monastery,Grandmaster,시그마,TANK,27.7,55.9
2026-02-11,competitive,Asia,shambali-monastery,Grandmaster,시메트라,DAMAGE,5.0,63.8
2026-02-11,competitive,Asia,shambali-monastery,Grandmaster,아나,SUPPORT,50.7,51.3
2026-02-11,competitive,Asia,shambali-monastery,Grandmaster,안란,DAMAGE,-1.0,-1.0
2026-02-11,competitive,Asia,shambali-monastery,Grandmaster,애쉬,DAMAGE,29.2,56.7
2026-02-11,competitive,Asia,shambali-monastery,Grandmaster,에코,DAMAGE,18.7,56.7
2026-02-11,competitive,Asia,shambali-monastery,Grandmaster,엠레,DAMAGE,-1.0,-1.0
2026-02-11,competitive,Asia,shambali-monastery,Grandmaster,오리사,TANK,6.7,52.8
2026-02-11,competitive,Asia,shambali-monastery,Grandmaster,우양,SUPPORT,33.1,58.5
2026-02-11,competitive,Asia,shambali-monastery,Grandmaster,위도우메이커,DAMAGE,6.9,47.1
2026-02-11,competitive,Asia,shambali-monastery,Grandmaster,윈스턴,TANK,6.7,39.1
2026-02-11,competitive,Asia,shambali-monastery,Grandmaster,일리아리,SUPPORT,28.3,50.9
2026-02-11,competitive,Asia,shambali-monastery,Grandmaster,자리야,TANK,14.9,55.7
2026-02-11,competitive,Asia,shambali-monastery,Grandmaster,정커퀸,TANK,1.9,42.2
2026-02-11,competitive,Asia,shambali-monastery,Grandmaster,정크랫,DAMAGE,5.6,44.1
2026-02-11,competitive,Asia,shambali-monastery,Grandmaster,제트팩 캣,SUPPORT,-1.0,-1.0
2026-02-11,competitive,Asia,shambali-monastery,Grandmaster,젠야타,SUPPORT,13.2,45.2
2026-02-11,competitive,Asia,shambali-monastery,Grandmaster,주노,SUPPORT,2.3,60.2
2026-02-11,competitive,Asia,shambali-monastery,Grandmaster,캐서디,DAMAGE,13.5,39.8
2026-02-11,competitive,Asia,shambali-monastery,Grandmaster,키리코,SUPPORT,23.6,50.4
2026-02-11,competitive,Asia,shambali-monastery,Grandmaster,토르비욘,DAMAGE,1.8,48.2
2026-02-11,competitive,Asia,shambali-monastery,Grandmaster,트레이서,DAMAGE,14.6,49.1
2026-02-11,competitive,Asia,shambali-monastery,Grandmaster,파라,DAMAGE,7.4,53.9
2026-02-11,competitive,Asia,shambali-monastery,Grandmaster,프레야,DAMAGE,11.5,48.5
2026-02-11,competitive,Asia,shambali-monastery,Grandmaster,한조,DAMAGE,12.9,47.3
2026-02-11,competitive,Asia,shambali-monastery,Grandmaster,해저드,TANK,2.6,43.3
2026-02-11,competitive,Asia,circuit-royal,All,D.Va,TANK,5.9,45.3
2026-02-11,competitive,Asia,circuit-royal,All,겐지,DAMAGE,15.2,50.4
2026-02-11,competitive,Asia,circuit-royal,All,도미나,TANK,-1.0,-1.0
2026-02-11,competitive,Asia,circuit-royal,All,둠피스트,TANK,6.0,50.8
2026-02-11,competitive,Asia,circuit-royal,All,라마트라,TANK,8.6,47.8
2026-02-11,competitive,Asia,circuit-royal,All,라이프위버,SUPPORT,5.7,42.6
2026-02-11,competitive,Asia,circuit-royal,All,라인하르트,TANK,9.3,48.0
2026-02-11,competitive,Asia,circuit-royal,All,레킹볼,TANK,3.1,47.7
2026-02-11,competitive,Asia,circuit-royal,All,로드호그,TANK,3.6,36.7
2026-02-11,competitive,Asia,circuit-royal,All,루시우,SUPPORT,3.0,43.0
2026-02-11,competitive,Asia,circuit-royal,All,리퍼,DAMAGE,7.0,47.0
2026-02-11,competitive,Asia,circuit-royal,All,마우가,TANK,2.7,43.4
2026-02-11,competitive,Asia,circuit-royal,All,메르시,SUPPORT,11.0,48.2
2026-02-11,competitive,Asia,circuit-royal,All,메이,DAMAGE,8.9,51.4
2026-02-11,competitive,Asia,circuit-royal,All,모이라,SUPPORT,10.7,44.6
2026-02-11,competitive,Asia,circuit-royal,All,미즈키,SUPPORT,-1.0,-1.0
2026-02-11,competitive,Asia,circuit-royal,All,바스티온,DAMAGE,13.6,49.9
2026-02-11,competitive,Asia,circuit-royal,All,바티스트,SUPPORT,13.7,48.9
2026-02-11,competitive,Asia,circuit-royal,All,벤데타,DAMAGE,3.1,53.7
2026-02-11,competitive,Asia,circuit-royal,All,벤처,DAMAGE,4.1,51.1
2026-02-11,competitive,Asia,circuit-royal,All,브리기테,SUPPORT,2.0,44.0
2026-02-11,competitive,Asia,circuit-royal,All,소전,DAMAGE,19.8,48.2
2026-02-11,competitive,Asia,circuit-royal,All,솔저: 76,DAMAGE,17.4,47.6
2026-02-11,competitive,Asia,circuit-royal,All,솜브라,DAMAGE,3.3,49.8
2026-02-11,competitive,Asia,circuit-royal,All,시그마,TANK,28.1,62.7
2026-02-11,competitive,Asia,circuit-royal,All,시메트라,DAMAGE,3.7,51.9
2026-02-11,competitive,Asia,circuit-royal,All,아나,SUPPORT,61.4,51.5
2026-02-11,competitive,Asia,circuit-royal,All,안란,DAMAGE,0.0,85.5
2026-02-11,competitive,Asia,circuit-royal,All,애쉬,DAMAGE,28.2,54.2
2026-02-11,competitive,Asia,circuit-royal,All,에코,DAMAGE,5.1,51.3
2026-02-11,competitive,Asia,circuit-royal,All,엠레,DAMAGE,-1.0,-1.0
2026-02-11,competitive,Asia,circuit-royal,All,오리사,TANK,12.0,45.0
2026-02-11,competitive,Asia,circuit-royal,All,우양,SUPPORT,16.7,52.7
2026-02-11,competitive,Asia,circuit-royal,All,위도우메이커,DAMAGE,13.3,54.0
2026-02-11,competitive,Asia,circuit-royal,All,윈스턴,TANK,7.4,45.7
2026-02-11,competitive,Asia,circuit-royal,All,일리아리,SUPPORT,21.3,57.6
2026-02-11,competitive,Asia,circuit-royal,All,자리야,TANK,9.1,51.5
2026-02-11,competitive,Asia,circuit-royal,All,정커퀸,TANK,2.6,48.3
2026-02-11,competitive,Asia,circuit-royal,All,정크랫,DAMAGE,6.1,47.4
2026-02-11,competitive,Asia,circuit-royal,All,제트팩 캣,SUPPORT,-1.0,-1.0
2026-02-11,competitive,Asia,circuit-royal,All,젠야타,SUPPORT,19.7,53.9
2026-02-11,competitive,Asia,circuit-royal,All,주노,SUPPORT,9.0,50.0
2026-02-11,competitive,Asia,circuit-royal,All,캐서디,DAMAGE,14.7,45.0
2026-02-11,competitive,Asia,circuit-royal,All,키리코,SUPPORT,25.8,44.9
2026-02-11,competitive,Asia,circuit-royal,All,토르비욘,DAMAGE,4.0,48.9
2026-02-11,competitive,Asia,circuit-royal,All,트레이서,DAMAGE,2.7,44.3
2026-02-11,competitive,Asia,circuit-royal,All,파라,DAMAGE,6.2,50.9
2026-02-11,competitive,Asia,circuit-royal,All,프레야,DAMAGE,8.9,50.1
2026-02-11,competitive,Asia,circuit-royal,All,한조,DAMAGE,14.7,50.6
2026-02-11,competitive,Asia,circuit-royal,All,해저드,TANK,1.7,46.6
2026-02-11,competitive,Asia,circuit-royal,Bronze,D.Va,TANK,9.2,44.2
2026-02-11,competitive,Asia,circuit-royal,Bronze,겐지,DAMAGE,10.1,51.5
2026-02-11,competitive,Asia,circuit-royal,Bronze,도미나,TANK,-1.0,-1.0
2026-02-11,competitive,Asia,circuit-royal,Bronze,둠피스트,TANK,3.2,54.7
2026-02-11,competitive,Asia,circuit-royal,Bronze,라마트라,TANK,10.0,47.2
2026-02-11,competitive,Asia,circuit-royal,Bronze,라이프위버,SUPPORT,5.6,43.7
2026-02-11,competitive,Asia,circuit-royal,Bronze,라인하르트,TANK,9.1,54.6
2026-02-11,competitive,Asia,circuit-royal,Bronze,레킹볼,TANK,2.9,53.1
2026-02-11,competitive,Asia,circuit-royal,Bronze,로드호그,TANK,4.9,39.5
2026-02-11,competitive,Asia,circuit-royal,Bronze,루시우,SUPPORT,6.6,44.8
2026-02-11,competitive,Asia,circuit-royal,Bronze,리퍼,DAMAGE,9.9,49.0
2026-02-11,competitive,Asia,circuit-royal,Bronze,마우가,TANK,4.4,42.1
2026-02-11,competitive,Asia,circuit-royal,Bronze,메르시,SUPPORT,13.9,46.9
2026-02-11,competitive,Asia,circuit-royal,Bronze,메이,DAMAGE,7.4,51.0
2026-02-11,competitive,Asia,circuit-royal,Bronze,모이라,SUPPORT,20.6,45.1
2026-02-11,competitive,Asia,circuit-royal,Bronze,미즈키,SUPPORT,-1.0,-1.0
2026-02-11,competitive,Asia,circuit-royal,Bronze,바스티온,DAMAGE,23.4,48.7
2026-02-11,competitive,Asia,circuit-royal,Bronze,바티스트,SUPPORT,10.2,49.7
2026-02-11,competitive,Asia,circuit-royal,Bronze,벤데타,DAMAGE,2.6,54.6
2026-02-11,competitive,Asia,circuit-royal,Bronze,벤처,DAMAGE,4.0,53.0
2026-02-11,competitive,Asia,circuit-royal,Bronze,브리기테,SUPPORT,2.1,47.9
2026-02-11,competitive,Asia,circuit-royal,Bronze,소전,DAMAGE,21.5,45.4
2026-02-11,competitive,Asia,circuit-royal,Bronze,솔저: 76,DAMAGE,22.7,47.9
2026-02-11,competitive,Asia,circuit-royal,Bronze,솜브라,DAMAGE,2.2,49.1
2026-02-11,competitive,Asia,circuit-royal,Bronze,시그마,TANK,25.5,60.1
2026-02-11,competitive,Asia,circuit-royal,Bronze,시메트라,DAMAGE,3.7,57.8
2026-02-11,competitive,Asia,circuit-royal,Bronze,아나,SUPPORT,39.7,50.8
2026-02-11,competitive,Asia,circuit-royal,Bronze,안란,DAMAGE,-1.0,-1.0
2026-02-11,competitive,Asia,circuit-royal,Bronze,애쉬,DAMAGE,20.9,54.7
2026-02-11,competitive,Asia,circuit-royal,Bronze,에코,DAMAGE,4.7,48.8
2026-02-11,competitive,Asia,circuit-royal,Bronze,엠레,DAMAGE,-1.0,-1.0
2026-02-11,competitive,Asia,circuit-royal,Bronze,오리사,TANK,16.3,43.3
2026-02-11,competitive,Asia,circuit-royal,Bronze,우양,SUPPORT,17.8,52.9
2026-02-11,competitive,Asia,circuit-royal,Bronze,위도우메이커,DAMAGE,8.6,52.6
2026-02-11,competitive,Asia,circuit-royal,Bronze,윈스턴,TANK,4.9,47.4
2026-02-11,competitive,Asia,circuit-royal,Bronze,일리아리,SUPPORT,17.5,57.0
2026-02-11,competitive,Asia,circuit-royal,Bronze,자리야,TANK,4.5,57.1
2026-02-11,competitive,Asia,circuit-royal,Bronze,정커퀸,TANK,3.2,52.1
2026-02-11,competitive,Asia,circuit-royal,Bronze,정크랫,DAMAGE,10.8,48.6
2026-02-11,competitive,Asia,circuit-royal,Bronze,제트팩 캣,SUPPORT,-1.0,-1.0
2026-02-11,competitive,Asia,circuit-royal,Bronze,젠야타,SUPPORT,14.6,53.8
2026-02-11,competitive,Asia,circuit-royal,Bronze,주노,SUPPORT,19.9,50.9
2026-02-11,competitive,Asia,circuit-royal,Bronze,캐서디,DAMAGE,13.4,47.0
2026-02-11,competitive,Asia,circuit-royal,Bronze,키리코,SUPPORT,31.5,47.7
2026-02-11,competitive,Asia,circuit-royal,Bronze,토르비욘,DAMAGE,5.6,49.2
2026-02-11,competitive,Asia,circuit-royal,Bronze,트레이서,DAMAGE,2.5,48.2
2026-02-11,competitive,Asia,circuit-royal,Bronze,파라,DAMAGE,8.9,49.2
2026-02-11,competitive,Asia,circuit-royal,Bronze,프레야,DAMAGE,7.3,52.9
2026-02-11,competitive,Asia,circuit-royal,Bronze,한조,DAMAGE,9.5,52.2
2026-02-11,competitive,Asia,circuit-royal,Bronze,해저드,TANK,2.1,44.3
2026-02-11,competitive,Asia,circuit-royal,Silver,D.Va,TANK,7.4,43.8
2026-02-11,competitive,Asia,circuit-royal,Silver,겐지,DAMAGE,12.2,52.9
2026-02-11,competitive,Asia,circuit-royal,Silver,도미나,TANK,-1.0,-1.0
2026-02-11,competitive,Asia,circuit-royal,Silver,둠피스트,TANK,3.9,55.4
2026-02-11,competitive,Asia,circuit-royal,Silver,라마트라,TANK,8.6,47.2
2026-02-11,competitive,Asia,circuit-royal,Silver,라이프위버,SUPPORT,6.3,45.2
2026-02-11,competitive,Asia,circuit-royal,Silver,라인하르트,TANK,10.0,48.4
2026-02-11,competitive,Asia,circuit-royal,Silver,레킹볼,TANK,3.0,50.1
2026-02-11,competitive,Asia,circuit-royal,Silver,로드호그,TANK,4.0,38.3
2026-02-11,competitive,Asia,circuit-royal,Silver,루시우,SUPPORT,5.0,44.4
2026-02-11,competitive,Asia,circuit-royal,Silver,리퍼,DAMAGE,10.0,49.1
2026-02-11,competitive,Asia,circuit-royal,Silver,마우가,TANK,3.7,46.6
2026-02-11,competitive,Asia,circuit-royal,Silver,메르시,SUPPORT,14.7,47.1
2026-02-11,competitive,Asia,circuit-royal,Silver,메이,DAMAGE,8.6,50.9
2026-02-11,competitive,Asia,circuit-royal,Silver,모이라,SUPPORT,18.1,44.8
2026-02-11,competitive,Asia,circuit-royal,Silver,미즈키,SUPPORT,-1.0,-1.0
2026-02-11,competitive,Asia,circuit-royal,Silver,바스티온,DAMAGE,18.1,50.1
2026-02-11,competitive,Asia,circuit-royal,Silver,바티스트,SUPPORT,10.8,48.3
2026-02-11,competitive,Asia,circuit-royal,Silver,벤데타,DAMAGE,3.2,54.8
2026-02-11,competitive,Asia,circuit-royal,Silver,벤처,DAMAGE,3.8,52.6
2026-02-11,competitive,Asia,circuit-royal,Silver,브리기테,SUPPORT,2.0,45.3
2026-02-11,competitive,Asia,circuit-royal,Silver,소전,DAMAGE,19.0,46.8
2026-02-11,competitive,Asia,circuit-royal,Silver,솔저: 76,DAMAGE,23.5,47.4
2026-02-11,competitive,Asia,circuit-royal,Silver,솜브라,DAMAGE,2.6,52.3
2026-02-11,competitive,Asia,circuit-royal,Silver,시그마,TANK,26.6,61.5
2026-02-11,competitive,Asia,circuit-royal,Silver,시메트라,DAMAGE,3.7,49.4
2026-02-11,competitive,Asia,circuit-royal,Silver,아나,SUPPORT,50.5,51.9
2026-02-11,competitive,Asia,circuit-royal,Silver,안란,DAMAGE,-1.0,-1.0
2026-02-11,competitive,Asia,circuit-royal,Silver,애쉬,DAMAGE,25.0,55.4
2026-02-11,competitive,Asia,circuit-royal,Silver,에코,DAMAGE,4.5,51.6
2026-02-11,competitive,Asia,circuit-royal,Silver,엠레,DAMAGE,-1.0,-1.0
2026-02-11,competitive,Asia,circuit-royal,Silver,오리사,TANK,14.7,43.3
2026-02-11,competitive,Asia,circuit-royal,Silver,우양,SUPPORT,15.3,52.5
2026-02-11,competitive,Asia,circuit-royal,Silver,위도우메이커,DAMAGE,9.2,53.4
2026-02-11,competitive,Asia,circuit-royal,Silver,윈스턴,TANK,6.1,48.6
2026-02-11,competitive,Asia,circuit-royal,Silver,일리아리,SUPPORT,17.7,57.0
2026-02-11,competitive,Asia,circuit-royal,Silver,자리야,TANK,7.1,51.6
2026-02-11,competitive,Asia,circuit-royal,Silver,정커퀸,TANK,3.0,49.3
2026-02-11,competitive,Asia,circuit-royal,Silver,정크랫,DAMAGE,9.3,47.1
2026-02-11,competitive,Asia,circuit-royal,Silver,제트팩 캣,SUPPORT,-1.0,-1.0
2026-02-11,competitive,Asia,circuit-royal,Silver,젠야타,SUPPORT,14.7,55.7
2026-02-11,competitive,Asia,circuit-royal,Silver,주노,SUPPORT,14.4,50.6
2026-02-11,competitive,Asia,circuit-royal,Silver,캐서디,DAMAGE,15.0,46.5
2026-02-11,competitive,Asia,circuit-royal,Silver,키리코,SUPPORT,30.4,47.0
2026-02-11,competitive,Asia,circuit-royal,Silver,토르비욘,DAMAGE,4.7,49.5
2026-02-11,competitive,Asia,circuit-royal,Silver,트레이서,DAMAGE,2.6,44.6
2026-02-11,competitive,Asia,circuit-royal,Silver,파라,DAMAGE,6.9,48.3
2026-02-11,competitive,Asia,circuit-royal,Silver,프레야,DAMAGE,7.4,50.2
2026-02-11,competitive,Asia,circuit-royal,Silver,한조,DAMAGE,10.7,50.0
2026-02-11,competitive,Asia,circuit-royal,Silver,해저드,TANK,1.9,48.8
2026-02-11,competitive,Asia,circuit-royal,Gold,D.Va,TANK,6.2,45.3
2026-02-11,competitive,Asia,circuit-royal,Gold,겐지,DAMAGE,14.6,51.4
2026-02-11,competitive,Asia,circuit-royal,Gold,도미나,TANK,-1.0,-1.0
2026-02-11,competitive,Asia,circuit-royal,Gold,둠피스트,TANK,4.6,50.9
2026-02-11,competitive,Asia,circuit-royal,Gold,라마트라,TANK,8.1,46.5
2026-02-11,competitive,Asia,circuit-royal,Gold,라이프위버,SUPPORT,6.3,43.9
2026-02-11,competitive,Asia,circuit-royal,Gold,라인하르트,TANK,9.9,49.2
2026-02-11,competitive,Asia,circuit-royal,Gold,레킹볼,TANK,3.1,48.6
2026-02-11,competitive,Asia,circuit-royal,Gold,로드호그,TANK,3.8,38.2
2026-02-11,competitive,Asia,circuit-royal,Gold,루시우,SUPPORT,3.3,44.4
2026-02-11,competitive,Asia,circuit-royal,Gold,리퍼,DAMAGE,8.5,46.9
2026-02-11,competitive,Asia,circuit-royal,Gold,마우가,TANK,3.0,43.3
2026-02-11,competitive,Asia,circuit-royal,Gold,메르시,SUPPORT,12.3,48.7
2026-02-11,competitive,Asia,circuit-royal,Gold,메이,DAMAGE,9.2,52.5
2026-02-11,competitive,Asia,circuit-royal,Gold,모이라,SUPPORT,13.2,45.5
2026-02-11,competitive,Asia,circuit-royal,Gold,미즈키,SUPPORT,-1.0,-1.0
2026-02-11,competitive,Asia,circuit-royal,Gold,바스티온,DAMAGE,14.5,49.8
2026-02-11,competitive,Asia,circuit-royal,Gold,바티스트,SUPPORT,11.6,48.4
2026-02-11,competitive,Asia,circuit-royal,Gold,벤데타,DAMAGE,3.2,55.4
2026-02-11,competitive,Asia,circuit-royal,Gold,벤처,DAMAGE,4.1,50.2
2026-02-11,competitive,Asia,circuit-royal,Gold,브리기테,SUPPORT,2.1,44.7
2026-02-11,competitive,Asia,circuit-royal,Gold,소전,DAMAGE,17.6,47.9
2026-02-11,competitive,Asia,circuit-royal,Gold,솔저: 76,DAMAGE,20.4,47.6
2026-02-11,competitive,Asia,circuit-royal,Gold,솜브라,DAMAGE,2.9,51.8
2026-02-11,competitive,Asia,circuit-royal,Gold,시그마,TANK,27.5,61.8
2026-02-11,competitive,Asia,circuit-royal,Gold,시메트라,DAMAGE,3.6,51.8
2026-02-11,competitive,Asia,circuit-royal,Gold,아나,SUPPORT,60.3,51.7
2026-02-11,competitive,Asia,circuit-royal,Gold,안란,DAMAGE,-1.0,-1.0
2026-02-11,competitive,Asia,circuit-royal,Gold,애쉬,DAMAGE,28.7,53.9
2026-02-11,competitive,Asia,circuit-royal,Gold,에코,DAMAGE,4.6,51.2
2026-02-11,competitive,Asia,circuit-royal,Gold,엠레,DAMAGE,-1.0,-1.0
2026-02-11,competitive,Asia,circuit-royal,Gold,오리사,TANK,12.7,44.9
2026-02-11,competitive,Asia,circuit-royal,Gold,우양,SUPPORT,15.7,54.1
2026-02-11,competitive,Asia,circuit-royal,Gold,위도우메이커,DAMAGE,11.4,53.7
2026-02-11,competitive,Asia,circuit-royal,Gold,윈스턴,TANK,7.4,46.9
2026-02-11,competitive,Asia,circuit-royal,Gold,일리아리,SUPPORT,18.7,56.2
2026-02-11,competitive,Asia,circuit-royal,Gold,자리야,TANK,8.8,51.3
2026-02-11,competitive,Asia,circuit-royal,Gold,정커퀸,TANK,2.9,48.8
2026-02-11,competitive,Asia,circuit-royal,Gold,정크랫,DAMAGE,6.7,47.0
2026-02-11,competitive,Asia,circuit-royal,Gold,제트팩 캣,SUPPORT,-1.0,-1.0
2026-02-11,competitive,Asia,circuit-royal,Gold,젠야타,SUPPORT,16.8,54.3
2026-02-11,competitive,Asia,circuit-royal,Gold,주노,SUPPORT,9.8,49.5
2026-02-11,competitive,Asia,circuit-royal,Gold,캐서디,DAMAGE,16.0,45.3
2026-02-11,competitive,Asia,circuit-royal,Gold,키리코,SUPPORT,29.8,45.5
2026-02-11,competitive,Asia,circuit-royal,Gold,토르비욘,DAMAGE,4.3,50.7
2026-02-11,competitive,Asia,circuit-royal,Gold,트레이서,DAMAGE,2.7,42.8
2026-02-11,competitive,Asia,circuit-royal,Gold,파라,DAMAGE,6.1,51.1
2026-02-11,competitive,Asia,circuit-royal,Gold,프레야,DAMAGE,7.9,49.0
2026-02-11,competitive,Asia,circuit-royal,Gold,한조,DAMAGE,12.9,51.1
2026-02-11,competitive,Asia,circuit-royal,Gold,해저드,TANK,1.8,45.6
2026-02-11,competitive,Asia,circuit-royal,Platinum,D.Va,TANK,5.2,45.2
2026-02-11,competitive,Asia,circuit-royal,Platinum,겐지,DAMAGE,16.8,49.4
2026-02-11,competitive,Asia,circuit-royal,Platinum,도미나,TANK,-1.0,-1.0
2026-02-11,competitive,Asia,circuit-royal,Platinum,둠피스트,TANK,6.6,51.0
2026-02-11,competitive,Asia,circuit-royal,Platinum,라마트라,TANK,8.1,48.3
2026-02-11,competitive,Asia,circuit-royal,Platinum,라이프위버,SUPPORT,5.8,42.6
2026-02-11,competitive,Asia,circuit-royal,Platinum,라인하르트,TANK,9.3,47.4
2026-02-11,competitive,Asia,circuit-royal,Platinum,레킹볼,TANK,3.2,47.0
2026-02-11,competitive,Asia,circuit-royal,Platinum,로드호그,TANK,3.6,36.6
2026-02-11,competitive,Asia,circuit-royal,Platinum,루시우,SUPPORT,2.0,40.4
2026-02-11,competitive,Asia,circuit-royal,Platinum,리퍼,DAMAGE,6.0,46.2
2026-02-11,competitive,Asia,circuit-royal,Platinum,마우가,TANK,2.2,42.1
2026-02-11,competitive,Asia,circuit-royal,Platinum,메르시,SUPPORT,9.8,49.0
2026-02-11,competitive,Asia,circuit-royal,Platinum,메이,DAMAGE,9.3,52.0
2026-02-11,competitive,Asia,circuit-royal,Platinum,모이라,SUPPORT,7.9,43.8
2026-02-11,competitive,Asia,circuit-royal,Platinum,미즈키,SUPPORT,-1.0,-1.0
2026-02-11,competitive,Asia,circuit-royal,Platinum,바스티온,DAMAGE,11.7,50.1
2026-02-11,competitive,Asia,circuit-royal,Platinum,바티스트,SUPPORT,13.0,48.5
2026-02-11,competitive,Asia,circuit-royal,Platinum,벤데타,DAMAGE,3.1,53.7
2026-02-11,competitive,Asia,circuit-royal,Platinum,벤처,DAMAGE,4.2,50.9
2026-02-11,competitive,Asia,circuit-royal,Platinum,브리기테,SUPPORT,2.2,43.7
2026-02-11,competitive,Asia,circuit-royal,Platinum,소전,DAMAGE,18.5,48.5
2026-02-11,competitive,Asia,circuit-royal,Platinum,솔저: 76,DAMAGE,15.9,47.5
2026-02-11,competitive,Asia,circuit-royal,Platinum,솜브라,DAMAGE,3.8,49.1
2026-02-11,competitive,Asia,circuit-royal,Platinum,시그마,TANK,28.5,63.0
2026-02-11,competitive,Asia,circuit-royal,Platinum,시메트라,DAMAGE,3.6,51.0
2026-02-11,competitive,Asia,circuit-royal,Platinum,아나,SUPPORT,68.5,51.4
2026-02-11,competitive,Asia,circuit-royal,Platinum,안란,DAMAGE,0.0,100.0
2026-02-11,competitive,Asia,circuit-royal,Platinum,애쉬,DAMAGE,30.7,54.0
2026-02-11,competitive,Asia,circuit-royal,Platinum,에코,DAMAGE,5.0,53.2
2026-02-11,competitive,Asia,circuit-royal,Platinum,엠레,DAMAGE,-1.0,-1.0
2026-02-11,competitive,Asia,circuit-royal,Platinum,오리사,TANK,10.7,45.3
2026-02-11,competitive,Asia,circuit-royal,Platinum,우양,SUPPORT,16.1,52.5
2026-02-11,competitive,Asia,circuit-royal,Platinum,위도우메이커,DAMAGE,14.4,54.1
2026-02-11,competitive,Asia,circuit-royal,Platinum,윈스턴,TANK,8.4,45.2
2026-02-11,competitive,Asia,circuit-royal,Platinum,일리아리,SUPPORT,22.4,58.0
2026-02-11,competitive,Asia,circuit-royal,Platinum,자리야,TANK,9.9,51.0
2026-02-11,competitive,Asia,circuit-royal,Platinum,정커퀸,TANK,2.6,46.7
2026-02-11,competitive,Asia,circuit-royal,Platinum,정크랫,DAMAGE,4.8,48.2
2026-02-11,competitive,Asia,circuit-royal,Platinum,제트팩 캣,SUPPORT,-1.0,-1.0
2026-02-11,competitive,Asia,circuit-royal,Platinum,젠야타,SUPPORT,20.4,53.8
2026-02-11,competitive,Asia,circuit-royal,Platinum,주노,SUPPORT,6.7,50.3
2026-02-11,competitive,Asia,circuit-royal,Platinum,캐서디,DAMAGE,15.5,44.3
2026-02-11,competitive,Asia,circuit-royal,Platinum,키리코,SUPPORT,25.2,44.1
2026-02-11,competitive,Asia,circuit-royal,Platinum,토르비욘,DAMAGE,3.8,48.8
2026-02-11,competitive,Asia,circuit-royal,Platinum,트레이서,DAMAGE,2.8,44.9
2026-02-11,competitive,Asia,circuit-royal,Platinum,파라,DAMAGE,5.5,51.7
2026-02-11,competitive,Asia,circuit-royal,Platinum,프레야,DAMAGE,8.9,50.1
2026-02-11,competitive,Asia,circuit-royal,Platinum,한조,DAMAGE,15.7,50.4
2026-02-11,competitive,Asia,circuit-royal,Platinum,해저드,TANK,1.7,48.8
2026-02-11,competitive,Asia,circuit-royal,Diamond,D.Va,TANK,4.9,47.3
2026-02-11,competitive,Asia,circuit-royal,Diamond,겐지,DAMAGE,18.1,49.6
2026-02-11,competitive,Asia,circuit-royal,Diamond,도미나,TANK,-1.0,-1.0
2026-02-11,competitive,Asia,circuit-royal,Diamond,둠피스트,TANK,8.7,50.0
2026-02-11,competitive,Asia,circuit-royal,Diamond,라마트라,TANK,9.3,49.4
2026-02-11,competitive,Asia,circuit-royal,Diamond,라이프위버,SUPPORT,4.8,38.1
2026-02-11,competitive,Asia,circuit-royal,Diamond,라인하르트,TANK,8.6,46.2
2026-02-11,competitive,Asia,circuit-royal,Diamond,레킹볼,TANK,3.2,44.5
2026-02-11,competitive,Asia,circuit-royal,Diamond,로드호그,TANK,2.9,29.8
2026-02-11,competitive,Asia,circuit-royal,Diamond,루시우,SUPPORT,1.5,37.6
2026-02-11,competitive,Asia,circuit-royal,Diamond,리퍼,DAMAGE,4.0,44.1
2026-02-11,competitive,Asia,circuit-royal,Diamond,마우가,TANK,1.8,41.1
2026-02-11,competitive,Asia,circuit-royal,Diamond,메르시,SUPPORT,7.8,49.7
2026-02-11,competitive,Asia,circuit-royal,Diamond,메이,DAMAGE,8.5,49.5
2026-02-11,competitive,Asia,circuit-royal,Diamond,모이라,SUPPORT,4.1,42.1
2026-02-11,competitive,Asia,circuit-royal,Diamond,미즈키,SUPPORT,-1.0,-1.0
2026-02-11,competitive,Asia,circuit-royal,Diamond,바스티온,DAMAGE,9.6,50.0
2026-02-11,competitive,Asia,circuit-royal,Diamond,바티스트,SUPPORT,16.4,48.8
2026-02-11,competitive,Asia,circuit-royal,Diamond,벤데타,DAMAGE,3.0,51.7
2026-02-11,competitive,Asia,circuit-royal,Diamond,벤처,DAMAGE,4.3,49.9
2026-02-11,competitive,Asia,circuit-royal,Diamond,브리기테,SUPPORT,1.8,40.2
2026-02-11,competitive,Asia,circuit-royal,Diamond,소전,DAMAGE,21.9,50.3
2026-02-11,competitive,Asia,circuit-royal,Diamond,솔저: 76,DAMAGE,11.2,47.5
2026-02-11,competitive,Asia,circuit-royal,Diamond,솜브라,DAMAGE,4.3,46.9
2026-02-11,competitive,Asia,circuit-royal,Diamond,시그마,TANK,28.6,66.3
2026-02-11,competitive,Asia,circuit-royal,Diamond,시메트라,DAMAGE,3.8,53.6
2026-02-11,competitive,Asia,circuit-royal,Diamond,아나,SUPPORT,69.6,51.8
2026-02-11,competitive,Asia,circuit-royal,Diamond,안란,DAMAGE,0.0,69.4
2026-02-11,competitive,Asia,circuit-royal,Diamond,애쉬,DAMAGE,29.8,54.4
2026-02-11,competitive,Asia,circuit-royal,Diamond,에코,DAMAGE,5.7,51.1
2026-02-11,competitive,Asia,circuit-royal,Diamond,엠레,DAMAGE,-1.0,-1.0
2026-02-11,competitive,Asia,circuit-royal,Diamond,오리사,TANK,9.5,46.4
2026-02-11,competitive,Asia,circuit-royal,Diamond,우양,SUPPORT,18.3,51.2
2026-02-11,competitive,Asia,circuit-royal,Diamond,위도우메이커,DAMAGE,17.2,54.6
2026-02-11,competitive,Asia,circuit-royal,Diamond,윈스턴,TANK,8.4,43.1
2026-02-11,competitive,Asia,circuit-royal,Diamond,일리아리,SUPPORT,26.3,58.9
2026-02-11,competitive,Asia,circuit-royal,Diamond,자리야,TANK,10.6,50.9
2026-02-11,competitive,Asia,circuit-royal,Diamond,정커퀸,TANK,2.0,46.5
2026-02-11,competitive,Asia,circuit-royal,Diamond,정크랫,DAMAGE,3.8,46.1
2026-02-11,competitive,Asia,circuit-royal,Diamond,제트팩 캣,SUPPORT,-1.0,-1.0
2026-02-11,competitive,Asia,circuit-royal,Diamond,젠야타,SUPPORT,26.0,53.3
2026-02-11,competitive,Asia,circuit-royal,Diamond,주노,SUPPORT,4.4,49.0
2026-02-11,competitive,Asia,circuit-royal,Diamond,캐서디,DAMAGE,13.7,44.3
2026-02-11,competitive,Asia,circuit-royal,Diamond,키리코,SUPPORT,19.1,42.3
2026-02-11,competitive,Asia,circuit-royal,Diamond,토르비욘,DAMAGE,3.1,45.5
2026-02-11,competitive,Asia,circuit-royal,Diamond,트레이서,DAMAGE,2.8,43.9
2026-02-11,competitive,Asia,circuit-royal,Diamond,파라,DAMAGE,5.6,51.7
2026-02-11,competitive,Asia,circuit-royal,Diamond,프레야,DAMAGE,10.8,50.3
2026-02-11,competitive,Asia,circuit-royal,Diamond,한조,DAMAGE,19.0,50.2
2026-02-11,competitive,Asia,circuit-royal,Diamond,해저드,TANK,1.3,44.4
2026-02-11,competitive,Asia,circuit-royal,Master,D.Va,TANK,4.1,48.7
2026-02-11,competitive,Asia,circuit-royal,Master,겐지,DAMAGE,16.9,49.3
2026-02-11,competitive,Asia,circuit-royal,Master,도미나,TANK,-1.0,-1.0
2026-02-11,competitive,Asia,circuit-royal,Master,둠피스트,TANK,9.9,45.6
2026-02-11,competitive,Asia,circuit-royal,Master,라마트라,TANK,10.8,48.8
2026-02-11,competitive,Asia,circuit-royal,Master,라이프위버,SUPPORT,3.6,36.0
2026-02-11,competitive,Asia,circuit-royal,Master,라인하르트,TANK,7.2,41.0
2026-02-11,competitive,Asia,circuit-royal,Master,레킹볼,TANK,2.5,43.2
2026-02-11,competitive,Asia,circuit-royal,Master,로드호그,TANK,2.1,33.2
2026-02-11,competitive,Asia,circuit-royal,Master,루시우,SUPPORT,1.3,43.0
2026-02-11,competitive,Asia,circuit-royal,Master,리퍼,DAMAGE,3.0,45.2
2026-02-11,competitive,Asia,circuit-royal,Master,마우가,TANK,1.5,45.8
2026-02-11,competitive,Asia,circuit-royal,Master,메르시,SUPPORT,6.6,43.4
2026-02-11,competitive,Asia,circuit-royal,Master,메이,DAMAGE,8.2,51.2
2026-02-11,competitive,Asia,circuit-royal,Master,모이라,SUPPORT,2.4,39.1
2026-02-11,competitive,Asia,circuit-royal,Master,미즈키,SUPPORT,-1.0,-1.0
2026-02-11,competitive,Asia,circuit-royal,Master,바스티온,DAMAGE,8.2,50.6
2026-02-11,competitive,Asia,circuit-royal,Master,바티스트,SUPPORT,25.7,51.3
2026-02-11,competitive,Asia,circuit-royal,Master,벤데타,DAMAGE,3.0,47.0
2026-02-11,competitive,Asia,circuit-royal,Master,벤처,DAMAGE,4.3,53.5
2026-02-11,competitive,Asia,circuit-royal,Master,브리기테,SUPPORT,1.5,41.8
2026-02-11,competitive,Asia,circuit-royal,Master,소전,DAMAGE,29.2,49.2
2026-02-11,competitive,Asia,circuit-royal,Master,솔저: 76,DAMAGE,7.0,50.1
2026-02-11,competitive,Asia,circuit-royal,Master,솜브라,DAMAGE,3.5,49.7
2026-02-11,competitive,Asia,circuit-royal,Master,시그마,TANK,30.2,66.4
2026-02-11,competitive,Asia,circuit-royal,Master,시메트라,DAMAGE,4.2,52.8
2026-02-11,competitive,Asia,circuit-royal,Master,아나,SUPPORT,64.0,50.5
2026-02-11,competitive,Asia,circuit-royal,Master,안란,DAMAGE,-1.0,-1.0
2026-02-11,competitive,Asia,circuit-royal,Master,애쉬,DAMAGE,25.8,53.0
2026-02-11,competitive,Asia,circuit-royal,Master,에코,DAMAGE,7.4,46.4
2026-02-11,competitive,Asia,circuit-royal,Master,엠레,DAMAGE,-1.0,-1.0
2026-02-11,competitive,Asia,circuit-royal,Master,오리사,TANK,10.6,49.7
2026-02-11,competitive,Asia,circuit-royal,Master,우양,SUPPORT,20.5,52.3
2026-02-11,competitive,Asia,circuit-royal,Master,위도우메이커,DAMAGE,20.2,54.0
2026-02-11,competitive,Asia,circuit-royal,Master,윈스턴,TANK,6.6,43.5
2026-02-11,competitive,Asia,circuit-royal,Master,일리아리,SUPPORT,27.3,60.7
2026-02-11,competitive,Asia,circuit-royal,Master,자리야,TANK,11.7,55.3
2026-02-11,competitive,Asia,circuit-royal,Master,정커퀸,TANK,1.8,51.2
2026-02-11,competitive,Asia,circuit-royal,Master,정크랫,DAMAGE,2.7,46.4
2026-02-11,competitive,Asia,circuit-royal,Master,제트팩 캣,SUPPORT,-1.0,-1.0
2026-02-11,competitive,Asia,circuit-royal,Master,젠야타,SUPPORT,31.5,51.0
2026-02-11,competitive,Asia,circuit-royal,Master,주노,SUPPORT,3.7,48.5
2026-02-11,competitive,Asia,circuit-royal,Master,캐서디,DAMAGE,9.4,41.1
2026-02-11,competitive,Asia,circuit-royal,Master,키리코,SUPPORT,11.9,41.0
2026-02-11,competitive,Asia,circuit-royal,Master,토르비욘,DAMAGE,2.0,41.8
2026-02-11,competitive,Asia,circuit-royal,Master,트레이서,DAMAGE,2.7,43.0
2026-02-11,competitive,Asia,circuit-royal,Master,파라,DAMAGE,6.3,54.0
2026-02-11,competitive,Asia,circuit-royal,Master,프레야,DAMAGE,13.6,51.3
2026-02-11,competitive,Asia,circuit-royal,Master,한조,DAMAGE,22.4,50.4
2026-02-11,competitive,Asia,circuit-royal,Master,해저드,TANK,0.9,35.5
2026-02-11,competitive,Asia,circuit-royal,Grandmaster,D.Va,TANK,3.1,53.6
2026-02-11,competitive,Asia,circuit-royal,Grandmaster,겐지,DAMAGE,13.2,43.4
2026-02-11,competitive,Asia,circuit-royal,Grandmaster,도미나,TANK,-1.0,-1.0
2026-02-11,competitive,Asia,circuit-royal,Grandmaster,둠피스트,TANK,7.1,43.7
2026-02-11,competitive,Asia,circuit-royal,Grandmaster,라마트라,TANK,12.0,52.2
2026-02-11,competitive,Asia,circuit-royal,Grandmaster,라이프위버,SUPPORT,1.8,23.5
2026-02-11,competitive,Asia,circuit-royal,Grandmaster,라인하르트,TANK,5.8,35.8
2026-02-11,competitive,Asia,circuit-royal,Grandmaster,레킹볼,TANK,2.0,46.8
2026-02-11,competitive,Asia,circuit-royal,Grandmaster,로드호그,TANK,1.2,28.6
2026-02-11,competitive,Asia,circuit-royal,Grandmaster,루시우,SUPPORT,1.9,33.6
2026-02-11,competitive,Asia,circuit-royal,Grandmaster,리퍼,DAMAGE,1.2,25.4
2026-02-11,competitive,Asia,circuit-royal,Grandmaster,마우가,TANK,0.5,22.6
2026-02-11,competitive,Asia,circuit-royal,Grandmaster,메르시,SUPPORT,4.3,34.4
2026-02-11,competitive,Asia,circuit-royal,Grandmaster,메이,DAMAGE,7.5,44.1
2026-02-11,competitive,Asia,circuit-royal,Grandmaster,모이라,SUPPORT,1.7,51.4
2026-02-11,competitive,Asia,circuit-royal,Grandmaster,미즈키,SUPPORT,-1.0,-1.0
2026-02-11,competitive,Asia,circuit-royal,Grandmaster,바스티온,DAMAGE,6.8,44.0
2026-02-11,competitive,Asia,circuit-royal,Grandmaster,바티스트,SUPPORT,47.1,55.4
2026-02-11,competitive,Asia,circuit-royal,Grandmaster,벤데타,DAMAGE,4.5,51.4
2026-02-11,competitive,Asia,circuit-royal,Grandmaster,벤처,DAMAGE,4.2,55.0
2026-02-11,competitive,Asia,circuit-royal,Grandmaster,브리기테,SUPPORT,1.6,47.6
2026-02-11,competitive,Asia,circuit-royal,Grandmaster,소전,DAMAGE,38.6,48.8
2026-02-11,competitive,Asia,circuit-royal,Grandmaster,솔저: 76,DAMAGE,5.6,55.1
2026-02-11,competitive,Asia,circuit-royal,Grandmaster,솜브라,DAMAGE,2.5,54.1
2026-02-11,competitive,Asia,circuit-royal,Grandmaster,시그마,TANK,42.5,65.3
2026-02-11,competitive,Asia,circuit-royal,Grandmaster,시메트라,DAMAGE,6.4,54.9
2026-02-11,competitive,Asia,circuit-royal,Grandmaster,아나,SUPPORT,42.7,48.7
2026-02-11,competitive,Asia,circuit-royal,Grandmaster,안란,DAMAGE,-1.0,-1.0
2026-02-11,competitive,Asia,circuit-royal,Grandmaster,애쉬,DAMAGE,19.5,51.1
2026-02-11,competitive,Asia,circuit-royal,Grandmaster,에코,DAMAGE,7.3,44.4
2026-02-11,competitive,Asia,circuit-royal,Grandmaster,엠레,DAMAGE,-1.0,-1.0
2026-02-11,competitive,Asia,circuit-royal,Grandmaster,오리사,TANK,8.3,54.0
2026-02-11,competitive,Asia,circuit-royal,Grandmaster,우양,SUPPORT,28.6,51.0
2026-02-11,competitive,Asia,circuit-royal,Grandmaster,위도우메이커,DAMAGE,24.3,58.3
2026-02-11,competitive,Asia,circuit-royal,Grandmaster,윈스턴,TANK,2.8,34.1
2026-02-11,competitive,Asia,circuit-royal,Grandmaster,일리아리,SUPPORT,30.6,57.4
2026-02-11,competitive,Asia,circuit-royal,Grandmaster,자리야,TANK,13.3,50.5
2026-02-11,competitive,Asia,circuit-royal,Grandmaster,정커퀸,TANK,0.9,49.9
2026-02-11,competitive,Asia,circuit-royal,Grandmaster,정크랫,DAMAGE,3.4,48.8
2026-02-11,competitive,Asia,circuit-royal,Grandmaster,제트팩 캣,SUPPORT,-1.0,-1.0
2026-02-11,competitive,Asia,circuit-royal,Grandmaster,젠야타,SUPPORT,27.7,53.0
2026-02-11,competitive,Asia,circuit-royal,Grandmaster,주노,SUPPORT,6.1,43.9
2026-02-11,competitive,Asia,circuit-royal,Grandmaster,캐서디,DAMAGE,4.2,44.2
2026-02-11,competitive,Asia,circuit-royal,Grandmaster,키리코,SUPPORT,6.0,36.5
2026-02-11,competitive,Asia,circuit-royal,Grandmaster,토르비욘,DAMAGE,1.1,44.2
2026-02-11,competitive,Asia,circuit-royal,Grandmaster,트레이서,DAMAGE,2.5,50.6
2026-02-11,competitive,Asia,circuit-royal,Grandmaster,파라,DAMAGE,6.8,53.2
2026-02-11,competitive,Asia,circuit-royal,Grandmaster,프레야,DAMAGE,18.3,49.6
2026-02-11,competitive,Asia,circuit-royal,Grandmaster,한조,DAMAGE,22.3,51.8
2026-02-11,competitive,Asia,circuit-royal,Grandmaster,해저드,TANK,0.5,29.2
2026-02-11,competitive,Asia,junkertown,All,D.Va,TANK,9.7,50.1
2026-02-11,competitive,Asia,junkertown,All,겐지,DAMAGE,17.2,52.2
2026-02-11,competitive,Asia,junkertown,All,도미나,TANK,-1.0,-1.0
2026-02-11,competitive,Asia,junkertown,All,둠피스트,TANK,5.8,52.0
2026-02-11,competitive,Asia,junkertown,All,라마트라,TANK,5.8,47.5
2026-02-11,competitive,Asia,junkertown,All,라이프위버,SUPPORT,6.1,45.5
2026-02-11,competitive,Asia,junkertown,All,라인하르트,TANK,8.1,48.2
2026-02-11,competitive,Asia,junkertown,All,레킹볼,TANK,4.3,52.5
2026-02-11,competitive,Asia,junkertown,All,로드호그,TANK,5.7,40.9
2026-02-11,competitive,Asia,junkertown,All,루시우,SUPPORT,3.6,41.6
2026-02-11,competitive,Asia,junkertown,All,리퍼,DAMAGE,10.1,48.9
2026-02-11,competitive,Asia,junkertown,All,마우가,TANK,3.2,46.8
2026-02-11,competitive,Asia,junkertown,All,메르시,SUPPORT,11.9,47.1
2026-02-11,competitive,Asia,junkertown,All,메이,DAMAGE,7.3,49.1
2026-02-11,competitive,Asia,junkertown,All,모이라,SUPPORT,13.9,44.6
2026-02-11,competitive,Asia,junkertown,All,미즈키,SUPPORT,-1.0,-1.0
2026-02-11,competitive,Asia,junkertown,All,바스티온,DAMAGE,12.4,48.2
2026-02-11,competitive,Asia,junkertown,All,바티스트,SUPPORT,10.8,47.4
2026-02-11,competitive,Asia,junkertown,All,벤데타,DAMAGE,3.5,57.4
2026-02-11,competitive,Asia,junkertown,All,벤처,DAMAGE,4.9,52.0
2026-02-11,competitive,Asia,junkertown,All,브리기테,SUPPORT,3.5,45.5
2026-02-11,competitive,Asia,junkertown,All,소전,DAMAGE,16.0,46.6
2026-02-11,competitive,Asia,junkertown,All,솔저: 76,DAMAGE,22.6,50.4
2026-02-11,competitive,Asia,junkertown,All,솜브라,DAMAGE,4.6,51.5
2026-02-11,competitive,Asia,junkertown,All,시그마,TANK,21.7,57.6
2026-02-11,competitive,Asia,junkertown,All,시메트라,DAMAGE,3.1,48.2
2026-02-11,competitive,Asia,junkertown,All,아나,SUPPORT,59.3,53.5
2026-02-11,competitive,Asia,junkertown,All,안란,DAMAGE,0.0,25.6
2026-02-11,competitive,Asia,junkertown,All,애쉬,DAMAGE,24.8,53.8
2026-02-11,competitive,Asia,junkertown,All,에코,DAMAGE,4.8,50.9
2026-02-11,competitive,Asia,junkertown,All,엠레,DAMAGE,-1.0,-1.0
2026-02-11,competitive,Asia,junkertown,All,오리사,TANK,11.2,44.3
2026-02-11,competitive,Asia,junkertown,All,우양,SUPPORT,16.7,54.2
2026-02-11,competitive,Asia,junkertown,All,위도우메이커,DAMAGE,11.2,53.2
2026-02-11,competitive,Asia,junkertown,All,윈스턴,TANK,11.3,50.4
2026-02-11,competitive,Asia,junkertown,All,일리아리,SUPPORT,17.5,57.0
2026-02-11,competitive,Asia,junkertown,All,자리야,TANK,7.1,50.1
2026-02-11,competitive,Asia,junkertown,All,정커퀸,TANK,3.3,51.0
2026-02-11,competitive,Asia,junkertown,All,정크랫,DAMAGE,6.1,46.9
2026-02-11,competitive,Asia,junkertown,All,제트팩 캣,SUPPORT,-1.0,-1.0
2026-02-11,competitive,Asia,junkertown,All,젠야타,SUPPORT,15.6,53.8
2026-02-11,competitive,Asia,junkertown,All,주노,SUPPORT,9.2,48.4
2026-02-11,competitive,Asia,junkertown,All,캐서디,DAMAGE,20.7,46.9
2026-02-11,competitive,Asia,junkertown,All,키리코,SUPPORT,31.9,46.3
2026-02-11,competitive,Asia,junkertown,All,토르비욘,DAMAGE,4.2,47.7
2026-02-11,competitive,Asia,junkertown,All,트레이서,DAMAGE,5.1,48.2
2026-02-11,competitive,Asia,junkertown,All,파라,DAMAGE,4.0,50.5
2026-02-11,competitive,Asia,junkertown,All,프레야,DAMAGE,7.0,49.6
2026-02-11,competitive,Asia,junkertown,All,한조,DAMAGE,10.8,49.5
2026-02-11,competitive,Asia,junkertown,All,해저드,TANK,2.9,48.0
2026-02-11,competitive,Asia,junkertown,Bronze,D.Va,TANK,11.1,46.4
2026-02-11,competitive,Asia,junkertown,Bronze,겐지,DAMAGE,10.4,53.9
2026-02-11,competitive,Asia,junkertown,Bronze,도미나,TANK,-1.0,-1.0
2026-02-11,competitive,Asia,junkertown,Bronze,둠피스트,TANK,3.2,56.0
2026-02-11,competitive,Asia,junkertown,Bronze,라마트라,TANK,9.1,49.4
2026-02-11,competitive,Asia,junkertown,Bronze,라이프위버,SUPPORT,5.6,49.0
2026-02-11,competitive,Asia,junkertown,Bronze,라인하르트,TANK,9.0,50.9
2026-02-11,competitive,Asia,junkertown,Bronze,레킹볼,TANK,3.5,53.7
2026-02-11,competitive,Asia,junkertown,Bronze,로드호그,TANK,6.2,46.4
2026-02-11,competitive,Asia,junkertown,Bronze,루시우,SUPPORT,7.4,43.7
2026-02-11,competitive,Asia,junkertown,Bronze,리퍼,DAMAGE,11.8,52.0
2026-02-11,competitive,Asia,junkertown,Bronze,마우가,TANK,5.0,46.5
2026-02-11,competitive,Asia,junkertown,Bronze,메르시,SUPPORT,14.6,46.6
2026-02-11,competitive,Asia,junkertown,Bronze,메이,DAMAGE,7.1,48.3
2026-02-11,competitive,Asia,junkertown,Bronze,모이라,SUPPORT,23.5,47.0
2026-02-11,competitive,Asia,junkertown,Bronze,미즈키,SUPPORT,-1.0,-1.0
2026-02-11,competitive,Asia,junkertown,Bronze,바스티온,DAMAGE,22.7,47.9
2026-02-11,competitive,Asia,junkertown,Bronze,바티스트,SUPPORT,9.1,47.7
2026-02-11,competitive,Asia,junkertown,Bronze,벤데타,DAMAGE,3.2,51.2
2026-02-11,competitive,Asia,junkertown,Bronze,벤처,DAMAGE,4.7,54.6
2026-02-11,competitive,Asia,junkertown,Bronze,브리기테,SUPPORT,2.5,47.1
2026-02-11,competitive,Asia,junkertown,Bronze,소전,DAMAGE,19.5,42.2
2026-02-11,competitive,Asia,junkertown,Bronze,솔저: 76,DAMAGE,25.7,48.5
2026-02-11,competitive,Asia,junkertown,Bronze,솜브라,DAMAGE,3.2,56.0
2026-02-11,competitive,Asia,junkertown,Bronze,시그마,TANK,20.5,56.8
2026-02-11,competitive,Asia,junkertown,Bronze,시메트라,DAMAGE,3.3,49.4
2026-02-11,competitive,Asia,junkertown,Bronze,아나,SUPPORT,37.7,52.8
2026-02-11,competitive,Asia,junkertown,Bronze,안란,DAMAGE,-1.0,-1.0
2026-02-11,competitive,Asia,junkertown,Bronze,애쉬,DAMAGE,17.4,53.9
2026-02-11,competitive,Asia,junkertown,Bronze,에코,DAMAGE,4.7,50.7
2026-02-11,competitive,Asia,junkertown,Bronze,엠레,DAMAGE,-1.0,-1.0
2026-02-11,competitive,Asia,junkertown,Bronze,오리사,TANK,15.9,42.6
2026-02-11,competitive,Asia,junkertown,Bronze,우양,SUPPORT,17.6,54.6
2026-02-11,competitive,Asia,junkertown,Bronze,위도우메이커,DAMAGE,8.3,53.2
2026-02-11,competitive,Asia,junkertown,Bronze,윈스턴,TANK,5.8,45.8
2026-02-11,competitive,Asia,junkertown,Bronze,일리아리,SUPPORT,14.8,56.6
2026-02-11,competitive,Asia,junkertown,Bronze,자리야,TANK,4.7,57.6
2026-02-11,competitive,Asia,junkertown,Bronze,정커퀸,TANK,3.5,58.3
2026-02-11,competitive,Asia,junkertown,Bronze,정크랫,DAMAGE,12.1,49.2
2026-02-11,competitive,Asia,junkertown,Bronze,제트팩 캣,SUPPORT,-1.0,-1.0
2026-02-11,competitive,Asia,junkertown,Bronze,젠야타,SUPPORT,15.2,51.9
2026-02-11,competitive,Asia,junkertown,Bronze,주노,SUPPORT,20.1,49.4
2026-02-11,competitive,Asia,junkertown,Bronze,캐서디,DAMAGE,16.1,50.3
2026-02-11,competitive,Asia,junkertown,Bronze,키리코,SUPPORT,32.1,47.0
2026-02-11,competitive,Asia,junkertown,Bronze,토르비욘,DAMAGE,5.5,49.1
2026-02-11,competitive,Asia,junkertown,Bronze,트레이서,DAMAGE,3.4,55.5
2026-02-11,competitive,Asia,junkertown,Bronze,파라,DAMAGE,7.5,51.7
2026-02-11,competitive,Asia,junkertown,Bronze,프레야,DAMAGE,5.7,48.7
2026-02-11,competitive,Asia,junkertown,Bronze,한조,DAMAGE,7.7,50.6
2026-02-11,competitive,Asia,junkertown,Bronze,해저드,TANK,2.6,48.5
2026-02-11,competitive,Asia,junkertown,Silver,D.Va,TANK,10.0,49.1
2026-02-11,competitive,Asia,junkertown,Silver,겐지,DAMAGE,13.3,53.0
2026-02-11,competitive,Asia,junkertown,Silver,도미나,TANK,-1.0,-1.0
2026-02-11,competitive,Asia,junkertown,Silver,둠피스트,TANK,3.8,54.4
2026-02-11,competitive,Asia,junkertown,Silver,라마트라,TANK,7.7,48.6
2026-02-11,competitive,Asia,junkertown,Silver,라이프위버,SUPPORT,6.6,48.7
2026-02-11,competitive,Asia,junkertown,Silver,라인하르트,TANK,9.9,48.9
2026-02-11,competitive,Asia,junkertown,Silver,레킹볼,TANK,3.4,54.5
2026-02-11,competitive,Asia,junkertown,Silver,로드호그,TANK,5.5,42.0
2026-02-11,competitive,Asia,junkertown,Silver,루시우,SUPPORT,6.1,42.6
2026-02-11,competitive,Asia,junkertown,Silver,리퍼,DAMAGE,12.1,49.5
2026-02-11,competitive,Asia,junkertown,Silver,마우가,TANK,4.1,46.3
2026-02-11,competitive,Asia,junkertown,Silver,메르시,SUPPORT,15.9,46.2
2026-02-11,competitive,Asia,junkertown,Silver,메이,DAMAGE,7.8,49.6
2026-02-11,competitive,Asia,junkertown,Silver,모이라,SUPPORT,20.9,44.0
2026-02-11,competitive,Asia,junkertown,Silver,미즈키,SUPPORT,-1.0,-1.0
2026-02-11,competitive,Asia,junkertown,Silver,바스티온,DAMAGE,16.5,48.5
2026-02-11,competitive,Asia,junkertown,Silver,바티스트,SUPPORT,10.1,47.6
2026-02-11,competitive,Asia,junkertown,Silver,벤데타,DAMAGE,3.9,58.5
2026-02-11,competitive,Asia,junkertown,Silver,벤처,DAMAGE,4.7,53.3
2026-02-11,competitive,Asia,junkertown,Silver,브리기테,SUPPORT,2.6,47.1
2026-02-11,competitive,Asia,junkertown,Silver,소전,DAMAGE,17.0,45.0
2026-02-11,competitive,Asia,junkertown,Silver,솔저: 76,DAMAGE,27.2,49.2
2026-02-11,competitive,Asia,junkertown,Silver,솜브라,DAMAGE,3.3,53.2
2026-02-11,competitive,Asia,junkertown,Silver,시그마,TANK,20.3,55.9
2026-02-11,competitive,Asia,junkertown,Silver,시메트라,DAMAGE,3.2,51.6
2026-02-11,competitive,Asia,junkertown,Silver,아나,SUPPORT,48.5,53.0
2026-02-11,competitive,Asia,junkertown,Silver,안란,DAMAGE,0.0,0.0
2026-02-11,competitive,Asia,junkertown,Silver,애쉬,DAMAGE,21.1,54.4
2026-02-11,competitive,Asia,junkertown,Silver,에코,DAMAGE,4.5,49.5
2026-02-11,competitive,Asia,junkertown,Silver,엠레,DAMAGE,-1.0,-1.0
2026-02-11,competitive,Asia,junkertown,Silver,오리사,TANK,14.5,44.5
2026-02-11,competitive,Asia,junkertown,Silver,우양,SUPPORT,15.0,54.5
2026-02-11,competitive,Asia,junkertown,Silver,위도우메이커,DAMAGE,9.0,53.5
2026-02-11,competitive,Asia,junkertown,Silver,윈스턴,TANK,7.8,50.4
2026-02-11,competitive,Asia,junkertown,Silver,일리아리,SUPPORT,15.3,56.3
2026-02-11,competitive,Asia,junkertown,Silver,자리야,TANK,6.7,53.2
2026-02-11,competitive,Asia,junkertown,Silver,정커퀸,TANK,3.7,51.8
2026-02-11,competitive,Asia,junkertown,Silver,정크랫,DAMAGE,9.2,46.4
2026-02-11,competitive,Asia,junkertown,Silver,제트팩 캣,SUPPORT,-1.0,-1.0
2026-02-11,competitive,Asia,junkertown,Silver,젠야타,SUPPORT,13.7,54.5
2026-02-11,competitive,Asia,junkertown,Silver,주노,SUPPORT,13.6,47.7
2026-02-11,competitive,Asia,junkertown,Silver,캐서디,DAMAGE,18.5,48.7
2026-02-11,competitive,Asia,junkertown,Silver,키리코,SUPPORT,31.7,48.9
2026-02-11,competitive,Asia,junkertown,Silver,토르비욘,DAMAGE,4.4,48.7
2026-02-11,competitive,Asia,junkertown,Silver,트레이서,DAMAGE,3.6,45.5
2026-02-11,competitive,Asia,junkertown,Silver,파라,DAMAGE,5.5,50.0
2026-02-11,competitive,Asia,junkertown,Silver,프레야,DAMAGE,6.2,49.1
2026-02-11,competitive,Asia,junkertown,Silver,한조,DAMAGE,9.1,49.6
2026-02-11,competitive,Asia,junkertown,Silver,해저드,TANK,2.6,49.8
2026-02-11,competitive,Asia,junkertown,Gold,D.Va,TANK,9.6,51.7
2026-02-11,competitive,Asia,junkertown,Gold,겐지,DAMAGE,16.6,52.1
2026-02-11,competitive,Asia,junkertown,Gold,도미나,TANK,-1.0,-1.0
2026-02-11,competitive,Asia,junkertown,Gold,둠피스트,TANK,5.0,52.4
2026-02-11,competitive,Asia,junkertown,Gold,라마트라,TANK,6.0,47.8
2026-02-11,competitive,Asia,junkertown,Gold,라이프위버,SUPPORT,6.5,46.7
2026-02-11,competitive,Asia,junkertown,Gold,라인하르트,TANK,8.7,48.7
2026-02-11,competitive,Asia,junkertown,Gold,레킹볼,TANK,4.0,54.3
2026-02-11,competitive,Asia,junkertown,Gold,로드호그,TANK,5.8,41.1
2026-02-11,competitive,Asia,junkertown,Gold,루시우,SUPPORT,3.7,40.4
2026-02-11,competitive,Asia,junkertown,Gold,리퍼,DAMAGE,11.3,48.3
2026-02-11,competitive,Asia,junkertown,Gold,마우가,TANK,3.2,44.7
2026-02-11,competitive,Asia,junkertown,Gold,메르시,SUPPORT,12.7,48.4
2026-02-11,competitive,Asia,junkertown,Gold,메이,DAMAGE,7.9,49.0
2026-02-11,competitive,Asia,junkertown,Gold,모이라,SUPPORT,15.6,45.0
2026-02-11,competitive,Asia,junkertown,Gold,미즈키,SUPPORT,-1.0,-1.0
2026-02-11,competitive,Asia,junkertown,Gold,바스티온,DAMAGE,12.7,47.9
2026-02-11,competitive,Asia,junkertown,Gold,바티스트,SUPPORT,10.5,46.8
2026-02-11,competitive,Asia,junkertown,Gold,벤데타,DAMAGE,3.4,58.2
2026-02-11,competitive,Asia,junkertown,Gold,벤처,DAMAGE,4.8,52.9
2026-02-11,competitive,Asia,junkertown,Gold,브리기테,SUPPORT,3.0,45.1
2026-02-11,competitive,Asia,junkertown,Gold,소전,DAMAGE,15.4,48.0
2026-02-11,competitive,Asia,junkertown,Gold,솔저: 76,DAMAGE,24.3,49.6
2026-02-11,competitive,Asia,junkertown,Gold,솜브라,DAMAGE,3.8,52.7
2026-02-11,competitive,Asia,junkertown,Gold,시그마,TANK,21.1,57.7
2026-02-11,competitive,Asia,junkertown,Gold,시메트라,DAMAGE,3.1,48.9
2026-02-11,competitive,Asia,junkertown,Gold,아나,SUPPORT,59.6,53.7
2026-02-11,competitive,Asia,junkertown,Gold,안란,DAMAGE,-1.0,-1.0
2026-02-11,competitive,Asia,junkertown,Gold,애쉬,DAMAGE,25.0,54.2
2026-02-11,competitive,Asia,junkertown,Gold,에코,DAMAGE,4.6,51.6
2026-02-11,competitive,Asia,junkertown,Gold,엠레,DAMAGE,-1.0,-1.0
2026-02-11,competitive,Asia,junkertown,Gold,오리사,TANK,12.3,44.4
2026-02-11,competitive,Asia,junkertown,Gold,우양,SUPPORT,15.4,53.1
2026-02-11,competitive,Asia,junkertown,Gold,위도우메이커,DAMAGE,10.3,53.3
2026-02-11,competitive,Asia,junkertown,Gold,윈스턴,TANK,10.2,49.5
2026-02-11,competitive,Asia,junkertown,Gold,일리아리,SUPPORT,15.5,56.7
2026-02-11,competitive,Asia,junkertown,Gold,자리야,TANK,7.6,49.2
2026-02-11,competitive,Asia,junkertown,Gold,정커퀸,TANK,3.5,50.9
2026-02-11,competitive,Asia,junkertown,Gold,정크랫,DAMAGE,6.1,46.5
2026-02-11,competitive,Asia,junkertown,Gold,제트팩 캣,SUPPORT,-1.0,-1.0
2026-02-11,competitive,Asia,junkertown,Gold,젠야타,SUPPORT,14.6,54.6
2026-02-11,competitive,Asia,junkertown,Gold,주노,SUPPORT,9.6,49.0
2026-02-11,competitive,Asia,junkertown,Gold,캐서디,DAMAGE,21.3,46.4
2026-02-11,competitive,Asia,junkertown,Gold,키리코,SUPPORT,33.4,46.6
2026-02-11,competitive,Asia,junkertown,Gold,토르비욘,DAMAGE,4.2,49.2
2026-02-11,competitive,Asia,junkertown,Gold,트레이서,DAMAGE,4.4,47.7
2026-02-11,competitive,Asia,junkertown,Gold,파라,DAMAGE,4.0,51.4
2026-02-11,competitive,Asia,junkertown,Gold,프레야,DAMAGE,6.8,49.0
2026-02-11,competitive,Asia,junkertown,Gold,한조,DAMAGE,10.0,49.0
2026-02-11,competitive,Asia,junkertown,Gold,해저드,TANK,3.0,46.9
2026-02-11,competitive,Asia,junkertown,Platinum,D.Va,TANK,9.4,49.9
2026-02-11,competitive,Asia,junkertown,Platinum,겐지,DAMAGE,19.6,51.9
2026-02-11,competitive,Asia,junkertown,Platinum,도미나,TANK,-1.0,-1.0
2026-02-11,competitive,Asia,junkertown,Platinum,둠피스트,TANK,6.6,52.0
2026-02-11,competitive,Asia,junkertown,Platinum,라마트라,TANK,4.6,46.4
2026-02-11,competitive,Asia,junkertown,Platinum,라이프위버,SUPPORT,6.0,43.2
2026-02-11,competitive,Asia,junkertown,Platinum,라인하르트,TANK,7.2,47.1
2026-02-11,competitive,Asia,junkertown,Platinum,레킹볼,TANK,4.8,50.9
2026-02-11,competitive,Asia,junkertown,Platinum,로드호그,TANK,5.8,39.5
2026-02-11,competitive,Asia,junkertown,Platinum,루시우,SUPPORT,2.2,41.0
2026-02-11,competitive,Asia,junkertown,Platinum,리퍼,DAMAGE,8.9,47.7
2026-02-11,competitive,Asia,junkertown,Platinum,마우가,TANK,2.7,48.8
2026-02-11,competitive,Asia,junkertown,Platinum,메르시,SUPPORT,10.0,47.7
2026-02-11,competitive,Asia,junkertown,Platinum,메이,DAMAGE,7.1,49.2
2026-02-11,competitive,Asia,junkertown,Platinum,모이라,SUPPORT,9.7,44.6
2026-02-11,competitive,Asia,junkertown,Platinum,미즈키,SUPPORT,-1.0,-1.0
2026-02-11,competitive,Asia,junkertown,Platinum,바스티온,DAMAGE,9.7,48.0
2026-02-11,competitive,Asia,junkertown,Platinum,바티스트,SUPPORT,11.1,47.4
2026-02-11,competitive,Asia,junkertown,Platinum,벤데타,DAMAGE,3.4,57.2
2026-02-11,competitive,Asia,junkertown,Platinum,벤처,DAMAGE,5.1,50.7
2026-02-11,competitive,Asia,junkertown,Platinum,브리기테,SUPPORT,3.8,44.6
2026-02-11,competitive,Asia,junkertown,Platinum,소전,DAMAGE,15.0,47.1
2026-02-11,competitive,Asia,junkertown,Platinum,솔저: 76,DAMAGE,20.5,51.6
2026-02-11,competitive,Asia,junkertown,Platinum,솜브라,DAMAGE,4.9,51.7
2026-02-11,competitive,Asia,junkertown,Platinum,시그마,TANK,22.5,57.8
2026-02-11,competitive,Asia,junkertown,Platinum,시메트라,DAMAGE,3.1,45.7
2026-02-11,competitive,Asia,junkertown,Platinum,아나,SUPPORT,66.7,53.6
2026-02-11,competitive,Asia,junkertown,Platinum,안란,DAMAGE,-1.0,-1.0
2026-02-11,competitive,Asia,junkertown,Platinum,애쉬,DAMAGE,27.6,53.5
2026-02-11,competitive,Asia,junkertown,Platinum,에코,DAMAGE,4.7,50.7
2026-02-11,competitive,Asia,junkertown,Platinum,엠레,DAMAGE,-1.0,-1.0
2026-02-11,competitive,Asia,junkertown,Platinum,오리사,TANK,9.3,44.1
2026-02-11,competitive,Asia,junkertown,Platinum,우양,SUPPORT,16.9,54.3
2026-02-11,competitive,Asia,junkertown,Platinum,위도우메이커,DAMAGE,12.6,53.8
2026-02-11,competitive,Asia,junkertown,Platinum,윈스턴,TANK,13.3,51.4
2026-02-11,competitive,Asia,junkertown,Platinum,일리아리,SUPPORT,18.6,57.8
2026-02-11,competitive,Asia,junkertown,Platinum,자리야,TANK,7.7,49.1
2026-02-11,competitive,Asia,junkertown,Platinum,정커퀸,TANK,3.1,50.2
2026-02-11,competitive,Asia,junkertown,Platinum,정크랫,DAMAGE,4.0,45.7
2026-02-11,competitive,Asia,junkertown,Platinum,제트팩 캣,SUPPORT,-1.0,-1.0
2026-02-11,competitive,Asia,junkertown,Platinum,젠야타,SUPPORT,16.7,53.7
2026-02-11,competitive,Asia,junkertown,Platinum,주노,SUPPORT,6.4,47.9
2026-02-11,competitive,Asia,junkertown,Platinum,캐서디,DAMAGE,22.5,46.4
2026-02-11,competitive,Asia,junkertown,Platinum,키리코,SUPPORT,31.9,44.8
2026-02-11,competitive,Asia,junkertown,Platinum,토르비욘,DAMAGE,4.0,47.6
2026-02-11,competitive,Asia,junkertown,Platinum,트레이서,DAMAGE,5.4,47.1
2026-02-11,competitive,Asia,junkertown,Platinum,파라,DAMAGE,3.1,48.6
2026-02-11,competitive,Asia,junkertown,Platinum,프레야,DAMAGE,7.2,50.5
2026-02-11,competitive,Asia,junkertown,Platinum,한조,DAMAGE,11.7,50.4
2026-02-11,competitive,Asia,junkertown,Platinum,해저드,TANK,3.1,48.9
2026-02-11,competitive,Asia,junkertown,Diamond,D.Va,TANK,9.2,50.7
2026-02-11,competitive,Asia,junkertown,Diamond,겐지,DAMAGE,22.2,52.1
2026-02-11,competitive,Asia,junkertown,Diamond,도미나,TANK,-1.0,-1.0
2026-02-11,competitive,Asia,junkertown,Diamond,둠피스트,TANK,9.3,51.3
2026-02-11,competitive,Asia,junkertown,Diamond,라마트라,TANK,3.6,44.5
2026-02-11,competitive,Asia,junkertown,Diamond,라이프위버,SUPPORT,5.2,40.3
2026-02-11,competitive,Asia,junkertown,Diamond,라인하르트,TANK,6.3,46.1
2026-02-11,competitive,Asia,junkertown,Diamond,레킹볼,TANK,5.2,48.7
2026-02-11,competitive,Asia,junkertown,Diamond,로드호그,TANK,5.1,36.6
2026-02-11,competitive,Asia,junkertown,Diamond,루시우,SUPPORT,1.5,40.0
2026-02-11,competitive,Asia,junkertown,Diamond,리퍼,DAMAGE,6.6,51.0
2026-02-11,competitive,Asia,junkertown,Diamond,마우가,TANK,2.1,49.3
2026-02-11,competitive,Asia,junkertown,Diamond,메르시,SUPPORT,7.6,44.7
2026-02-11,competitive,Asia,junkertown,Diamond,메이,DAMAGE,5.9,49.3
2026-02-11,competitive,Asia,junkertown,Diamond,모이라,SUPPORT,5.4,39.8
2026-02-11,competitive,Asia,junkertown,Diamond,미즈키,SUPPORT,-1.0,-1.0
2026-02-11,competitive,Asia,junkertown,Diamond,바스티온,DAMAGE,7.3,48.5
2026-02-11,competitive,Asia,junkertown,Diamond,바티스트,SUPPORT,12.0,47.8
2026-02-11,competitive,Asia,junkertown,Diamond,벤데타,DAMAGE,3.4,58.9
2026-02-11,competitive,Asia,junkertown,Diamond,벤처,DAMAGE,5.0,49.0
2026-02-11,competitive,Asia,junkertown,Diamond,브리기테,SUPPORT,4.8,45.6
2026-02-11,competitive,Asia,junkertown,Diamond,소전,DAMAGE,15.9,46.5
2026-02-11,competitive,Asia,junkertown,Diamond,솔저: 76,DAMAGE,17.1,53.5
2026-02-11,competitive,Asia,junkertown,Diamond,솜브라,DAMAGE,7.2,48.6
2026-02-11,competitive,Asia,junkertown,Diamond,시그마,TANK,23.3,60.1
2026-02-11,competitive,Asia,junkertown,Diamond,시메트라,DAMAGE,2.7,45.2
2026-02-11,competitive,Asia,junkertown,Diamond,아나,SUPPORT,69.7,54.6
2026-02-11,competitive,Asia,junkertown,Diamond,안란,DAMAGE,0.0,64.9
2026-02-11,competitive,Asia,junkertown,Diamond,애쉬,DAMAGE,27.3,53.0
2026-02-11,competitive,Asia,junkertown,Diamond,에코,DAMAGE,5.5,53.6
2026-02-11,competitive,Asia,junkertown,Diamond,엠레,DAMAGE,-1.0,-1.0
2026-02-11,competitive,Asia,junkertown,Diamond,오리사,TANK,6.9,45.4
2026-02-11,competitive,Asia,junkertown,Diamond,우양,SUPPORT,19.5,56.4
2026-02-11,competitive,Asia,junkertown,Diamond,위도우메이커,DAMAGE,13.8,51.6
2026-02-11,competitive,Asia,junkertown,Diamond,윈스턴,TANK,16.3,50.4
2026-02-11,competitive,Asia,junkertown,Diamond,일리아리,SUPPORT,22.5,56.9
2026-02-11,competitive,Asia,junkertown,Diamond,자리야,TANK,6.9,47.5
2026-02-11,competitive,Asia,junkertown,Diamond,정커퀸,TANK,2.6,48.1
2026-02-11,competitive,Asia,junkertown,Diamond,정크랫,DAMAGE,3.1,49.1
2026-02-11,competitive,Asia,junkertown,Diamond,제트팩 캣,SUPPORT,-1.0,-1.0
2026-02-11,competitive,Asia,junkertown,Diamond,젠야타,SUPPORT,18.3,52.5
2026-02-11,competitive,Asia,junkertown,Diamond,주노,SUPPORT,3.6,47.9
2026-02-11,competitive,Asia,junkertown,Diamond,캐서디,DAMAGE,21.8,45.8
2026-02-11,competitive,Asia,junkertown,Diamond,키리코,SUPPORT,30.0,44.3
2026-02-11,competitive,Asia,junkertown,Diamond,토르비욘,DAMAGE,3.8,42.0
2026-02-11,competitive,Asia,junkertown,Diamond,트레이서,DAMAGE,7.8,49.3
2026-02-11,competitive,Asia,junkertown,Diamond,파라,DAMAGE,2.0,52.5
2026-02-11,competitive,Asia,junkertown,Diamond,프레야,DAMAGE,8.2,50.7
2026-02-11,competitive,Asia,junkertown,Diamond,한조,DAMAGE,13.3,48.0
2026-02-11,competitive,Asia,junkertown,Diamond,해저드,TANK,3.3,47.6
2026-02-11,competitive,Asia,junkertown,Master,D.Va,TANK,8.3,50.3
2026-02-11,competitive,Asia,junkertown,Master,겐지,DAMAGE,22.6,51.9
2026-02-11,competitive,Asia,junkertown,Master,도미나,TANK,-1.0,-1.0
2026-02-11,competitive,Asia,junkertown,Master,둠피스트,TANK,9.9,44.2
2026-02-11,competitive,Asia,junkertown,Master,라마트라,TANK,2.9,45.0
2026-02-11,competitive,Asia,junkertown,Master,라이프위버,SUPPORT,4.4,42.8
2026-02-11,competitive,Asia,junkertown,Master,라인하르트,TANK,5.1,44.8
2026-02-11,competitive,Asia,junkertown,Master,레킹볼,TANK,5.3,55.3
2026-02-11,competitive,Asia,junkertown,Master,로드호그,TANK,5.8,45.4
2026-02-11,competitive,Asia,junkertown,Master,루시우,SUPPORT,1.2,35.3
2026-02-11,competitive,Asia,junkertown,Master,리퍼,DAMAGE,5.0,45.3
2026-02-11,competitive,Asia,junkertown,Master,마우가,TANK,1.8,51.8
2026-02-11,competitive,Asia,junkertown,Master,메르시,SUPPORT,6.6,43.6
2026-02-11,competitive,Asia,junkertown,Master,메이,DAMAGE,4.8,44.5
2026-02-11,competitive,Asia,junkertown,Master,모이라,SUPPORT,3.0,42.5
2026-02-11,competitive,Asia,junkertown,Master,미즈키,SUPPORT,-1.0,-1.0
2026-02-11,competitive,Asia,junkertown,Master,바스티온,DAMAGE,6.2,51.2
2026-02-11,competitive,Asia,junkertown,Master,바티스트,SUPPORT,15.1,47.4
2026-02-11,competitive,Asia,junkertown,Master,벤데타,DAMAGE,3.4,54.3
2026-02-11,competitive,Asia,junkertown,Master,벤처,DAMAGE,5.2,54.9
2026-02-11,competitive,Asia,junkertown,Master,브리기테,SUPPORT,6.3,45.5
2026-02-11,competitive,Asia,junkertown,Master,소전,DAMAGE,18.1,51.9
2026-02-11,competitive,Asia,junkertown,Master,솔저: 76,DAMAGE,14.3,52.7
2026-02-11,competitive,Asia,junkertown,Master,솜브라,DAMAGE,9.3,48.2
2026-02-11,competitive,Asia,junkertown,Master,시그마,TANK,25.4,59.5
2026-02-11,competitive,Asia,junkertown,Master,시메트라,DAMAGE,3.0,44.3
2026-02-11,competitive,Asia,junkertown,Master,아나,SUPPORT,66.1,51.7
2026-02-11,competitive,Asia,junkertown,Master,안란,DAMAGE,-1.0,-1.0
2026-02-11,competitive,Asia,junkertown,Master,애쉬,DAMAGE,26.0,53.8
2026-02-11,competitive,Asia,junkertown,Master,에코,DAMAGE,6.2,45.8
2026-02-11,competitive,Asia,junkertown,Master,엠레,DAMAGE,-1.0,-1.0
2026-02-11,competitive,Asia,junkertown,Master,오리사,TANK,5.8,43.0
2026-02-11,competitive,Asia,junkertown,Master,우양,SUPPORT,23.1,51.5
2026-02-11,competitive,Asia,junkertown,Master,위도우메이커,DAMAGE,14.9,51.2
2026-02-11,competitive,Asia,junkertown,Master,윈스턴,TANK,17.8,52.1
2026-02-11,competitive,Asia,junkertown,Master,일리아리,SUPPORT,26.4,58.1
2026-02-11,competitive,Asia,junkertown,Master,자리야,TANK,6.7,49.9
2026-02-11,competitive,Asia,junkertown,Master,정커퀸,TANK,2.2,37.7
2026-02-11,competitive,Asia,junkertown,Master,정크랫,DAMAGE,2.3,51.6
2026-02-11,competitive,Asia,junkertown,Master,제트팩 캣,SUPPORT,-1.0,-1.0
2026-02-11,competitive,Asia,junkertown,Master,젠야타,SUPPORT,19.0,53.9
2026-02-11,competitive,Asia,junkertown,Master,주노,SUPPORT,1.8,45.3
2026-02-11,competitive,Asia,junkertown,Master,캐서디,DAMAGE,18.5,44.9
2026-02-11,competitive,Asia,junkertown,Master,키리코,SUPPORT,27.0,46.8
2026-02-11,competitive,Asia,junkertown,Master,토르비욘,DAMAGE,3.4,40.2
2026-02-11,competitive,Asia,junkertown,Master,트레이서,DAMAGE,10.6,53.9
2026-02-11,competitive,Asia,junkertown,Master,파라,DAMAGE,1.7,48.0
2026-02-11,competitive,Asia,junkertown,Master,프레야,DAMAGE,9.2,44.9
2026-02-11,competitive,Asia,junkertown,Master,한조,DAMAGE,15.5,49.4
2026-02-11,competitive,Asia,junkertown,Master,해저드,TANK,3.1,43.0
2026-02-11,competitive,Asia,junkertown,Grandmaster,D.Va,TANK,10.4,63.6
2026-02-11,competitive,Asia,junkertown,Grandmaster,겐지,DAMAGE,17.8,50.2
2026-02-11,competitive,Asia,junkertown,Grandmaster,도미나,TANK,-1.0,-1.0
2026-02-11,competitive,Asia,junkertown,Grandmaster,둠피스트,TANK,10.7,41.7
2026-02-11,competitive,Asia,junkertown,Grandmaster,라마트라,TANK,2.6,35.2
2026-02-11,competitive,Asia,junkertown,Grandmaster,라이프위버,SUPPORT,2.3,13.3
2026-02-11,competitive,Asia,junkertown,Grandmaster,라인하르트,TANK,4.2,56.0
2026-02-11,competitive,Asia,junkertown,Grandmaster,레킹볼,TANK,5.6,50.5
2026-02-11,competitive,Asia,junkertown,Grandmaster,로드호그,TANK,3.0,43.5
2026-02-11,competitive,Asia,junkertown,Grandmaster,루시우,SUPPORT,1.9,45.5
2026-02-11,competitive,Asia,junkertown,Grandmaster,리퍼,DAMAGE,3.6,52.6
2026-02-11,competitive,Asia,junkertown,Grandmaster,마우가,TANK,0.7,73.6
2026-02-11,competitive,Asia,junkertown,Grandmaster,메르시,SUPPORT,5.7,30.7
2026-02-11,competitive,Asia,junkertown,Grandmaster,메이,DAMAGE,5.5,54.8
2026-02-11,competitive,Asia,junkertown,Grandmaster,모이라,SUPPORT,2.8,53.0
2026-02-11,competitive,Asia,junkertown,Grandmaster,미즈키,SUPPORT,-1.0,-1.0
2026-02-11,competitive,Asia,junkertown,Grandmaster,바스티온,DAMAGE,3.6,48.0
2026-02-11,competitive,Asia,junkertown,Grandmaster,바티스트,SUPPORT,21.6,53.0
2026-02-11,competitive,Asia,junkertown,Grandmaster,벤데타,DAMAGE,5.8,41.4
2026-02-11,competitive,Asia,junkertown,Grandmaster,벤처,DAMAGE,5.1,50.5
2026-02-11,competitive,Asia,junkertown,Grandmaster,브리기테,SUPPORT,7.0,50.0
2026-02-11,competitive,Asia,junkertown,Grandmaster,소전,DAMAGE,19.2,45.0
2026-02-11,competitive,Asia,junkertown,Grandmaster,솔저: 76,DAMAGE,10.0,59.9
2026-02-11,competitive,Asia,junkertown,Grandmaster,솜브라,DAMAGE,7.9,45.9
2026-02-11,competitive,Asia,junkertown,Grandmaster,시그마,TANK,30.8,58.6
2026-02-11,competitive,Asia,junkertown,Grandmaster,시메트라,DAMAGE,4.9,66.3
2026-02-11,competitive,Asia,junkertown,Grandmaster,아나,SUPPORT,59.4,51.3
2026-02-11,competitive,Asia,junkertown,Grandmaster,안란,DAMAGE,-1.0,-1.0
2026-02-11,competitive,Asia,junkertown,Grandmaster,애쉬,DAMAGE,23.0,46.1
2026-02-11,competitive,Asia,junkertown,Grandmaster,에코,DAMAGE,5.5,51.3
2026-02-11,competitive,Asia,junkertown,Grandmaster,엠레,DAMAGE,-1.0,-1.0
2026-02-11,competitive,Asia,junkertown,Grandmaster,오리사,TANK,6.2,54.9
2026-02-11,competitive,Asia,junkertown,Grandmaster,우양,SUPPORT,27.1,54.5
2026-02-11,competitive,Asia,junkertown,Grandmaster,위도우메이커,DAMAGE,21.4,48.2
2026-02-11,competitive,Asia,junkertown,Grandmaster,윈스턴,TANK,17.5,42.8
2026-02-11,competitive,Asia,junkertown,Grandmaster,일리아리,SUPPORT,29.1,52.6
2026-02-11,competitive,Asia,junkertown,Grandmaster,자리야,TANK,5.9,46.7
2026-02-11,competitive,Asia,junkertown,Grandmaster,정커퀸,TANK,0.7,50.6
2026-02-11,competitive,Asia,junkertown,Grandmaster,정크랫,DAMAGE,2.6,62.2
2026-02-11,competitive,Asia,junkertown,Grandmaster,제트팩 캣,SUPPORT,-1.0,-1.0
2026-02-11,competitive,Asia,junkertown,Grandmaster,젠야타,SUPPORT,16.4,48.8
2026-02-11,competitive,Asia,junkertown,Grandmaster,주노,SUPPORT,2.0,36.6
2026-02-11,competitive,Asia,junkertown,Grandmaster,캐서디,DAMAGE,12.5,46.7
2026-02-11,competitive,Asia,junkertown,Grandmaster,키리코,SUPPORT,24.5,51.2
2026-02-11,competitive,Asia,junkertown,Grandmaster,토르비욘,DAMAGE,2.6,53.7
2026-02-11,competitive,Asia,junkertown,Grandmaster,트레이서,DAMAGE,17.8,48.3
2026-02-11,competitive,Asia,junkertown,Grandmaster,파라,DAMAGE,1.0,48.8
2026-02-11,competitive,Asia,junkertown,Grandmaster,프레야,DAMAGE,10.1,54.5
2026-02-11,competitive,Asia,junkertown,Grandmaster,한조,DAMAGE,20.1,47.6
2026-02-11,competitive,Asia,junkertown,Grandmaster,해저드,TANK,1.7,22.9
2026-02-11,competitive,Asia,havana,All,D.Va,TANK,8.1,48.9
2026-02-11,competitive,Asia,havana,All,겐지,DAMAGE,16.4,52.1
2026-02-11,competitive,Asia,havana,All,도미나,TANK,-1.0,-1.0
2026-02-11,competitive,Asia,havana,All,둠피스트,TANK,5.6,51.7
2026-02-11,competitive,Asia,havana,All,라마트라,TANK,7.4,48.1
2026-02-11,competitive,Asia,havana,All,라이프위버,SUPPORT,5.9,44.9
2026-02-11,competitive,Asia,havana,All,라인하르트,TANK,8.5,47.2
2026-02-11,competitive,Asia,havana,All,레킹볼,TANK,3.3,48.4
2026-02-11,competitive,Asia,havana,All,로드호그,TANK,4.8,40.4
2026-02-11,competitive,Asia,havana,All,루시우,SUPPORT,3.5,43.3
2026-02-11,competitive,Asia,havana,All,리퍼,DAMAGE,9.0,47.4
2026-02-11,competitive,Asia,havana,All,마우가,TANK,3.1,43.6
2026-02-11,competitive,Asia,havana,All,메르시,SUPPORT,11.7,47.9
2026-02-11,competitive,Asia,havana,All,메이,DAMAGE,8.0,50.4
2026-02-11,competitive,Asia,havana,All,모이라,SUPPORT,12.5,43.5
2026-02-11,competitive,Asia,havana,All,미즈키,SUPPORT,-1.0,-1.0
2026-02-11,competitive,Asia,havana,All,바스티온,DAMAGE,12.4,48.7
2026-02-11,competitive,Asia,havana,All,바티스트,SUPPORT,10.9,47.1
2026-02-11,competitive,Asia,havana,All,벤데타,DAMAGE,3.3,55.4
2026-02-11,competitive,Asia,havana,All,벤처,DAMAGE,4.4,50.8
2026-02-11,competitive,Asia,havana,All,브리기테,SUPPORT,2.5,45.2
2026-02-11,competitive,Asia,havana,All,소전,DAMAGE,17.0,47.1
2026-02-11,competitive,Asia,havana,All,솔저: 76,DAMAGE,20.5,49.3
2026-02-11,competitive,Asia,havana,All,솜브라,DAMAGE,4.1,51.9
2026-02-11,competitive,Asia,havana,All,시그마,TANK,24.7,60.2
2026-02-11,competitive,Asia,havana,All,시메트라,DAMAGE,3.5,49.5
2026-02-11,competitive,Asia,havana,All,아나,SUPPORT,61.6,54.1
2026-02-11,competitive,Asia,havana,All,안란,DAMAGE,0.0,0.0
2026-02-11,competitive,Asia,havana,All,애쉬,DAMAGE,25.2,54.2
2026-02-11,competitive,Asia,havana,All,에코,DAMAGE,3.8,49.5
2026-02-11,competitive,Asia,havana,All,엠레,DAMAGE,-1.0,-1.0
2026-02-11,competitive,Asia,havana,All,오리사,TANK,12.3,45.7
2026-02-11,competitive,Asia,havana,All,우양,SUPPORT,15.6,52.6
2026-02-11,competitive,Asia,havana,All,위도우메이커,DAMAGE,15.1,54.6
2026-02-11,competitive,Asia,havana,All,윈스턴,TANK,9.2,49.3
2026-02-11,competitive,Asia,havana,All,일리아리,SUPPORT,18.3,57.2
2026-02-11,competitive,Asia,havana,All,자리야,TANK,7.9,49.4
2026-02-11,competitive,Asia,havana,All,정커퀸,TANK,2.9,49.2
2026-02-11,competitive,Asia,havana,All,정크랫,DAMAGE,5.6,45.9
2026-02-11,competitive,Asia,havana,All,제트팩 캣,SUPPORT,-1.0,-1.0
2026-02-11,competitive,Asia,havana,All,젠야타,SUPPORT,18.6,54.7
2026-02-11,competitive,Asia,havana,All,주노,SUPPORT,8.7,47.5
2026-02-11,competitive,Asia,havana,All,캐서디,DAMAGE,17.4,46.1
2026-02-11,competitive,Asia,havana,All,키리코,SUPPORT,30.2,45.7
2026-02-11,competitive,Asia,havana,All,토르비욘,DAMAGE,4.4,48.6
2026-02-11,competitive,Asia,havana,All,트레이서,DAMAGE,4.6,47.7
2026-02-11,competitive,Asia,havana,All,파라,DAMAGE,3.5,47.9
2026-02-11,competitive,Asia,havana,All,프레야,DAMAGE,7.1,48.9
2026-02-11,competitive,Asia,havana,All,한조,DAMAGE,14.7,51.1
2026-02-11,competitive,Asia,havana,All,해저드,TANK,2.2,47.3
2026-02-11,competitive,Asia,havana,Bronze,D.Va,TANK,10.1,48.8
2026-02-11,competitive,Asia,havana,Bronze,겐지,DAMAGE,10.2,53.6
2026-02-11,competitive,Asia,havana,Bronze,도미나,TANK,-1.0,-1.0
2026-02-11,competitive,Asia,havana,Bronze,둠피스트,TANK,3.1,54.6
2026-02-11,competitive,Asia,havana,Bronze,라마트라,TANK,9.4,46.9
2026-02-11,competitive,Asia,havana,Bronze,라이프위버,SUPPORT,5.4,48.1
2026-02-11,competitive,Asia,havana,Bronze,라인하르트,TANK,8.9,48.9
2026-02-11,competitive,Asia,havana,Bronze,레킹볼,TANK,3.2,56.7
2026-02-11,competitive,Asia,havana,Bronze,로드호그,TANK,5.6,44.5
2026-02-11,competitive,Asia,havana,Bronze,루시우,SUPPORT,6.8,47.7
2026-02-11,competitive,Asia,havana,Bronze,리퍼,DAMAGE,10.8,49.8
2026-02-11,competitive,Asia,havana,Bronze,마우가,TANK,5.0,42.9
2026-02-11,competitive,Asia,havana,Bronze,메르시,SUPPORT,15.2,48.2
2026-02-11,competitive,Asia,havana,Bronze,메이,DAMAGE,7.5,51.2
2026-02-11,competitive,Asia,havana,Bronze,모이라,SUPPORT,21.5,45.1
2026-02-11,competitive,Asia,havana,Bronze,미즈키,SUPPORT,-1.0,-1.0
2026-02-11,competitive,Asia,havana,Bronze,바스티온,DAMAGE,23.6,47.8
2026-02-11,competitive,Asia,havana,Bronze,바티스트,SUPPORT,9.5,48.4
2026-02-11,competitive,Asia,havana,Bronze,벤데타,DAMAGE,3.1,53.9
2026-02-11,competitive,Asia,havana,Bronze,벤처,DAMAGE,3.6,49.9
2026-02-11,competitive,Asia,havana,Bronze,브리기테,SUPPORT,2.0,42.0
2026-02-11,competitive,Asia,havana,Bronze,소전,DAMAGE,20.1,44.8
2026-02-11,competitive,Asia,havana,Bronze,솔저: 76,DAMAGE,24.7,49.6
2026-02-11,competitive,Asia,havana,Bronze,솜브라,DAMAGE,2.9,55.2
2026-02-11,competitive,Asia,havana,Bronze,시그마,TANK,22.7,57.3
2026-02-11,competitive,Asia,havana,Bronze,시메트라,DAMAGE,3.3,52.9
2026-02-11,competitive,Asia,havana,Bronze,아나,SUPPORT,39.1,54.0
2026-02-11,competitive,Asia,havana,Bronze,안란,DAMAGE,-1.0,-1.0
2026-02-11,competitive,Asia,havana,Bronze,애쉬,DAMAGE,19.2,55.9
2026-02-11,competitive,Asia,havana,Bronze,에코,DAMAGE,4.0,47.2
2026-02-11,competitive,Asia,havana,Bronze,엠레,DAMAGE,-1.0,-1.0
2026-02-11,competitive,Asia,havana,Bronze,오리사,TANK,16.9,45.0
2026-02-11,competitive,Asia,havana,Bronze,우양,SUPPORT,17.5,50.9
2026-02-11,competitive,Asia,havana,Bronze,위도우메이커,DAMAGE,10.6,53.8
2026-02-11,competitive,Asia,havana,Bronze,윈스턴,TANK,4.9,49.4
2026-02-11,competitive,Asia,havana,Bronze,일리아리,SUPPORT,16.1,55.4
2026-02-11,competitive,Asia,havana,Bronze,자리야,TANK,4.9,53.2
2026-02-11,competitive,Asia,havana,Bronze,정커퀸,TANK,2.8,58.2
2026-02-11,competitive,Asia,havana,Bronze,정크랫,DAMAGE,10.2,48.4
2026-02-11,competitive,Asia,havana,Bronze,제트팩 캣,SUPPORT,-1.0,-1.0
2026-02-11,competitive,Asia,havana,Bronze,젠야타,SUPPORT,15.8,53.7
2026-02-11,competitive,Asia,havana,Bronze,주노,SUPPORT,19.1,48.2
2026-02-11,competitive,Asia,havana,Bronze,캐서디,DAMAGE,14.4,49.3
2026-02-11,competitive,Asia,havana,Bronze,키리코,SUPPORT,32.0,48.0
2026-02-11,competitive,Asia,havana,Bronze,토르비욘,DAMAGE,5.4,47.2
2026-02-11,competitive,Asia,havana,Bronze,트레이서,DAMAGE,3.3,51.2
2026-02-11,competitive,Asia,havana,Bronze,파라,DAMAGE,6.2,47.4
2026-02-11,competitive,Asia,havana,Bronze,프레야,DAMAGE,6.2,46.0
2026-02-11,competitive,Asia,havana,Bronze,한조,DAMAGE,10.6,51.7
2026-02-11,competitive,Asia,havana,Bronze,해저드,TANK,2.3,44.3
2026-02-11,competitive,Asia,havana,Silver,D.Va,TANK,8.9,48.3
2026-02-11,competitive,Asia,havana,Silver,겐지,DAMAGE,13.4,54.0
2026-02-11,competitive,Asia,havana,Silver,도미나,TANK,-1.0,-1.0
2026-02-11,competitive,Asia,havana,Silver,둠피스트,TANK,3.8,54.2
2026-02-11,competitive,Asia,havana,Silver,라마트라,TANK,8.6,48.6
2026-02-11,competitive,Asia,havana,Silver,라이프위버,SUPPORT,6.5,45.1
2026-02-11,competitive,Asia,havana,Silver,라인하르트,TANK,9.6,50.5
2026-02-11,competitive,Asia,havana,Silver,레킹볼,TANK,3.2,49.7
2026-02-11,competitive,Asia,havana,Silver,로드호그,TANK,5.0,43.6
2026-02-11,competitive,Asia,havana,Silver,루시우,SUPPORT,5.6,44.3
2026-02-11,competitive,Asia,havana,Silver,리퍼,DAMAGE,11.5,48.1
2026-02-11,competitive,Asia,havana,Silver,마우가,TANK,3.9,43.1
2026-02-11,competitive,Asia,havana,Silver,메르시,SUPPORT,15.1,47.3
2026-02-11,competitive,Asia,havana,Silver,메이,DAMAGE,8.3,49.3
2026-02-11,competitive,Asia,havana,Silver,모이라,SUPPORT,18.7,44.9
2026-02-11,competitive,Asia,havana,Silver,미즈키,SUPPORT,-1.0,-1.0
2026-02-11,competitive,Asia,havana,Silver,바스티온,DAMAGE,16.1,48.7
2026-02-11,competitive,Asia,havana,Silver,바티스트,SUPPORT,9.9,47.3
2026-02-11,competitive,Asia,havana,Silver,벤데타,DAMAGE,3.5,55.9
2026-02-11,competitive,Asia,havana,Silver,벤처,DAMAGE,4.2,52.9
2026-02-11,competitive,Asia,havana,Silver,브리기테,SUPPORT,2.2,43.6
2026-02-11,competitive,Asia,havana,Silver,소전,DAMAGE,17.6,46.5
2026-02-11,competitive,Asia,havana,Silver,솔저: 76,DAMAGE,24.9,48.3
2026-02-11,competitive,Asia,havana,Silver,솜브라,DAMAGE,3.1,53.1
2026-02-11,competitive,Asia,havana,Silver,시그마,TANK,22.6,58.6
2026-02-11,competitive,Asia,havana,Silver,시메트라,DAMAGE,3.6,50.3
2026-02-11,competitive,Asia,havana,Silver,아나,SUPPORT,51.4,53.7
2026-02-11,competitive,Asia,havana,Silver,안란,DAMAGE,-1.0,-1.0
2026-02-11,competitive,Asia,havana,Silver,애쉬,DAMAGE,22.6,54.6
2026-02-11,competitive,Asia,havana,Silver,에코,DAMAGE,3.8,50.5
2026-02-11,competitive,Asia,havana,Silver,엠레,DAMAGE,-1.0,-1.0
2026-02-11,competitive,Asia,havana,Silver,오리사,TANK,15.1,44.6
2026-02-11,competitive,Asia,havana,Silver,우양,SUPPORT,14.8,54.3
2026-02-11,competitive,Asia,havana,Silver,위도우메이커,DAMAGE,11.7,54.6
2026-02-11,competitive,Asia,havana,Silver,윈스턴,TANK,6.7,50.2
2026-02-11,competitive,Asia,havana,Silver,일리아리,SUPPORT,16.1,57.0
2026-02-11,competitive,Asia,havana,Silver,자리야,TANK,7.0,49.8
2026-02-11,competitive,Asia,havana,Silver,정커퀸,TANK,3.3,48.6
2026-02-11,competitive,Asia,havana,Silver,정크랫,DAMAGE,8.4,47.4
2026-02-11,competitive,Asia,havana,Silver,제트팩 캣,SUPPORT,-1.0,-1.0
2026-02-11,competitive,Asia,havana,Silver,젠야타,SUPPORT,14.9,56.2
2026-02-11,competitive,Asia,havana,Silver,주노,SUPPORT,13.0,48.2
2026-02-11,competitive,Asia,havana,Silver,캐서디,DAMAGE,16.4,47.8
2026-02-11,competitive,Asia,havana,Silver,키리코,SUPPORT,31.8,46.1
2026-02-11,competitive,Asia,havana,Silver,토르비욘,DAMAGE,5.1,49.7
2026-02-11,competitive,Asia,havana,Silver,트레이서,DAMAGE,3.4,46.7
2026-02-11,competitive,Asia,havana,Silver,파라,DAMAGE,4.8,47.0
2026-02-11,competitive,Asia,havana,Silver,프레야,DAMAGE,6.3,49.4
2026-02-11,competitive,Asia,havana,Silver,한조,DAMAGE,11.2,49.5
2026-02-11,competitive,Asia,havana,Silver,해저드,TANK,2.3,47.5
2026-02-11,competitive,Asia,havana,Gold,D.Va,TANK,8.1,48.2
2026-02-11,competitive,Asia,havana,Gold,겐지,DAMAGE,16.1,52.8
2026-02-11,competitive,Asia,havana,Gold,도미나,TANK,-1.0,-1.0
2026-02-11,competitive,Asia,havana,Gold,둠피스트,TANK,4.7,53.2
2026-02-11,competitive,Asia,havana,Gold,라마트라,TANK,7.5,47.9
2026-02-11,competitive,Asia,havana,Gold,라이프위버,SUPPORT,6.5,46.5
2026-02-11,competitive,Asia,havana,Gold,라인하르트,TANK,9.1,48.1
2026-02-11,competitive,Asia,havana,Gold,레킹볼,TANK,3.2,49.5
2026-02-11,competitive,Asia,havana,Gold,로드호그,TANK,4.9,41.1
2026-02-11,competitive,Asia,havana,Gold,루시우,SUPPORT,3.6,43.6
2026-02-11,competitive,Asia,havana,Gold,리퍼,DAMAGE,10.1,47.2
2026-02-11,competitive,Asia,havana,Gold,마우가,TANK,3.1,44.4
2026-02-11,competitive,Asia,havana,Gold,메르시,SUPPORT,12.4,47.9
2026-02-11,competitive,Asia,havana,Gold,메이,DAMAGE,8.5,50.4
2026-02-11,competitive,Asia,havana,Gold,모이라,SUPPORT,14.1,43.0
2026-02-11,competitive,Asia,havana,Gold,미즈키,SUPPORT,-1.0,-1.0
2026-02-11,competitive,Asia,havana,Gold,바스티온,DAMAGE,12.6,48.7
2026-02-11,competitive,Asia,havana,Gold,바티스트,SUPPORT,10.0,46.5
2026-02-11,competitive,Asia,havana,Gold,벤데타,DAMAGE,3.3,55.7
2026-02-11,competitive,Asia,havana,Gold,벤처,DAMAGE,4.4,49.5
2026-02-11,competitive,Asia,havana,Gold,브리기테,SUPPORT,2.5,46.2
2026-02-11,competitive,Asia,havana,Gold,소전,DAMAGE,15.7,47.0
2026-02-11,competitive,Asia,havana,Gold,솔저: 76,DAMAGE,22.6,49.5
2026-02-11,competitive,Asia,havana,Gold,솜브라,DAMAGE,3.5,52.9
2026-02-11,competitive,Asia,havana,Gold,시그마,TANK,23.7,59.4
2026-02-11,competitive,Asia,havana,Gold,시메트라,DAMAGE,3.5,48.4
2026-02-11,competitive,Asia,havana,Gold,아나,SUPPORT,61.9,53.3
2026-02-11,competitive,Asia,havana,Gold,안란,DAMAGE,0.0,0.0
2026-02-11,competitive,Asia,havana,Gold,애쉬,DAMAGE,25.6,54.0
2026-02-11,competitive,Asia,havana,Gold,에코,DAMAGE,3.8,48.4
2026-02-11,competitive,Asia,havana,Gold,엠레,DAMAGE,-1.0,-1.0
2026-02-11,competitive,Asia,havana,Gold,오리사,TANK,13.0,45.5
2026-02-11,competitive,Asia,havana,Gold,우양,SUPPORT,14.6,52.8
2026-02-11,competitive,Asia,havana,Gold,위도우메이커,DAMAGE,13.6,54.1
2026-02-11,competitive,Asia,havana,Gold,윈스턴,TANK,8.8,48.9
2026-02-11,competitive,Asia,havana,Gold,일리아리,SUPPORT,16.6,56.8
2026-02-11,competitive,Asia,havana,Gold,자리야,TANK,8.3,50.2
2026-02-11,competitive,Asia,havana,Gold,정커퀸,TANK,3.2,49.2
2026-02-11,competitive,Asia,havana,Gold,정크랫,DAMAGE,5.9,44.7
2026-02-11,competitive,Asia,havana,Gold,제트팩 캣,SUPPORT,-1.0,-1.0
2026-02-11,competitive,Asia,havana,Gold,젠야타,SUPPORT,16.6,55.5
2026-02-11,competitive,Asia,havana,Gold,주노,SUPPORT,8.8,47.1
2026-02-11,competitive,Asia,havana,Gold,캐서디,DAMAGE,18.4,47.3
2026-02-11,competitive,Asia,havana,Gold,키리코,SUPPORT,32.3,47.1
2026-02-11,competitive,Asia,havana,Gold,토르비욘,DAMAGE,4.4,49.1
2026-02-11,competitive,Asia,havana,Gold,트레이서,DAMAGE,4.1,45.9
2026-02-11,competitive,Asia,havana,Gold,파라,DAMAGE,3.5,48.8
2026-02-11,competitive,Asia,havana,Gold,프레야,DAMAGE,6.7,49.1
2026-02-11,competitive,Asia,havana,Gold,한조,DAMAGE,13.7,51.7
2026-02-11,competitive,Asia,havana,Gold,해저드,TANK,2.2,48.1
2026-02-11,competitive,Asia,havana,Platinum,D.Va,TANK,7.5,49.3
2026-02-11,competitive,Asia,havana,Platinum,겐지,DAMAGE,18.5,51.8
2026-02-11,competitive,Asia,havana,Platinum,도미나,TANK,-1.0,-1.0
2026-02-11,competitive,Asia,havana,Platinum,둠피스트,TANK,6.5,50.7
2026-02-11,competitive,Asia,havana,Platinum,라마트라,TANK,6.5,48.2
2026-02-11,competitive,Asia,havana,Platinum,라이프위버,SUPPORT,5.8,44.9
2026-02-11,competitive,Asia,havana,Platinum,라인하르트,TANK,8.0,44.7
2026-02-11,competitive,Asia,havana,Platinum,레킹볼,TANK,3.7,47.4
2026-02-11,competitive,Asia,havana,Platinum,로드호그,TANK,4.8,37.5
2026-02-11,competitive,Asia,havana,Platinum,루시우,SUPPORT,2.0,39.4
2026-02-11,competitive,Asia,havana,Platinum,리퍼,DAMAGE,7.7,46.8
2026-02-11,competitive,Asia,havana,Platinum,마우가,TANK,2.6,42.4
2026-02-11,competitive,Asia,havana,Platinum,메르시,SUPPORT,10.0,48.8
2026-02-11,competitive,Asia,havana,Platinum,메이,DAMAGE,8.3,51.2
2026-02-11,competitive,Asia,havana,Platinum,모이라,SUPPORT,8.5,42.1
2026-02-11,competitive,Asia,havana,Platinum,미즈키,SUPPORT,-1.0,-1.0
2026-02-11,competitive,Asia,havana,Platinum,바스티온,DAMAGE,9.4,49.2
2026-02-11,competitive,Asia,havana,Platinum,바티스트,SUPPORT,10.9,47.1
2026-02-11,competitive,Asia,havana,Platinum,벤데타,DAMAGE,3.2,56.6
2026-02-11,competitive,Asia,havana,Platinum,벤처,DAMAGE,4.6,51.0
2026-02-11,competitive,Asia,havana,Platinum,브리기테,SUPPORT,2.7,45.0
2026-02-11,competitive,Asia,havana,Platinum,소전,DAMAGE,16.0,47.2
2026-02-11,competitive,Asia,havana,Platinum,솔저: 76,DAMAGE,18.2,49.7
2026-02-11,competitive,Asia,havana,Platinum,솜브라,DAMAGE,4.7,51.9
2026-02-11,competitive,Asia,havana,Platinum,시그마,TANK,25.5,61.4
2026-02-11,competitive,Asia,havana,Platinum,시메트라,DAMAGE,3.5,48.2
2026-02-11,competitive,Asia,havana,Platinum,아나,SUPPORT,69.8,54.6
2026-02-11,competitive,Asia,havana,Platinum,안란,DAMAGE,-1.0,-1.0
2026-02-11,competitive,Asia,havana,Platinum,애쉬,DAMAGE,27.5,54.1
2026-02-11,competitive,Asia,havana,Platinum,에코,DAMAGE,3.7,50.5
2026-02-11,competitive,Asia,havana,Platinum,엠레,DAMAGE,-1.0,-1.0
2026-02-11,competitive,Asia,havana,Platinum,오리사,TANK,10.4,46.6
2026-02-11,competitive,Asia,havana,Platinum,우양,SUPPORT,15.3,51.8
2026-02-11,competitive,Asia,havana,Platinum,위도우메이커,DAMAGE,16.9,54.8
2026-02-11,competitive,Asia,havana,Platinum,윈스턴,TANK,11.0,49.5
2026-02-11,competitive,Asia,havana,Platinum,일리아리,SUPPORT,19.2,57.4
2026-02-11,competitive,Asia,havana,Platinum,자리야,TANK,8.6,48.7
2026-02-11,competitive,Asia,havana,Platinum,정커퀸,TANK,2.8,48.3
2026-02-11,competitive,Asia,havana,Platinum,정크랫,DAMAGE,3.7,44.8
2026-02-11,competitive,Asia,havana,Platinum,제트팩 캣,SUPPORT,-1.0,-1.0
2026-02-11,competitive,Asia,havana,Platinum,젠야타,SUPPORT,20.2,54.5
2026-02-11,competitive,Asia,havana,Platinum,주노,SUPPORT,5.8,47.5
2026-02-11,competitive,Asia,havana,Platinum,캐서디,DAMAGE,18.7,43.7
2026-02-11,competitive,Asia,havana,Platinum,키리코,SUPPORT,29.9,44.6
2026-02-11,competitive,Asia,havana,Platinum,토르비욘,DAMAGE,4.2,48.5
2026-02-11,competitive,Asia,havana,Platinum,트레이서,DAMAGE,5.0,48.4
2026-02-11,competitive,Asia,havana,Platinum,파라,DAMAGE,2.6,47.7
2026-02-11,competitive,Asia,havana,Platinum,프레야,DAMAGE,7.4,49.1
2026-02-11,competitive,Asia,havana,Platinum,한조,DAMAGE,16.1,51.0
2026-02-11,competitive,Asia,havana,Platinum,해저드,TANK,2.1,47.4
2026-02-11,competitive,Asia,havana,Diamond,D.Va,TANK,7.1,50.8
2026-02-11,competitive,Asia,havana,Diamond,겐지,DAMAGE,20.3,49.3
2026-02-11,competitive,Asia,havana,Diamond,도미나,TANK,-1.0,-1.0
2026-02-11,competitive,Asia,havana,Diamond,둠피스트,TANK,8.9,50.1
2026-02-11,competitive,Asia,havana,Diamond,라마트라,TANK,6.3,46.8
2026-02-11,competitive,Asia,havana,Diamond,라이프위버,SUPPORT,4.9,40.1
2026-02-11,competitive,Asia,havana,Diamond,라인하르트,TANK,7.2,44.0
2026-02-11,competitive,Asia,havana,Diamond,레킹볼,TANK,3.3,42.6
2026-02-11,competitive,Asia,havana,Diamond,로드호그,TANK,4.5,37.3
2026-02-11,competitive,Asia,havana,Diamond,루시우,SUPPORT,1.5,38.4
2026-02-11,competitive,Asia,havana,Diamond,리퍼,DAMAGE,5.1,46.1
2026-02-11,competitive,Asia,havana,Diamond,마우가,TANK,2.1,47.2
2026-02-11,competitive,Asia,havana,Diamond,메르시,SUPPORT,7.4,47.1
2026-02-11,competitive,Asia,havana,Diamond,메이,DAMAGE,6.8,50.0
2026-02-11,competitive,Asia,havana,Diamond,모이라,SUPPORT,4.5,41.3
2026-02-11,competitive,Asia,havana,Diamond,미즈키,SUPPORT,-1.0,-1.0
2026-02-11,competitive,Asia,havana,Diamond,바스티온,DAMAGE,7.8,49.5
2026-02-11,competitive,Asia,havana,Diamond,바티스트,SUPPORT,12.4,46.1
2026-02-11,competitive,Asia,havana,Diamond,벤데타,DAMAGE,3.3,50.6
2026-02-11,competitive,Asia,havana,Diamond,벤처,DAMAGE,4.6,50.9
2026-02-11,competitive,Asia,havana,Diamond,브리기테,SUPPORT,2.9,46.1
2026-02-11,competitive,Asia,havana,Diamond,소전,DAMAGE,18.4,49.2
2026-02-11,competitive,Asia,havana,Diamond,솔저: 76,DAMAGE,13.7,49.7
2026-02-11,competitive,Asia,havana,Diamond,솜브라,DAMAGE,6.4,50.7
2026-02-11,competitive,Asia,havana,Diamond,시그마,TANK,27.3,63.0
2026-02-11,competitive,Asia,havana,Diamond,시메트라,DAMAGE,3.2,50.6
2026-02-11,competitive,Asia,havana,Diamond,아나,SUPPORT,72.2,56.3
2026-02-11,competitive,Asia,havana,Diamond,안란,DAMAGE,-1.0,-1.0
2026-02-11,competitive,Asia,havana,Diamond,애쉬,DAMAGE,27.3,53.9
2026-02-11,competitive,Asia,havana,Diamond,에코,DAMAGE,3.9,50.2
2026-02-11,competitive,Asia,havana,Diamond,엠레,DAMAGE,-1.0,-1.0
2026-02-11,competitive,Asia,havana,Diamond,오리사,TANK,8.3,46.6
2026-02-11,competitive,Asia,havana,Diamond,우양,SUPPORT,17.1,52.1
2026-02-11,competitive,Asia,havana,Diamond,위도우메이커,DAMAGE,20.3,54.9
2026-02-11,competitive,Asia,havana,Diamond,윈스턴,TANK,12.3,49.0
2026-02-11,competitive,Asia,havana,Diamond,일리아리,SUPPORT,23.1,58.1
2026-02-11,competitive,Asia,havana,Diamond,자리야,TANK,8.5,47.5
2026-02-11,competitive,Asia,havana,Diamond,정커퀸,TANK,2.2,48.6
2026-02-11,competitive,Asia,havana,Diamond,정크랫,DAMAGE,2.9,43.0
2026-02-11,competitive,Asia,havana,Diamond,제트팩 캣,SUPPORT,-1.0,-1.0
2026-02-11,competitive,Asia,havana,Diamond,젠야타,SUPPORT,25.5,52.7
2026-02-11,competitive,Asia,havana,Diamond,주노,SUPPORT,3.4,45.8
2026-02-11,competitive,Asia,havana,Diamond,캐서디,DAMAGE,16.9,44.9
2026-02-11,competitive,Asia,havana,Diamond,키리코,SUPPORT,25.0,43.2
2026-02-11,competitive,Asia,havana,Diamond,토르비욘,DAMAGE,3.7,46.7
2026-02-11,competitive,Asia,havana,Diamond,트레이서,DAMAGE,6.3,49.2
2026-02-11,competitive,Asia,havana,Diamond,파라,DAMAGE,2.0,48.4
2026-02-11,competitive,Asia,havana,Diamond,프레야,DAMAGE,8.1,48.6
2026-02-11,competitive,Asia,havana,Diamond,한조,DAMAGE,19.2,51.5
2026-02-11,competitive,Asia,havana,Diamond,해저드,TANK,2.1,47.1
2026-02-11,competitive,Asia,havana,Master,D.Va,TANK,6.6,50.3
2026-02-11,competitive,Asia,havana,Master,겐지,DAMAGE,20.3,48.9
2026-02-11,competitive,Asia,havana,Master,도미나,TANK,-1.0,-1.0
2026-02-11,competitive,Asia,havana,Master,둠피스트,TANK,10.3,48.4
2026-02-11,competitive,Asia,havana,Master,라마트라,TANK,6.4,50.2
2026-02-11,competitive,Asia,havana,Master,라이프위버,SUPPORT,3.8,30.8
2026-02-11,competitive,Asia,havana,Master,라인하르트,TANK,5.3,38.0
2026-02-11,competitive,Asia,havana,Master,레킹볼,TANK,3.4,43.8
2026-02-11,competitive,Asia,havana,Master,로드호그,TANK,3.5,34.1
2026-02-11,competitive,Asia,havana,Master,루시우,SUPPORT,1.3,31.6
2026-02-11,competitive,Asia,havana,Master,리퍼,DAMAGE,4.0,44.3
2026-02-11,competitive,Asia,havana,Master,마우가,TANK,1.6,45.1
2026-02-11,competitive,Asia,havana,Master,메르시,SUPPORT,6.2,51.1
2026-02-11,competitive,Asia,havana,Master,메이,DAMAGE,5.7,49.8
2026-02-11,competitive,Asia,havana,Master,모이라,SUPPORT,2.8,37.8
2026-02-11,competitive,Asia,havana,Master,미즈키,SUPPORT,-1.0,-1.0
2026-02-11,competitive,Asia,havana,Master,바스티온,DAMAGE,5.9,48.6
2026-02-11,competitive,Asia,havana,Master,바티스트,SUPPORT,18.2,51.2
2026-02-11,competitive,Asia,havana,Master,벤데타,DAMAGE,3.1,56.1
2026-02-11,competitive,Asia,havana,Master,벤처,DAMAGE,4.4,46.6
2026-02-11,competitive,Asia,havana,Master,브리기테,SUPPORT,3.0,49.2
2026-02-11,competitive,Asia,havana,Master,소전,DAMAGE,22.4,49.1
2026-02-11,competitive,Asia,havana,Master,솔저: 76,DAMAGE,10.2,48.3
2026-02-11,competitive,Asia,havana,Master,솜브라,DAMAGE,7.0,47.9
2026-02-11,competitive,Asia,havana,Master,시그마,TANK,30.4,67.0
2026-02-11,competitive,Asia,havana,Master,시메트라,DAMAGE,3.2,54.9
2026-02-11,competitive,Asia,havana,Master,아나,SUPPORT,68.4,54.4
2026-02-11,competitive,Asia,havana,Master,안란,DAMAGE,-1.0,-1.0
2026-02-11,competitive,Asia,havana,Master,애쉬,DAMAGE,25.1,55.2
2026-02-11,competitive,Asia,havana,Master,에코,DAMAGE,3.8,46.8
2026-02-11,competitive,Asia,havana,Master,엠레,DAMAGE,-1.0,-1.0
2026-02-11,competitive,Asia,havana,Master,오리사,TANK,8.8,48.5
2026-02-11,competitive,Asia,havana,Master,우양,SUPPORT,21.3,51.0
2026-02-11,competitive,Asia,havana,Master,위도우메이커,DAMAGE,24.2,56.5
2026-02-11,competitive,Asia,havana,Master,윈스턴,TANK,12.0,49.6
2026-02-11,competitive,Asia,havana,Master,일리아리,SUPPORT,26.0,59.9
2026-02-11,competitive,Asia,havana,Master,자리야,TANK,8.5,49.6
2026-02-11,competitive,Asia,havana,Master,정커퀸,TANK,1.9,33.4
2026-02-11,competitive,Asia,havana,Master,정크랫,DAMAGE,1.7,41.6
2026-02-11,competitive,Asia,havana,Master,제트팩 캣,SUPPORT,-1.0,-1.0
2026-02-11,competitive,Asia,havana,Master,젠야타,SUPPORT,28.0,51.8
2026-02-11,competitive,Asia,havana,Master,주노,SUPPORT,2.1,39.8
2026-02-11,competitive,Asia,havana,Master,캐서디,DAMAGE,13.2,44.7
2026-02-11,competitive,Asia,havana,Master,키리코,SUPPORT,18.8,40.3
2026-02-11,competitive,Asia,havana,Master,토르비욘,DAMAGE,3.1,46.8
2026-02-11,competitive,Asia,havana,Master,트레이서,DAMAGE,7.6,46.1
2026-02-11,competitive,Asia,havana,Master,파라,DAMAGE,1.9,53.0
2026-02-11,competitive,Asia,havana,Master,프레야,DAMAGE,9.7,49.3
2026-02-11,competitive,Asia,havana,Master,한조,DAMAGE,23.5,51.2
2026-02-11,competitive,Asia,havana,Master,해저드,TANK,1.3,38.8
2026-02-11,competitive,Asia,havana,Grandmaster,D.Va,TANK,6.0,50.5
2026-02-11,competitive,Asia,havana,Grandmaster,겐지,DAMAGE,17.0,44.8
2026-02-11,competitive,Asia,havana,Grandmaster,도미나,TANK,-1.0,-1.0
2026-02-11,competitive,Asia,havana,Grandmaster,둠피스트,TANK,8.4,41.0
2026-02-11,competitive,Asia,havana,Grandmaster,라마트라,TANK,5.5,59.8
2026-02-11,competitive,Asia,havana,Grandmaster,라이프위버,SUPPORT,2.4,22.0
2026-02-11,competitive,Asia,havana,Grandmaster,라인하르트,TANK,4.4,23.9
2026-02-11,competitive,Asia,havana,Grandmaster,레킹볼,TANK,2.7,44.3
2026-02-11,competitive,Asia,havana,Grandmaster,로드호그,TANK,1.9,33.6
2026-02-11,competitive,Asia,havana,Grandmaster,루시우,SUPPORT,1.0,29.7
2026-02-11,competitive,Asia,havana,Grandmaster,리퍼,DAMAGE,1.9,42.2
2026-02-11,competitive,Asia,havana,Grandmaster,마우가,TANK,0.6,33.9
2026-02-11,competitive,Asia,havana,Grandmaster,메르시,SUPPORT,5.2,30.2
2026-02-11,competitive,Asia,havana,Grandmaster,메이,DAMAGE,4.8,58.3
2026-02-11,competitive,Asia,havana,Grandmaster,모이라,SUPPORT,1.6,49.2
2026-02-11,competitive,Asia,havana,Grandmaster,미즈키,SUPPORT,-1.0,-1.0
2026-02-11,competitive,Asia,havana,Grandmaster,바스티온,DAMAGE,4.1,47.0
2026-02-11,competitive,Asia,havana,Grandmaster,바티스트,SUPPORT,34.9,45.6
2026-02-11,competitive,Asia,havana,Grandmaster,벤데타,DAMAGE,5.4,64.1
2026-02-11,competitive,Asia,havana,Grandmaster,벤처,DAMAGE,4.7,67.7
2026-02-11,competitive,Asia,havana,Grandmaster,브리기테,SUPPORT,3.9,45.1
2026-02-11,competitive,Asia,havana,Grandmaster,소전,DAMAGE,25.2,43.6
2026-02-11,competitive,Asia,havana,Grandmaster,솔저: 76,DAMAGE,6.2,44.4
2026-02-11,competitive,Asia,havana,Grandmaster,솜브라,DAMAGE,5.7,42.9
2026-02-11,competitive,Asia,havana,Grandmaster,시그마,TANK,46.6,59.6
2026-02-11,competitive,Asia,havana,Grandmaster,시메트라,DAMAGE,7.5,53.6
2026-02-11,competitive,Asia,havana,Grandmaster,아나,SUPPORT,53.6,48.6
2026-02-11,competitive,Asia,havana,Grandmaster,안란,DAMAGE,-1.0,-1.0
2026-02-11,competitive,Asia,havana,Grandmaster,애쉬,DAMAGE,20.3,47.9
2026-02-11,competitive,Asia,havana,Grandmaster,에코,DAMAGE,2.9,51.4
2026-02-11,competitive,Asia,havana,Grandmaster,엠레,DAMAGE,-1.0,-1.0
2026-02-11,competitive,Asia,havana,Grandmaster,오리사,TANK,6.5,57.8
2026-02-11,competitive,Asia,havana,Grandmaster,우양,SUPPORT,23.9,57.5
2026-02-11,competitive,Asia,havana,Grandmaster,위도우메이커,DAMAGE,30.3,56.9
2026-02-11,competitive,Asia,havana,Grandmaster,윈스턴,TANK,6.7,52.0
2026-02-11,competitive,Asia,havana,Grandmaster,일리아리,SUPPORT,28.5,59.4
2026-02-11,competitive,Asia,havana,Grandmaster,자리야,TANK,8.8,45.6
2026-02-11,competitive,Asia,havana,Grandmaster,정커퀸,TANK,1.2,58.3
2026-02-11,competitive,Asia,havana,Grandmaster,정크랫,DAMAGE,2.6,42.6
2026-02-11,competitive,Asia,havana,Grandmaster,제트팩 캣,SUPPORT,-1.0,-1.0
2026-02-11,competitive,Asia,havana,Grandmaster,젠야타,SUPPORT,27.9,55.4
2026-02-11,competitive,Asia,havana,Grandmaster,주노,SUPPORT,1.5,56.7
2026-02-11,competitive,Asia,havana,Grandmaster,캐서디,DAMAGE,5.7,45.9
2026-02-11,competitive,Asia,havana,Grandmaster,키리코,SUPPORT,15.5,45.4
2026-02-11,competitive,Asia,havana,Grandmaster,토르비욘,DAMAGE,1.6,13.0
2026-02-11,competitive,Asia,havana,Grandmaster,트레이서,DAMAGE,11.2,54.8
2026-02-11,competitive,Asia,havana,Grandmaster,파라,DAMAGE,2.2,54.7
2026-02-11,competitive,Asia,havana,Grandmaster,프레야,DAMAGE,12.4,47.4
2026-02-11,competitive,Asia,havana,Grandmaster,한조,DAMAGE,28.1,52.0
2026-02-11,competitive,Asia,havana,Grandmaster,해저드,TANK,0.7,93.0
2026-02-11,competitive,Asia,new-junk-city,All,D.Va,TANK,6.2,49.1
2026-02-11,competitive,Asia,new-junk-city,All,겐지,DAMAGE,19.7,52.7
2026-02-11,competitive,Asia,new-junk-city,All,도미나,TANK,-1.0,-1.0
2026-02-11,competitive,Asia,new-junk-city,All,둠피스트,TANK,9.2,52.1
2026-02-11,competitive,Asia,new-junk-city,All,라마트라,TANK,7.7,49.9
2026-02-11,competitive,Asia,new-junk-city,All,라이프위버,SUPPORT,3.4,41.0
2026-02-11,competitive,Asia,new-junk-city,All,라인하르트,TANK,9.7,48.0
2026-02-11,competitive,Asia,new-junk-city,All,레킹볼,TANK,3.8,48.4
2026-02-11,competitive,Asia,new-junk-city,All,로드호그,TANK,5.1,39.5
2026-02-11,competitive,Asia,new-junk-city,All,루시우,SUPPORT,10.7,53.2
2026-02-11,competitive,Asia,new-junk-city,All,리퍼,DAMAGE,13.1,52.7
2026-02-11,competitive,Asia,new-junk-city,All,마우가,TANK,3.4,48.5
2026-02-11,competitive,Asia,new-junk-city,All,메르시,SUPPORT,6.1,45.7
2026-02-11,competitive,Asia,new-junk-city,All,메이,DAMAGE,7.9,51.1
2026-02-11,competitive,Asia,new-junk-city,All,모이라,SUPPORT,20.0,49.8
2026-02-11,competitive,Asia,new-junk-city,All,미즈키,SUPPORT,-1.0,-1.0
2026-02-11,competitive,Asia,new-junk-city,All,바스티온,DAMAGE,8.3,47.9
2026-02-11,competitive,Asia,new-junk-city,All,바티스트,SUPPORT,10.0,46.7
2026-02-11,competitive,Asia,new-junk-city,All,벤데타,DAMAGE,5.1,56.4
2026-02-11,competitive,Asia,new-junk-city,All,벤처,DAMAGE,8.6,54.3
2026-02-11,competitive,Asia,new-junk-city,All,브리기테,SUPPORT,7.0,49.3
2026-02-11,competitive,Asia,new-junk-city,All,소전,DAMAGE,23.3,47.9
2026-02-11,competitive,Asia,new-junk-city,All,솔저: 76,DAMAGE,18.4,50.0
2026-02-11,competitive,Asia,new-junk-city,All,솜브라,DAMAGE,5.5,51.4
2026-02-11,competitive,Asia,new-junk-city,All,시그마,TANK,11.8,53.3
2026-02-11,competitive,Asia,new-junk-city,All,시메트라,DAMAGE,5.0,55.5
2026-02-11,competitive,Asia,new-junk-city,All,아나,SUPPORT,45.2,47.8
2026-02-11,competitive,Asia,new-junk-city,All,안란,DAMAGE,-1.0,-1.0
2026-02-11,competitive,Asia,new-junk-city,All,애쉬,DAMAGE,7.1,48.7
2026-02-11,competitive,Asia,new-junk-city,All,에코,DAMAGE,5.5,51.7
2026-02-11,competitive,Asia,new-junk-city,All,엠레,DAMAGE,-1.0,-1.0
2026-02-11,competitive,Asia,new-junk-city,All,오리사,TANK,11.2,42.9
2026-02-11,competitive,Asia,new-junk-city,All,우양,SUPPORT,24.4,55.5
2026-02-11,competitive,Asia,new-junk-city,All,위도우메이커,DAMAGE,0.6,31.5
2026-02-11,competitive,Asia,new-junk-city,All,윈스턴,TANK,6.0,48.5
2026-02-11,competitive,Asia,new-junk-city,All,일리아리,SUPPORT,11.0,55.5
2026-02-11,competitive,Asia,new-junk-city,All,자리야,TANK,10.5,53.0
2026-02-11,competitive,Asia,new-junk-city,All,정커퀸,TANK,11.5,58.7
2026-02-11,competitive,Asia,new-junk-city,All,정크랫,DAMAGE,6.8,51.2
2026-02-11,competitive,Asia,new-junk-city,All,제트팩 캣,SUPPORT,-1.0,-1.0
2026-02-11,competitive,Asia,new-junk-city,All,젠야타,SUPPORT,10.1,51.6
2026-02-11,competitive,Asia,new-junk-city,All,주노,SUPPORT,9.7,50.4
2026-02-11,competitive,Asia,new-junk-city,All,캐서디,DAMAGE,33.6,45.7
2026-02-11,competitive,Asia,new-junk-city,All,키리코,SUPPORT,42.5,47.2
2026-02-11,competitive,Asia,new-junk-city,All,토르비욘,DAMAGE,3.3,51.2
2026-02-11,competitive,Asia,new-junk-city,All,트레이서,DAMAGE,13.8,51.5
2026-02-11,competitive,Asia,new-junk-city,All,파라,DAMAGE,4.1,46.6
2026-02-11,competitive,Asia,new-junk-city,All,프레야,DAMAGE,3.9,44.1
2026-02-11,competitive,Asia,new-junk-city,All,한조,DAMAGE,6.5,48.3
2026-02-11,competitive,Asia,new-junk-city,All,해저드,TANK,3.9,51.4
2026-02-11,competitive,Asia,new-junk-city,Bronze,D.Va,TANK,10.6,53.3
2026-02-11,competitive,Asia,new-junk-city,Bronze,겐지,DAMAGE,12.4,53.2
2026-02-11,competitive,Asia,new-junk-city,Bronze,도미나,TANK,-1.0,-1.0
2026-02-11,competitive,Asia,new-junk-city,Bronze,둠피스트,TANK,4.8,49.2
2026-02-11,competitive,Asia,new-junk-city,Bronze,라마트라,TANK,9.4,51.8
2026-02-11,competitive,Asia,new-junk-city,Bronze,라이프위버,SUPPORT,4.5,36.1
2026-02-11,competitive,Asia,new-junk-city,Bronze,라인하르트,TANK,8.6,47.8
2026-02-11,competitive,Asia,new-junk-city,Bronze,레킹볼,TANK,3.9,45.0
2026-02-11,competitive,Asia,new-junk-city,Bronze,로드호그,TANK,6.4,44.3
2026-02-11,competitive,Asia,new-junk-city,Bronze,루시우,SUPPORT,12.3,50.8
2026-02-11,competitive,Asia,new-junk-city,Bronze,리퍼,DAMAGE,14.1,54.0
2026-02-11,competitive,Asia,new-junk-city,Bronze,마우가,TANK,5.1,52.9
2026-02-11,competitive,Asia,new-junk-city,Bronze,메르시,SUPPORT,12.9,43.7
2026-02-11,competitive,Asia,new-junk-city,Bronze,메이,DAMAGE,7.9,48.4
2026-02-11,competitive,Asia,new-junk-city,Bronze,모이라,SUPPORT,27.1,48.8
2026-02-11,competitive,Asia,new-junk-city,Bronze,미즈키,SUPPORT,-1.0,-1.0
2026-02-11,competitive,Asia,new-junk-city,Bronze,바스티온,DAMAGE,17.9,45.3
2026-02-11,competitive,Asia,new-junk-city,Bronze,바티스트,SUPPORT,8.8,47.3
2026-02-11,competitive,Asia,new-junk-city,Bronze,벤데타,DAMAGE,4.6,61.0
2026-02-11,competitive,Asia,new-junk-city,Bronze,벤처,DAMAGE,6.3,54.8
2026-02-11,competitive,Asia,new-junk-city,Bronze,브리기테,SUPPORT,4.0,55.2
2026-02-11,competitive,Asia,new-junk-city,Bronze,소전,DAMAGE,23.1,47.0
2026-02-11,competitive,Asia,new-junk-city,Bronze,솔저: 76,DAMAGE,27.0,49.2
2026-02-11,competitive,Asia,new-junk-city,Bronze,솜브라,DAMAGE,3.2,43.4
2026-02-11,competitive,Asia,new-junk-city,Bronze,시그마,TANK,15.4,54.0
2026-02-11,competitive,Asia,new-junk-city,Bronze,시메트라,DAMAGE,3.8,55.8
2026-02-11,competitive,Asia,new-junk-city,Bronze,아나,SUPPORT,27.4,54.5
2026-02-11,competitive,Asia,new-junk-city,Bronze,안란,DAMAGE,-1.0,-1.0
2026-02-11,competitive,Asia,new-junk-city,Bronze,애쉬,DAMAGE,10.8,50.1
2026-02-11,competitive,Asia,new-junk-city,Bronze,에코,DAMAGE,5.9,48.8
2026-02-11,competitive,Asia,new-junk-city,Bronze,엠레,DAMAGE,-1.0,-1.0
2026-02-11,competitive,Asia,new-junk-city,Bronze,오리사,TANK,14.8,40.8
2026-02-11,competitive,Asia,new-junk-city,Bronze,우양,SUPPORT,19.8,51.5
2026-02-11,competitive,Asia,new-junk-city,Bronze,위도우메이커,DAMAGE,1.6,51.5
2026-02-11,competitive,Asia,new-junk-city,Bronze,윈스턴,TANK,5.2,46.9
2026-02-11,competitive,Asia,new-junk-city,Bronze,일리아리,SUPPORT,11.3,59.4
2026-02-11,competitive,Asia,new-junk-city,Bronze,자리야,TANK,6.0,58.3
2026-02-11,competitive,Asia,new-junk-city,Bronze,정커퀸,TANK,6.4,60.6
2026-02-11,competitive,Asia,new-junk-city,Bronze,정크랫,DAMAGE,11.9,49.2
2026-02-11,competitive,Asia,new-junk-city,Bronze,제트팩 캣,SUPPORT,-1.0,-1.0
2026-02-11,competitive,Asia,new-junk-city,Bronze,젠야타,SUPPORT,11.9,53.5
2026-02-11,competitive,Asia,new-junk-city,Bronze,주노,SUPPORT,21.9,49.7
2026-02-11,competitive,Asia,new-junk-city,Bronze,캐서디,DAMAGE,20.8,46.8
2026-02-11,competitive,Asia,new-junk-city,Bronze,키리코,SUPPORT,38.2,46.1
2026-02-11,competitive,Asia,new-junk-city,Bronze,토르비욘,DAMAGE,4.0,56.1
2026-02-11,competitive,Asia,new-junk-city,Bronze,트레이서,DAMAGE,7.2,54.2
2026-02-11,competitive,Asia,new-junk-city,Bronze,파라,DAMAGE,6.2,52.5
2026-02-11,competitive,Asia,new-junk-city,Bronze,프레야,DAMAGE,5.4,51.3
2026-02-11,competitive,Asia,new-junk-city,Bronze,한조,DAMAGE,5.9,46.7
2026-02-11,competitive,Asia,new-junk-city,Bronze,해저드,TANK,3.4,48.3
2026-02-11,competitive,Asia,new-junk-city,Silver,D.Va,TANK,7.7,49.5
2026-02-11,competitive,Asia,new-junk-city,Silver,겐지,DAMAGE,15.7,54.1
2026-02-11,competitive,Asia,new-junk-city,Silver,도미나,TANK,-1.0,-1.0
2026-02-11,competitive,Asia,new-junk-city,Silver,둠피스트,TANK,5.9,55.9
2026-02-11,competitive,Asia,new-junk-city,Silver,라마트라,TANK,9.0,48.6
2026-02-11,competitive,Asia,new-junk-city,Silver,라이프위버,SUPPORT,4.9,43.7
2026-02-11,competitive,Asia,new-junk-city,Silver,라인하르트,TANK,10.4,46.5
2026-02-11,competitive,Asia,new-junk-city,Silver,레킹볼,TANK,3.6,45.3
2026-02-11,competitive,Asia,new-junk-city,Silver,로드호그,TANK,5.2,38.1
2026-02-11,competitive,Asia,new-junk-city,Silver,루시우,SUPPORT,10.9,49.2
2026-02-11,competitive,Asia,new-junk-city,Silver,리퍼,DAMAGE,16.0,52.9
2026-02-11,competitive,Asia,new-junk-city,Silver,마우가,TANK,4.3,50.4
2026-02-11,competitive,Asia,new-junk-city,Silver,메르시,SUPPORT,10.6,44.9
2026-02-11,competitive,Asia,new-junk-city,Silver,메이,DAMAGE,7.9,49.9
2026-02-11,competitive,Asia,new-junk-city,Silver,모이라,SUPPORT,28.5,50.2
2026-02-11,competitive,Asia,new-junk-city,Silver,미즈키,SUPPORT,-1.0,-1.0
2026-02-11,competitive,Asia,new-junk-city,Silver,바스티온,DAMAGE,12.4,48.2
2026-02-11,competitive,Asia,new-junk-city,Silver,바티스트,SUPPORT,8.8,45.6
2026-02-11,competitive,Asia,new-junk-city,Silver,벤데타,DAMAGE,5.1,58.1
2026-02-11,competitive,Asia,new-junk-city,Silver,벤처,DAMAGE,6.9,51.3
2026-02-11,competitive,Asia,new-junk-city,Silver,브리기테,SUPPORT,5.3,50.2
2026-02-11,competitive,Asia,new-junk-city,Silver,소전,DAMAGE,22.1,46.4
2026-02-11,competitive,Asia,new-junk-city,Silver,솔저: 76,DAMAGE,25.2,50.3
2026-02-11,competitive,Asia,new-junk-city,Silver,솜브라,DAMAGE,4.4,52.3
2026-02-11,competitive,Asia,new-junk-city,Silver,시그마,TANK,12.7,52.0
2026-02-11,competitive,Asia,new-junk-city,Silver,시메트라,DAMAGE,4.2,59.1
2026-02-11,competitive,Asia,new-junk-city,Silver,아나,SUPPORT,36.3,48.8
2026-02-11,competitive,Asia,new-junk-city,Silver,안란,DAMAGE,-1.0,-1.0
2026-02-11,competitive,Asia,new-junk-city,Silver,애쉬,DAMAGE,9.4,47.6
2026-02-11,competitive,Asia,new-junk-city,Silver,에코,DAMAGE,5.2,51.8
2026-02-11,competitive,Asia,new-junk-city,Silver,엠레,DAMAGE,-1.0,-1.0
2026-02-11,competitive,Asia,new-junk-city,Silver,오리사,TANK,14.0,45.1
2026-02-11,competitive,Asia,new-junk-city,Silver,우양,SUPPORT,18.8,56.6
2026-02-11,competitive,Asia,new-junk-city,Silver,위도우메이커,DAMAGE,0.9,33.6
2026-02-11,competitive,Asia,new-junk-city,Silver,윈스턴,TANK,5.2,48.4
2026-02-11,competitive,Asia,new-junk-city,Silver,일리아리,SUPPORT,9.6,55.4
2026-02-11,competitive,Asia,new-junk-city,Silver,자리야,TANK,8.2,55.9
2026-02-11,competitive,Asia,new-junk-city,Silver,정커퀸,TANK,10.3,61.3
2026-02-11,competitive,Asia,new-junk-city,Silver,정크랫,DAMAGE,10.2,50.3
2026-02-11,competitive,Asia,new-junk-city,Silver,제트팩 캣,SUPPORT,-1.0,-1.0
2026-02-11,competitive,Asia,new-junk-city,Silver,젠야타,SUPPORT,10.0,55.0
2026-02-11,competitive,Asia,new-junk-city,Silver,주노,SUPPORT,16.4,47.8
2026-02-11,competitive,Asia,new-junk-city,Silver,캐서디,DAMAGE,26.5,47.6
2026-02-11,competitive,Asia,new-junk-city,Silver,키리코,SUPPORT,40.1,48.8
2026-02-11,competitive,Asia,new-junk-city,Silver,토르비욘,DAMAGE,3.7,52.3
2026-02-11,competitive,Asia,new-junk-city,Silver,트레이서,DAMAGE,8.2,52.0
2026-02-11,competitive,Asia,new-junk-city,Silver,파라,DAMAGE,5.0,43.7
2026-02-11,competitive,Asia,new-junk-city,Silver,프레야,DAMAGE,4.8,44.9
2026-02-11,competitive,Asia,new-junk-city,Silver,한조,DAMAGE,6.3,48.6
2026-02-11,competitive,Asia,new-junk-city,Silver,해저드,TANK,3.5,48.5
2026-02-11,competitive,Asia,new-junk-city,Gold,D.Va,TANK,6.5,49.3
2026-02-11,competitive,Asia,new-junk-city,Gold,겐지,DAMAGE,18.1,53.2
2026-02-11,competitive,Asia,new-junk-city,Gold,도미나,TANK,-1.0,-1.0
2026-02-11,competitive,Asia,new-junk-city,Gold,둠피스트,TANK,7.4,53.4
2026-02-11,competitive,Asia,new-junk-city,Gold,라마트라,TANK,8.2,51.4
2026-02-11,competitive,Asia,new-junk-city,Gold,라이프위버,SUPPORT,4.4,42.1
2026-02-11,competitive,Asia,new-junk-city,Gold,라인하르트,TANK,10.3,49.3
2026-02-11,competitive,Asia,new-junk-city,Gold,레킹볼,TANK,3.6,50.4
2026-02-11,competitive,Asia,new-junk-city,Gold,로드호그,TANK,5.6,39.2
2026-02-11,competitive,Asia,new-junk-city,Gold,루시우,SUPPORT,9.5,54.7
2026-02-11,competitive,Asia,new-junk-city,Gold,리퍼,DAMAGE,14.6,51.5
2026-02-11,competitive,Asia,new-junk-city,Gold,마우가,TANK,3.7,47.8
2026-02-11,competitive,Asia,new-junk-city,Gold,메르시,SUPPORT,7.7,46.5
2026-02-11,competitive,Asia,new-junk-city,Gold,메이,DAMAGE,8.6,52.6
2026-02-11,competitive,Asia,new-junk-city,Gold,모이라,SUPPORT,24.7,49.2
2026-02-11,competitive,Asia,new-junk-city,Gold,미즈키,SUPPORT,-1.0,-1.0
2026-02-11,competitive,Asia,new-junk-city,Gold,바스티온,DAMAGE,9.6,47.3
2026-02-11,competitive,Asia,new-junk-city,Gold,바티스트,SUPPORT,9.1,45.4
2026-02-11,competitive,Asia,new-junk-city,Gold,벤데타,DAMAGE,5.1,55.9
2026-02-11,competitive,Asia,new-junk-city,Gold,벤처,DAMAGE,8.0,53.5
2026-02-11,competitive,Asia,new-junk-city,Gold,브리기테,SUPPORT,6.8,50.0
2026-02-11,competitive,Asia,new-junk-city,Gold,소전,DAMAGE,21.6,46.9
2026-02-11,competitive,Asia,new-junk-city,Gold,솔저: 76,DAMAGE,22.5,48.7
2026-02-11,competitive,Asia,new-junk-city,Gold,솜브라,DAMAGE,5.0,53.8
2026-02-11,competitive,Asia,new-junk-city,Gold,시그마,TANK,11.7,51.1
2026-02-11,competitive,Asia,new-junk-city,Gold,시메트라,DAMAGE,4.8,56.3
2026-02-11,competitive,Asia,new-junk-city,Gold,아나,SUPPORT,43.7,47.2
2026-02-11,competitive,Asia,new-junk-city,Gold,안란,DAMAGE,-1.0,-1.0
2026-02-11,competitive,Asia,new-junk-city,Gold,애쉬,DAMAGE,8.6,50.9
2026-02-11,competitive,Asia,new-junk-city,Gold,에코,DAMAGE,5.1,50.3
2026-02-11,competitive,Asia,new-junk-city,Gold,엠레,DAMAGE,-1.0,-1.0
2026-02-11,competitive,Asia,new-junk-city,Gold,오리사,TANK,12.4,41.8
2026-02-11,competitive,Asia,new-junk-city,Gold,우양,SUPPORT,20.3,55.4
2026-02-11,competitive,Asia,new-junk-city,Gold,위도우메이커,DAMAGE,0.6,34.3
2026-02-11,competitive,Asia,new-junk-city,Gold,윈스턴,TANK,5.3,52.9
2026-02-11,competitive,Asia,new-junk-city,Gold,일리아리,SUPPORT,9.8,56.8
2026-02-11,competitive,Asia,new-junk-city,Gold,자리야,TANK,9.6,51.3
2026-02-11,competitive,Asia,new-junk-city,Gold,정커퀸,TANK,12.2,58.7
2026-02-11,competitive,Asia,new-junk-city,Gold,정크랫,DAMAGE,7.7,52.2
2026-02-11,competitive,Asia,new-junk-city,Gold,제트팩 캣,SUPPORT,-1.0,-1.0
2026-02-11,competitive,Asia,new-junk-city,Gold,젠야타,SUPPORT,9.8,51.4
2026-02-11,competitive,Asia,new-junk-city,Gold,주노,SUPPORT,12.2,52.4
2026-02-11,competitive,Asia,new-junk-city,Gold,캐서디,DAMAGE,31.8,46.1
2026-02-11,competitive,Asia,new-junk-city,Gold,키리코,SUPPORT,42.1,47.7
2026-02-11,competitive,Asia,new-junk-city,Gold,토르비욘,DAMAGE,3.6,53.0
2026-02-11,competitive,Asia,new-junk-city,Gold,트레이서,DAMAGE,10.0,50.8
2026-02-11,competitive,Asia,new-junk-city,Gold,파라,DAMAGE,4.2,46.0
2026-02-11,competitive,Asia,new-junk-city,Gold,프레야,DAMAGE,4.2,42.7
2026-02-11,competitive,Asia,new-junk-city,Gold,한조,DAMAGE,6.3,53.2
2026-02-11,competitive,Asia,new-junk-city,Gold,해저드,TANK,3.6,51.4
2026-02-11,competitive,Asia,new-junk-city,Platinum,D.Va,TANK,5.7,48.9
2026-02-11,competitive,Asia,new-junk-city,Platinum,겐지,DAMAGE,21.1,52.7
2026-02-11,competitive,Asia,new-junk-city,Platinum,도미나,TANK,-1.0,-1.0
2026-02-11,competitive,Asia,new-junk-city,Platinum,둠피스트,TANK,9.1,52.2
2026-02-11,competitive,Asia,new-junk-city,Platinum,라마트라,TANK,7.2,49.8
2026-02-11,competitive,Asia,new-junk-city,Platinum,라이프위버,SUPPORT,3.4,43.6
2026-02-11,competitive,Asia,new-junk-city,Platinum,라인하르트,TANK,10.6,49.4
2026-02-11,competitive,Asia,new-junk-city,Platinum,레킹볼,TANK,3.9,48.2
2026-02-11,competitive,Asia,new-junk-city,Platinum,로드호그,TANK,5.1,40.2
2026-02-11,competitive,Asia,new-junk-city,Platinum,루시우,SUPPORT,9.8,54.1
2026-02-11,competitive,Asia,new-junk-city,Platinum,리퍼,DAMAGE,13.1,53.9
2026-02-11,competitive,Asia,new-junk-city,Platinum,마우가,TANK,3.3,48.0
2026-02-11,competitive,Asia,new-junk-city,Platinum,메르시,SUPPORT,5.0,44.1
2026-02-11,competitive,Asia,new-junk-city,Platinum,메이,DAMAGE,8.5,52.7
2026-02-11,competitive,Asia,new-junk-city,Platinum,모이라,SUPPORT,19.8,50.5
2026-02-11,competitive,Asia,new-junk-city,Platinum,미즈키,SUPPORT,-1.0,-1.0
2026-02-11,competitive,Asia,new-junk-city,Platinum,바스티온,DAMAGE,7.7,48.5
2026-02-11,competitive,Asia,new-junk-city,Platinum,바티스트,SUPPORT,9.5,46.9
2026-02-11,competitive,Asia,new-junk-city,Platinum,벤데타,DAMAGE,5.0,56.3
2026-02-11,competitive,Asia,new-junk-city,Platinum,벤처,DAMAGE,8.7,55.1
2026-02-11,competitive,Asia,new-junk-city,Platinum,브리기테,SUPPORT,7.4,50.4
2026-02-11,competitive,Asia,new-junk-city,Platinum,소전,DAMAGE,22.0,47.4
2026-02-11,competitive,Asia,new-junk-city,Platinum,솔저: 76,DAMAGE,17.5,49.2
2026-02-11,competitive,Asia,new-junk-city,Platinum,솜브라,DAMAGE,5.7,51.2
2026-02-11,competitive,Asia,new-junk-city,Platinum,시그마,TANK,11.1,53.5
2026-02-11,competitive,Asia,new-junk-city,Platinum,시메트라,DAMAGE,5.2,56.2
2026-02-11,competitive,Asia,new-junk-city,Platinum,아나,SUPPORT,49.4,47.3
2026-02-11,competitive,Asia,new-junk-city,Platinum,안란,DAMAGE,-1.0,-1.0
2026-02-11,competitive,Asia,new-junk-city,Platinum,애쉬,DAMAGE,6.9,48.4
2026-02-11,competitive,Asia,new-junk-city,Platinum,에코,DAMAGE,5.5,51.7
2026-02-11,competitive,Asia,new-junk-city,Platinum,엠레,DAMAGE,-1.0,-1.0
2026-02-11,competitive,Asia,new-junk-city,Platinum,오리사,TANK,10.9,42.9
2026-02-11,competitive,Asia,new-junk-city,Platinum,우양,SUPPORT,23.2,55.5
2026-02-11,competitive,Asia,new-junk-city,Platinum,위도우메이커,DAMAGE,0.5,30.3
2026-02-11,competitive,Asia,new-junk-city,Platinum,윈스턴,TANK,5.8,47.1
2026-02-11,competitive,Asia,new-junk-city,Platinum,일리아리,SUPPORT,10.5,55.4
2026-02-11,competitive,Asia,new-junk-city,Platinum,자리야,TANK,10.4,51.5
2026-02-11,competitive,Asia,new-junk-city,Platinum,정커퀸,TANK,13.0,58.8
2026-02-11,competitive,Asia,new-junk-city,Platinum,정크랫,DAMAGE,6.4,51.5
2026-02-11,competitive,Asia,new-junk-city,Platinum,제트팩 캣,SUPPORT,-1.0,-1.0
2026-02-11,competitive,Asia,new-junk-city,Platinum,젠야타,SUPPORT,10.6,52.5
2026-02-11,competitive,Asia,new-junk-city,Platinum,주노,SUPPORT,8.6,49.8
2026-02-11,competitive,Asia,new-junk-city,Platinum,캐서디,DAMAGE,36.1,45.4
2026-02-11,competitive,Asia,new-junk-city,Platinum,키리코,SUPPORT,43.0,46.4
2026-02-11,competitive,Asia,new-junk-city,Platinum,토르비욘,DAMAGE,3.3,52.4
2026-02-11,competitive,Asia,new-junk-city,Platinum,트레이서,DAMAGE,12.5,50.4
2026-02-11,competitive,Asia,new-junk-city,Platinum,파라,DAMAGE,4.0,47.0
2026-02-11,competitive,Asia,new-junk-city,Platinum,프레야,DAMAGE,3.7,44.3
2026-02-11,competitive,Asia,new-junk-city,Platinum,한조,DAMAGE,6.6,46.6
2026-02-11,competitive,Asia,new-junk-city,Platinum,해저드,TANK,3.9,50.1
2026-02-11,competitive,Asia,new-junk-city,Diamond,D.Va,TANK,5.3,48.0
2026-02-11,competitive,Asia,new-junk-city,Diamond,겐지,DAMAGE,22.9,52.6
2026-02-11,competitive,Asia,new-junk-city,Diamond,도미나,TANK,-1.0,-1.0
2026-02-11,competitive,Asia,new-junk-city,Diamond,둠피스트,TANK,11.7,51.0
2026-02-11,competitive,Asia,new-junk-city,Diamond,라마트라,TANK,7.1,48.3
2026-02-11,competitive,Asia,new-junk-city,Diamond,라이프위버,SUPPORT,2.3,37.2
2026-02-11,competitive,Asia,new-junk-city,Diamond,라인하르트,TANK,9.1,45.1
2026-02-11,competitive,Asia,new-junk-city,Diamond,레킹볼,TANK,4.1,50.0
2026-02-11,competitive,Asia,new-junk-city,Diamond,로드호그,TANK,4.9,38.4
2026-02-11,competitive,Asia,new-junk-city,Diamond,루시우,SUPPORT,11.4,55.0
2026-02-11,competitive,Asia,new-junk-city,Diamond,리퍼,DAMAGE,11.6,52.8
2026-02-11,competitive,Asia,new-junk-city,Diamond,마우가,TANK,3.1,48.1
2026-02-11,competitive,Asia,new-junk-city,Diamond,메르시,SUPPORT,3.7,49.3
2026-02-11,competitive,Asia,new-junk-city,Diamond,메이,DAMAGE,7.4,49.2
2026-02-11,competitive,Asia,new-junk-city,Diamond,모이라,SUPPORT,14.8,49.7
2026-02-11,competitive,Asia,new-junk-city,Diamond,미즈키,SUPPORT,-1.0,-1.0
2026-02-11,competitive,Asia,new-junk-city,Diamond,바스티온,DAMAGE,5.7,48.6
2026-02-11,competitive,Asia,new-junk-city,Diamond,바티스트,SUPPORT,10.5,46.3
2026-02-11,competitive,Asia,new-junk-city,Diamond,벤데타,DAMAGE,5.2,55.1
2026-02-11,competitive,Asia,new-junk-city,Diamond,벤처,DAMAGE,9.6,55.1
2026-02-11,competitive,Asia,new-junk-city,Diamond,브리기테,SUPPORT,7.8,46.6
2026-02-11,competitive,Asia,new-junk-city,Diamond,소전,DAMAGE,24.0,48.5
2026-02-11,competitive,Asia,new-junk-city,Diamond,솔저: 76,DAMAGE,13.9,51.9
2026-02-11,competitive,Asia,new-junk-city,Diamond,솜브라,DAMAGE,6.6,50.0
2026-02-11,competitive,Asia,new-junk-city,Diamond,시그마,TANK,10.6,55.5
2026-02-11,competitive,Asia,new-junk-city,Diamond,시메트라,DAMAGE,5.1,54.5
2026-02-11,competitive,Asia,new-junk-city,Diamond,아나,SUPPORT,50.2,48.2
2026-02-11,competitive,Asia,new-junk-city,Diamond,안란,DAMAGE,-1.0,-1.0
2026-02-11,competitive,Asia,new-junk-city,Diamond,애쉬,DAMAGE,5.0,46.5
2026-02-11,competitive,Asia,new-junk-city,Diamond,에코,DAMAGE,5.3,52.9
2026-02-11,competitive,Asia,new-junk-city,Diamond,엠레,DAMAGE,-1.0,-1.0
2026-02-11,competitive,Asia,new-junk-city,Diamond,오리사,TANK,9.7,44.3
2026-02-11,competitive,Asia,new-junk-city,Diamond,우양,SUPPORT,28.4,55.1
2026-02-11,competitive,Asia,new-junk-city,Diamond,위도우메이커,DAMAGE,0.5,26.6
2026-02-11,competitive,Asia,new-junk-city,Diamond,윈스턴,TANK,6.6,48.0
2026-02-11,competitive,Asia,new-junk-city,Diamond,일리아리,SUPPORT,11.8,54.7
2026-02-11,competitive,Asia,new-junk-city,Diamond,자리야,TANK,12.0,53.2
2026-02-11,competitive,Asia,new-junk-city,Diamond,정커퀸,TANK,11.6,57.7
2026-02-11,competitive,Asia,new-junk-city,Diamond,정크랫,DAMAGE,5.1,49.9
2026-02-11,competitive,Asia,new-junk-city,Diamond,제트팩 캣,SUPPORT,-1.0,-1.0
2026-02-11,competitive,Asia,new-junk-city,Diamond,젠야타,SUPPORT,10.6,49.3
2026-02-11,competitive,Asia,new-junk-city,Diamond,주노,SUPPORT,5.8,50.4
2026-02-11,competitive,Asia,new-junk-city,Diamond,캐서디,DAMAGE,37.8,44.5
2026-02-11,competitive,Asia,new-junk-city,Diamond,키리코,SUPPORT,42.7,47.2
2026-02-11,competitive,Asia,new-junk-city,Diamond,토르비욘,DAMAGE,3.2,51.3
2026-02-11,competitive,Asia,new-junk-city,Diamond,트레이서,DAMAGE,17.7,53.5
2026-02-11,competitive,Asia,new-junk-city,Diamond,파라,DAMAGE,3.1,44.9
2026-02-11,competitive,Asia,new-junk-city,Diamond,프레야,DAMAGE,3.4,43.4
2026-02-11,competitive,Asia,new-junk-city,Diamond,한조,DAMAGE,7.0,47.5
2026-02-11,competitive,Asia,new-junk-city,Diamond,해저드,TANK,4.2,54.3
2026-02-11,competitive,Asia,new-junk-city,Master,D.Va,TANK,5.6,47.9
2026-02-11,competitive,Asia,new-junk-city,Master,겐지,DAMAGE,21.2,49.7
2026-02-11,competitive,Asia,new-junk-city,Master,도미나,TANK,-1.0,-1.0
2026-02-11,competitive,Asia,new-junk-city,Master,둠피스트,TANK,13.8,50.5
2026-02-11,competitive,Asia,new-junk-city,Master,라마트라,TANK,7.0,50.4
2026-02-11,competitive,Asia,new-junk-city,Master,라이프위버,SUPPORT,2.1,28.6
2026-02-11,competitive,Asia,new-junk-city,Master,라인하르트,TANK,6.7,47.4
2026-02-11,competitive,Asia,new-junk-city,Master,레킹볼,TANK,3.6,45.3
2026-02-11,competitive,Asia,new-junk-city,Master,로드호그,TANK,4.3,40.6
2026-02-11,competitive,Asia,new-junk-city,Master,루시우,SUPPORT,12.4,50.4
2026-02-11,competitive,Asia,new-junk-city,Master,리퍼,DAMAGE,10.3,50.5
2026-02-11,competitive,Asia,new-junk-city,Master,마우가,TANK,2.4,46.4
2026-02-11,competitive,Asia,new-junk-city,Master,메르시,SUPPORT,3.1,48.1
2026-02-11,competitive,Asia,new-junk-city,Master,메이,DAMAGE,6.2,47.5
2026-02-11,competitive,Asia,new-junk-city,Master,모이라,SUPPORT,10.1,49.8
2026-02-11,competitive,Asia,new-junk-city,Master,미즈키,SUPPORT,-1.0,-1.0
2026-02-11,competitive,Asia,new-junk-city,Master,바스티온,DAMAGE,4.8,48.9
2026-02-11,competitive,Asia,new-junk-city,Master,바티스트,SUPPORT,12.8,48.8
2026-02-11,competitive,Asia,new-junk-city,Master,벤데타,DAMAGE,5.1,58.0
2026-02-11,competitive,Asia,new-junk-city,Master,벤처,DAMAGE,10.6,55.1
2026-02-11,competitive,Asia,new-junk-city,Master,브리기테,SUPPORT,7.6,48.9
2026-02-11,competitive,Asia,new-junk-city,Master,소전,DAMAGE,28.7,52.1
2026-02-11,competitive,Asia,new-junk-city,Master,솔저: 76,DAMAGE,11.1,53.1
2026-02-11,competitive,Asia,new-junk-city,Master,솜브라,DAMAGE,6.0,52.7
2026-02-11,competitive,Asia,new-junk-city,Master,시그마,TANK,12.4,54.8
2026-02-11,competitive,Asia,new-junk-city,Master,시메트라,DAMAGE,5.4,51.5
2026-02-11,competitive,Asia,new-junk-city,Master,아나,SUPPORT,45.0,46.5
2026-02-11,competitive,Asia,new-junk-city,Master,안란,DAMAGE,-1.0,-1.0
2026-02-11,competitive,Asia,new-junk-city,Master,애쉬,DAMAGE,4.4,48.2
2026-02-11,competitive,Asia,new-junk-city,Master,에코,DAMAGE,6.5,53.9
2026-02-11,competitive,Asia,new-junk-city,Master,엠레,DAMAGE,-1.0,-1.0
2026-02-11,competitive,Asia,new-junk-city,Master,오리사,TANK,9.0,41.6
2026-02-11,competitive,Asia,new-junk-city,Master,우양,SUPPORT,34.9,56.3
2026-02-11,competitive,Asia,new-junk-city,Master,위도우메이커,DAMAGE,0.6,20.2
2026-02-11,competitive,Asia,new-junk-city,Master,윈스턴,TANK,7.8,46.9
2026-02-11,competitive,Asia,new-junk-city,Master,일리아리,SUPPORT,14.2,53.0
2026-02-11,competitive,Asia,new-junk-city,Master,자리야,TANK,13.5,57.1
2026-02-11,competitive,Asia,new-junk-city,Master,정커퀸,TANK,9.6,56.3
2026-02-11,competitive,Asia,new-junk-city,Master,정크랫,DAMAGE,3.4,55.7
2026-02-11,competitive,Asia,new-junk-city,Master,제트팩 캣,SUPPORT,-1.0,-1.0
2026-02-11,competitive,Asia,new-junk-city,Master,젠야타,SUPPORT,8.6,49.9
2026-02-11,competitive,Asia,new-junk-city,Master,주노,SUPPORT,3.6,52.6
2026-02-11,competitive,Asia,new-junk-city,Master,캐서디,DAMAGE,35.2,45.5
2026-02-11,competitive,Asia,new-junk-city,Master,키리코,SUPPORT,45.6,48.1
2026-02-11,competitive,Asia,new-junk-city,Master,토르비욘,DAMAGE,2.7,37.0
2026-02-11,competitive,Asia,new-junk-city,Master,트레이서,DAMAGE,24.6,50.4
2026-02-11,competitive,Asia,new-junk-city,Master,파라,DAMAGE,4.1,50.5
2026-02-11,competitive,Asia,new-junk-city,Master,프레야,DAMAGE,2.6,40.4
2026-02-11,competitive,Asia,new-junk-city,Master,한조,DAMAGE,6.6,46.2
2026-02-11,competitive,Asia,new-junk-city,Master,해저드,TANK,4.3,52.2
2026-02-11,competitive,Asia,new-junk-city,Grandmaster,D.Va,TANK,5.8,45.6
2026-02-11,competitive,Asia,new-junk-city,Grandmaster,겐지,DAMAGE,16.4,53.8
2026-02-11,competitive,Asia,new-junk-city,Grandmaster,도미나,TANK,-1.0,-1.0
2026-02-11,competitive,Asia,new-junk-city,Grandmaster,둠피스트,TANK,13.2,50.4
2026-02-11,competitive,Asia,new-junk-city,Grandmaster,라마트라,TANK,7.5,53.3
2026-02-11,competitive,Asia,new-junk-city,Grandmaster,라이프위버,SUPPORT,1.1,30.3
2026-02-11,competitive,Asia,new-junk-city,Grandmaster,라인하르트,TANK,5.9,46.7
2026-02-11,competitive,Asia,new-junk-city,Grandmaster,레킹볼,TANK,4.3,50.3
2026-02-11,competitive,Asia,new-junk-city,Grandmaster,로드호그,TANK,2.9,34.2
2026-02-11,competitive,Asia,new-junk-city,Grandmaster,루시우,SUPPORT,16.6,50.7
2026-02-11,competitive,Asia,new-junk-city,Grandmaster,리퍼,DAMAGE,5.5,48.8
2026-02-11,competitive,Asia,new-junk-city,Grandmaster,마우가,TANK,1.7,43.7
2026-02-11,competitive,Asia,new-junk-city,Grandmaster,메르시,SUPPORT,2.2,32.2
2026-02-11,competitive,Asia,new-junk-city,Grandmaster,메이,DAMAGE,5.5,51.8
2026-02-11,competitive,Asia,new-junk-city,Grandmaster,모이라,SUPPORT,5.7,50.6
2026-02-11,competitive,Asia,new-junk-city,Grandmaster,미즈키,SUPPORT,-1.0,-1.0
2026-02-11,competitive,Asia,new-junk-city,Grandmaster,바스티온,DAMAGE,3.0,47.0
2026-02-11,competitive,Asia,new-junk-city,Grandmaster,바티스트,SUPPORT,20.2,50.5
2026-02-11,competitive,Asia,new-junk-city,Grandmaster,벤데타,DAMAGE,7.5,52.8
2026-02-11,competitive,Asia,new-junk-city,Grandmaster,벤처,DAMAGE,8.8,50.3
2026-02-11,competitive,Asia,new-junk-city,Grandmaster,브리기테,SUPPORT,7.6,46.7
2026-02-11,competitive,Asia,new-junk-city,Grandmaster,소전,DAMAGE,36.7,51.6
2026-02-11,competitive,Asia,new-junk-city,Grandmaster,솔저: 76,DAMAGE,10.2,55.3
2026-02-11,competitive,Asia,new-junk-city,Grandmaster,솜브라,DAMAGE,5.0,48.2
2026-02-11,competitive,Asia,new-junk-city,Grandmaster,시그마,TANK,19.5,57.0
2026-02-11,competitive,Asia,new-junk-city,Grandmaster,시메트라,DAMAGE,8.0,48.4
2026-02-11,competitive,Asia,new-junk-city,Grandmaster,아나,SUPPORT,33.4,47.1
2026-02-11,competitive,Asia,new-junk-city,Grandmaster,안란,DAMAGE,-1.0,-1.0
2026-02-11,competitive,Asia,new-junk-city,Grandmaster,애쉬,DAMAGE,4.4,44.6
2026-02-11,competitive,Asia,new-junk-city,Grandmaster,에코,DAMAGE,6.3,49.1
2026-02-11,competitive,Asia,new-junk-city,Grandmaster,엠레,DAMAGE,-1.0,-1.0
2026-02-11,competitive,Asia,new-junk-city,Grandmaster,오리사,TANK,7.2,38.4
2026-02-11,competitive,Asia,new-junk-city,Grandmaster,우양,SUPPORT,42.1,56.7
2026-02-11,competitive,Asia,new-junk-city,Grandmaster,위도우메이커,DAMAGE,1.0,10.0
2026-02-11,competitive,Asia,new-junk-city,Grandmaster,윈스턴,TANK,7.6,43.0
2026-02-11,competitive,Asia,new-junk-city,Grandmaster,일리아리,SUPPORT,16.1,55.1
2026-02-11,competitive,Asia,new-junk-city,Grandmaster,자리야,TANK,14.7,53.6
2026-02-11,competitive,Asia,new-junk-city,Grandmaster,정커퀸,TANK,5.5,59.9
2026-02-11,competitive,Asia,new-junk-city,Grandmaster,정크랫,DAMAGE,3.4,46.4
2026-02-11,competitive,Asia,new-junk-city,Grandmaster,제트팩 캣,SUPPORT,-1.0,-1.0
2026-02-11,competitive,Asia,new-junk-city,Grandmaster,젠야타,SUPPORT,5.3,44.0
2026-02-11,competitive,Asia,new-junk-city,Grandmaster,주노,SUPPORT,2.1,62.1
2026-02-11,competitive,Asia,new-junk-city,Grandmaster,캐서디,DAMAGE,29.6,48.5
2026-02-11,competitive,Asia,new-junk-city,Grandmaster,키리코,SUPPORT,47.8,45.4
2026-02-11,competitive,Asia,new-junk-city,Grandmaster,토르비욘,DAMAGE,1.8,34.3
2026-02-11,competitive,Asia,new-junk-city,Grandmaster,트레이서,DAMAGE,33.6,51.8
2026-02-11,competitive,Asia,new-junk-city,Grandmaster,파라,DAMAGE,3.5,49.6
2026-02-11,competitive,Asia,new-junk-city,Grandmaster,프레야,DAMAGE,4.0,50.2
2026-02-11,competitive,Asia,new-junk-city,Grandmaster,한조,DAMAGE,5.8,41.8
2026-02-11,competitive,Asia,new-junk-city,Grandmaster,해저드,TANK,4.4,56.6
2026-02-11,competitive,Asia,suravasa,All,D.Va,TANK,7.0,48.2
2026-02-11,competitive,Asia,suravasa,All,겐지,DAMAGE,19.3,51.8
2026-02-11,competitive,Asia,suravasa,All,도미나,TANK,-1.0,-1.0
2026-02-11,competitive,Asia,suravasa,All,둠피스트,TANK,9.5,52.8
2026-02-11,competitive,Asia,suravasa,All,라마트라,TANK,6.3,48.0
2026-02-11,competitive,Asia,suravasa,All,라이프위버,SUPPORT,3.7,41.6
2026-02-11,competitive,Asia,suravasa,All,라인하르트,TANK,9.1,49.5
2026-02-11,competitive,Asia,suravasa,All,레킹볼,TANK,5.2,51.2
2026-02-11,competitive,Asia,suravasa,All,로드호그,TANK,5.2,39.6
2026-02-11,competitive,Asia,suravasa,All,루시우,SUPPORT,9.5,51.8
2026-02-11,competitive,Asia,suravasa,All,리퍼,DAMAGE,12.2,51.7
2026-02-11,competitive,Asia,suravasa,All,마우가,TANK,3.5,48.1
2026-02-11,competitive,Asia,suravasa,All,메르시,SUPPORT,6.4,47.0
2026-02-11,competitive,Asia,suravasa,All,메이,DAMAGE,7.0,50.4
2026-02-11,competitive,Asia,suravasa,All,모이라,SUPPORT,17.9,48.6
2026-02-11,competitive,Asia,suravasa,All,미즈키,SUPPORT,-1.0,-1.0
2026-02-11,competitive,Asia,suravasa,All,바스티온,DAMAGE,8.4,49.0
2026-02-11,competitive,Asia,suravasa,All,바티스트,SUPPORT,9.4,46.7
2026-02-11,competitive,Asia,suravasa,All,벤데타,DAMAGE,5.1,56.3
2026-02-11,competitive,Asia,suravasa,All,벤처,DAMAGE,7.7,53.2
2026-02-11,competitive,Asia,suravasa,All,브리기테,SUPPORT,6.8,47.4
2026-02-11,competitive,Asia,suravasa,All,소전,DAMAGE,22.1,48.0
2026-02-11,competitive,Asia,suravasa,All,솔저: 76,DAMAGE,19.4,51.1
2026-02-11,competitive,Asia,suravasa,All,솜브라,DAMAGE,6.2,52.2
2026-02-11,competitive,Asia,suravasa,All,시그마,TANK,11.9,54.2
2026-02-11,competitive,Asia,suravasa,All,시메트라,DAMAGE,4.5,57.1
2026-02-11,competitive,Asia,suravasa,All,아나,SUPPORT,47.9,48.2
2026-02-11,competitive,Asia,suravasa,All,안란,DAMAGE,0.0,0.0
2026-02-11,competitive,Asia,suravasa,All,애쉬,DAMAGE,8.7,50.1
2026-02-11,competitive,Asia,suravasa,All,에코,DAMAGE,6.1,52.4
2026-02-11,competitive,Asia,suravasa,All,엠레,DAMAGE,-1.0,-1.0
2026-02-11,competitive,Asia,suravasa,All,오리사,TANK,10.8,44.0
2026-02-11,competitive,Asia,suravasa,All,우양,SUPPORT,23.8,54.4
2026-02-11,competitive,Asia,suravasa,All,위도우메이커,DAMAGE,0.7,31.9
2026-02-11,competitive,Asia,suravasa,All,윈스턴,TANK,9.2,51.6
2026-02-11,competitive,Asia,suravasa,All,일리아리,SUPPORT,13.1,57.7
2026-02-11,competitive,Asia,suravasa,All,자리야,TANK,9.8,51.1
2026-02-11,competitive,Asia,suravasa,All,정커퀸,TANK,8.7,56.1
2026-02-11,competitive,Asia,suravasa,All,정크랫,DAMAGE,5.0,50.1
2026-02-11,competitive,Asia,suravasa,All,제트팩 캣,SUPPORT,-1.0,-1.0
2026-02-11,competitive,Asia,suravasa,All,젠야타,SUPPORT,9.9,51.3
2026-02-11,competitive,Asia,suravasa,All,주노,SUPPORT,9.5,50.1
2026-02-11,competitive,Asia,suravasa,All,캐서디,DAMAGE,34.3,45.1
2026-02-11,competitive,Asia,suravasa,All,키리코,SUPPORT,42.0,48.2
2026-02-11,competitive,Asia,suravasa,All,토르비욘,DAMAGE,3.4,52.0
2026-02-11,competitive,Asia,suravasa,All,트레이서,DAMAGE,14.6,50.6
2026-02-11,competitive,Asia,suravasa,All,파라,DAMAGE,4.3,50.8
2026-02-11,competitive,Asia,suravasa,All,프레야,DAMAGE,4.8,46.7
2026-02-11,competitive,Asia,suravasa,All,한조,DAMAGE,6.2,48.2
2026-02-11,competitive,Asia,suravasa,All,해저드,TANK,3.9,51.3
2026-02-11,competitive,Asia,suravasa,Bronze,D.Va,TANK,10.4,48.4
2026-02-11,competitive,Asia,suravasa,Bronze,겐지,DAMAGE,13.6,49.9
2026-02-11,competitive,Asia,suravasa,Bronze,도미나,TANK,-1.0,-1.0
2026-02-11,competitive,Asia,suravasa,Bronze,둠피스트,TANK,4.1,56.8
2026-02-11,competitive,Asia,suravasa,Bronze,라마트라,TANK,9.1,50.7
2026-02-11,competitive,Asia,suravasa,Bronze,라이프위버,SUPPORT,4.8,50.1
2026-02-11,competitive,Asia,suravasa,Bronze,라인하르트,TANK,9.5,51.9
2026-02-11,competitive,Asia,suravasa,Bronze,레킹볼,TANK,4.4,52.7
2026-02-11,competitive,Asia,suravasa,Bronze,로드호그,TANK,6.3,42.2
2026-02-11,competitive,Asia,suravasa,Bronze,루시우,SUPPORT,11.7,51.9
2026-02-11,competitive,Asia,suravasa,Bronze,리퍼,DAMAGE,14.9,58.3
2026-02-11,competitive,Asia,suravasa,Bronze,마우가,TANK,5.1,50.6
2026-02-11,competitive,Asia,suravasa,Bronze,메르시,SUPPORT,12.8,43.6
2026-02-11,competitive,Asia,suravasa,Bronze,메이,DAMAGE,6.9,52.1
2026-02-11,competitive,Asia,suravasa,Bronze,모이라,SUPPORT,28.0,46.6
2026-02-11,competitive,Asia,suravasa,Bronze,미즈키,SUPPORT,-1.0,-1.0
2026-02-11,competitive,Asia,suravasa,Bronze,바스티온,DAMAGE,18.2,44.0
2026-02-11,competitive,Asia,suravasa,Bronze,바티스트,SUPPORT,8.5,44.5
2026-02-11,competitive,Asia,suravasa,Bronze,벤데타,DAMAGE,4.3,55.0
2026-02-11,competitive,Asia,suravasa,Bronze,벤처,DAMAGE,6.4,49.7
2026-02-11,competitive,Asia,suravasa,Bronze,브리기테,SUPPORT,3.9,49.4
2026-02-11,competitive,Asia,suravasa,Bronze,소전,DAMAGE,22.3,45.1
2026-02-11,competitive,Asia,suravasa,Bronze,솔저: 76,DAMAGE,27.8,50.7
2026-02-11,competitive,Asia,suravasa,Bronze,솜브라,DAMAGE,3.4,55.3
2026-02-11,competitive,Asia,suravasa,Bronze,시그마,TANK,13.9,53.3
2026-02-11,competitive,Asia,suravasa,Bronze,시메트라,DAMAGE,3.5,60.7
2026-02-11,competitive,Asia,suravasa,Bronze,아나,SUPPORT,28.0,51.0
2026-02-11,competitive,Asia,suravasa,Bronze,안란,DAMAGE,-1.0,-1.0
2026-02-11,competitive,Asia,suravasa,Bronze,애쉬,DAMAGE,11.2,51.2
2026-02-11,competitive,Asia,suravasa,Bronze,에코,DAMAGE,5.1,49.2
2026-02-11,competitive,Asia,suravasa,Bronze,엠레,DAMAGE,-1.0,-1.0
2026-02-11,competitive,Asia,suravasa,Bronze,오리사,TANK,15.9,41.6
2026-02-11,competitive,Asia,suravasa,Bronze,우양,SUPPORT,20.0,54.8
2026-02-11,competitive,Asia,suravasa,Bronze,위도우메이커,DAMAGE,1.8,35.5
2026-02-11,competitive,Asia,suravasa,Bronze,윈스턴,TANK,5.8,56.7
2026-02-11,competitive,Asia,suravasa,Bronze,일리아리,SUPPORT,11.5,58.9
2026-02-11,competitive,Asia,suravasa,Bronze,자리야,TANK,5.5,52.7
2026-02-11,competitive,Asia,suravasa,Bronze,정커퀸,TANK,6.5,54.5
2026-02-11,competitive,Asia,suravasa,Bronze,정크랫,DAMAGE,10.0,45.9
2026-02-11,competitive,Asia,suravasa,Bronze,제트팩 캣,SUPPORT,-1.0,-1.0
2026-02-11,competitive,Asia,suravasa,Bronze,젠야타,SUPPORT,10.5,53.7
2026-02-11,competitive,Asia,suravasa,Bronze,주노,SUPPORT,22.0,46.0
2026-02-11,competitive,Asia,suravasa,Bronze,캐서디,DAMAGE,20.1,47.0
2026-02-11,competitive,Asia,suravasa,Bronze,키리코,SUPPORT,38.2,49.7
2026-02-11,competitive,Asia,suravasa,Bronze,토르비욘,DAMAGE,4.3,58.3
2026-02-11,competitive,Asia,suravasa,Bronze,트레이서,DAMAGE,7.5,51.2
2026-02-11,competitive,Asia,suravasa,Bronze,파라,DAMAGE,7.0,50.5
2026-02-11,competitive,Asia,suravasa,Bronze,프레야,DAMAGE,5.2,47.8
2026-02-11,competitive,Asia,suravasa,Bronze,한조,DAMAGE,6.6,55.4
2026-02-11,competitive,Asia,suravasa,Bronze,해저드,TANK,3.4,48.1
2026-02-11,competitive,Asia,suravasa,Silver,D.Va,TANK,8.3,46.2
2026-02-11,competitive,Asia,suravasa,Silver,겐지,DAMAGE,15.7,53.6
2026-02-11,competitive,Asia,suravasa,Silver,도미나,TANK,-1.0,-1.0
2026-02-11,competitive,Asia,suravasa,Silver,둠피스트,TANK,6.0,53.9
2026-02-11,competitive,Asia,suravasa,Silver,라마트라,TANK,8.3,46.9
2026-02-11,competitive,Asia,suravasa,Silver,라이프위버,SUPPORT,5.2,41.2
2026-02-11,competitive,Asia,suravasa,Silver,라인하르트,TANK,10.3,52.7
2026-02-11,competitive,Asia,suravasa,Silver,레킹볼,TANK,4.2,53.4
2026-02-11,competitive,Asia,suravasa,Silver,로드호그,TANK,5.4,42.1
2026-02-11,competitive,Asia,suravasa,Silver,루시우,SUPPORT,10.9,48.1
2026-02-11,competitive,Asia,suravasa,Silver,리퍼,DAMAGE,15.0,51.0
2026-02-11,competitive,Asia,suravasa,Silver,마우가,TANK,4.6,48.1
2026-02-11,competitive,Asia,suravasa,Silver,메르시,SUPPORT,11.1,46.4
2026-02-11,competitive,Asia,suravasa,Silver,메이,DAMAGE,8.0,49.1
2026-02-11,competitive,Asia,suravasa,Silver,모이라,SUPPORT,25.7,49.4
2026-02-11,competitive,Asia,suravasa,Silver,미즈키,SUPPORT,-1.0,-1.0
2026-02-11,competitive,Asia,suravasa,Silver,바스티온,DAMAGE,12.7,50.8
2026-02-11,competitive,Asia,suravasa,Silver,바티스트,SUPPORT,9.0,47.7
2026-02-11,competitive,Asia,suravasa,Silver,벤데타,DAMAGE,5.2,58.4
2026-02-11,competitive,Asia,suravasa,Silver,벤처,DAMAGE,6.8,50.3
2026-02-11,competitive,Asia,suravasa,Silver,브리기테,SUPPORT,5.7,52.5
2026-02-11,competitive,Asia,suravasa,Silver,소전,DAMAGE,21.4,45.1
2026-02-11,competitive,Asia,suravasa,Silver,솔저: 76,DAMAGE,26.3,49.6
2026-02-11,competitive,Asia,suravasa,Silver,솜브라,DAMAGE,4.6,54.3
2026-02-11,competitive,Asia,suravasa,Silver,시그마,TANK,13.0,53.7
2026-02-11,competitive,Asia,suravasa,Silver,시메트라,DAMAGE,4.6,58.7
2026-02-11,competitive,Asia,suravasa,Silver,아나,SUPPORT,37.6,48.9
2026-02-11,competitive,Asia,suravasa,Silver,안란,DAMAGE,-1.0,-1.0
2026-02-11,competitive,Asia,suravasa,Silver,애쉬,DAMAGE,9.9,51.8
2026-02-11,competitive,Asia,suravasa,Silver,에코,DAMAGE,5.4,51.9
2026-02-11,competitive,Asia,suravasa,Silver,엠레,DAMAGE,-1.0,-1.0
2026-02-11,competitive,Asia,suravasa,Silver,오리사,TANK,14.5,43.9
2026-02-11,competitive,Asia,suravasa,Silver,우양,SUPPORT,18.1,52.9
2026-02-11,competitive,Asia,suravasa,Silver,위도우메이커,DAMAGE,0.9,34.0
2026-02-11,competitive,Asia,suravasa,Silver,윈스턴,TANK,5.8,52.2
2026-02-11,competitive,Asia,suravasa,Silver,일리아리,SUPPORT,10.8,59.2
2026-02-11,competitive,Asia,suravasa,Silver,자리야,TANK,7.7,51.0
2026-02-11,competitive,Asia,suravasa,Silver,정커퀸,TANK,8.1,56.0
2026-02-11,competitive,Asia,suravasa,Silver,정크랫,DAMAGE,8.2,48.1
2026-02-11,competitive,Asia,suravasa,Silver,제트팩 캣,SUPPORT,-1.0,-1.0
2026-02-11,competitive,Asia,suravasa,Silver,젠야타,SUPPORT,9.9,53.3
2026-02-11,competitive,Asia,suravasa,Silver,주노,SUPPORT,16.4,50.4
2026-02-11,competitive,Asia,suravasa,Silver,캐서디,DAMAGE,26.1,47.2
2026-02-11,competitive,Asia,suravasa,Silver,키리코,SUPPORT,39.6,48.5
2026-02-11,competitive,Asia,suravasa,Silver,토르비욘,DAMAGE,3.7,47.4
2026-02-11,competitive,Asia,suravasa,Silver,트레이서,DAMAGE,8.7,51.9
2026-02-11,competitive,Asia,suravasa,Silver,파라,DAMAGE,5.5,50.7
2026-02-11,competitive,Asia,suravasa,Silver,프레야,DAMAGE,5.2,49.4
2026-02-11,competitive,Asia,suravasa,Silver,한조,DAMAGE,6.0,47.9
2026-02-11,competitive,Asia,suravasa,Silver,해저드,TANK,3.7,53.7
2026-02-11,competitive,Asia,suravasa,Gold,D.Va,TANK,6.9,48.2
2026-02-11,competitive,Asia,suravasa,Gold,겐지,DAMAGE,18.6,52.3
2026-02-11,competitive,Asia,suravasa,Gold,도미나,TANK,-1.0,-1.0
2026-02-11,competitive,Asia,suravasa,Gold,둠피스트,TANK,7.4,54.6
2026-02-11,competitive,Asia,suravasa,Gold,라마트라,TANK,7.5,47.8
2026-02-11,competitive,Asia,suravasa,Gold,라이프위버,SUPPORT,4.7,44.6
2026-02-11,competitive,Asia,suravasa,Gold,라인하르트,TANK,10.8,49.7
2026-02-11,competitive,Asia,suravasa,Gold,레킹볼,TANK,4.5,52.1
2026-02-11,competitive,Asia,suravasa,Gold,로드호그,TANK,5.6,42.0
2026-02-11,competitive,Asia,suravasa,Gold,루시우,SUPPORT,9.0,51.4
2026-02-11,competitive,Asia,suravasa,Gold,리퍼,DAMAGE,14.3,51.2
2026-02-11,competitive,Asia,suravasa,Gold,마우가,TANK,4.0,47.4
2026-02-11,competitive,Asia,suravasa,Gold,메르시,SUPPORT,7.9,46.9
2026-02-11,competitive,Asia,suravasa,Gold,메이,DAMAGE,8.1,51.2
2026-02-11,competitive,Asia,suravasa,Gold,모이라,SUPPORT,23.0,48.8
2026-02-11,competitive,Asia,suravasa,Gold,미즈키,SUPPORT,-1.0,-1.0
2026-02-11,competitive,Asia,suravasa,Gold,바스티온,DAMAGE,9.7,49.6
2026-02-11,competitive,Asia,suravasa,Gold,바티스트,SUPPORT,8.6,45.7
2026-02-11,competitive,Asia,suravasa,Gold,벤데타,DAMAGE,5.4,56.8
2026-02-11,competitive,Asia,suravasa,Gold,벤처,DAMAGE,7.6,52.6
2026-02-11,competitive,Asia,suravasa,Gold,브리기테,SUPPORT,6.1,48.4
2026-02-11,competitive,Asia,suravasa,Gold,소전,DAMAGE,20.8,46.4
2026-02-11,competitive,Asia,suravasa,Gold,솔저: 76,DAMAGE,22.3,50.4
2026-02-11,competitive,Asia,suravasa,Gold,솜브라,DAMAGE,5.2,53.1
2026-02-11,competitive,Asia,suravasa,Gold,시그마,TANK,11.7,52.9
2026-02-11,competitive,Asia,suravasa,Gold,시메트라,DAMAGE,4.5,56.6
2026-02-11,competitive,Asia,suravasa,Gold,아나,SUPPORT,46.0,48.3
2026-02-11,competitive,Asia,suravasa,Gold,안란,DAMAGE,-1.0,-1.0
2026-02-11,competitive,Asia,suravasa,Gold,애쉬,DAMAGE,9.5,50.0
2026-02-11,competitive,Asia,suravasa,Gold,에코,DAMAGE,5.4,51.3
2026-02-11,competitive,Asia,suravasa,Gold,엠레,DAMAGE,-1.0,-1.0
2026-02-11,competitive,Asia,suravasa,Gold,오리사,TANK,12.8,45.8
2026-02-11,competitive,Asia,suravasa,Gold,우양,SUPPORT,19.6,54.7
2026-02-11,competitive,Asia,suravasa,Gold,위도우메이커,DAMAGE,0.6,30.9
2026-02-11,competitive,Asia,suravasa,Gold,윈스턴,TANK,6.7,49.9
2026-02-11,competitive,Asia,suravasa,Gold,일리아리,SUPPORT,10.7,56.2
2026-02-11,competitive,Asia,suravasa,Gold,자리야,TANK,9.6,51.7
2026-02-11,competitive,Asia,suravasa,Gold,정커퀸,TANK,9.1,56.9
2026-02-11,competitive,Asia,suravasa,Gold,정크랫,DAMAGE,6.0,51.0
2026-02-11,competitive,Asia,suravasa,Gold,제트팩 캣,SUPPORT,-1.0,-1.0
2026-02-11,competitive,Asia,suravasa,Gold,젠야타,SUPPORT,10.1,52.4
2026-02-11,competitive,Asia,suravasa,Gold,주노,SUPPORT,12.5,50.4
2026-02-11,competitive,Asia,suravasa,Gold,캐서디,DAMAGE,32.5,46.3
2026-02-11,competitive,Asia,suravasa,Gold,키리코,SUPPORT,41.8,48.9
2026-02-11,competitive,Asia,suravasa,Gold,토르비욘,DAMAGE,3.5,54.8
2026-02-11,competitive,Asia,suravasa,Gold,트레이서,DAMAGE,10.1,51.0
2026-02-11,competitive,Asia,suravasa,Gold,파라,DAMAGE,4.5,49.0
2026-02-11,competitive,Asia,suravasa,Gold,프레야,DAMAGE,4.9,46.9
2026-02-11,competitive,Asia,suravasa,Gold,한조,DAMAGE,6.4,47.3
2026-02-11,competitive,Asia,suravasa,Gold,해저드,TANK,3.6,48.7
2026-02-11,competitive,Asia,suravasa,Platinum,D.Va,TANK,6.6,48.1
2026-02-11,competitive,Asia,suravasa,Platinum,겐지,DAMAGE,20.8,52.1
2026-02-11,competitive,Asia,suravasa,Platinum,도미나,TANK,-1.0,-1.0
2026-02-11,competitive,Asia,suravasa,Platinum,둠피스트,TANK,9.3,53.2
2026-02-11,competitive,Asia,suravasa,Platinum,라마트라,TANK,6.2,47.4
2026-02-11,competitive,Asia,suravasa,Platinum,라이프위버,SUPPORT,3.7,41.1
2026-02-11,competitive,Asia,suravasa,Platinum,라인하르트,TANK,9.4,49.8
2026-02-11,competitive,Asia,suravasa,Platinum,레킹볼,TANK,5.2,51.3
2026-02-11,competitive,Asia,suravasa,Platinum,로드호그,TANK,5.4,38.4
2026-02-11,competitive,Asia,suravasa,Platinum,루시우,SUPPORT,8.8,52.8
2026-02-11,competitive,Asia,suravasa,Platinum,리퍼,DAMAGE,12.1,52.1
2026-02-11,competitive,Asia,suravasa,Platinum,마우가,TANK,3.5,49.0
2026-02-11,competitive,Asia,suravasa,Platinum,메르시,SUPPORT,5.6,47.4
2026-02-11,competitive,Asia,suravasa,Platinum,메이,DAMAGE,7.4,50.7
2026-02-11,competitive,Asia,suravasa,Platinum,모이라,SUPPORT,17.9,49.0
2026-02-11,competitive,Asia,suravasa,Platinum,미즈키,SUPPORT,-1.0,-1.0
2026-02-11,competitive,Asia,suravasa,Platinum,바스티온,DAMAGE,7.7,48.6
2026-02-11,competitive,Asia,suravasa,Platinum,바티스트,SUPPORT,9.2,46.4
2026-02-11,competitive,Asia,suravasa,Platinum,벤데타,DAMAGE,5.0,54.7
2026-02-11,competitive,Asia,suravasa,Platinum,벤처,DAMAGE,8.0,55.2
2026-02-11,competitive,Asia,suravasa,Platinum,브리기테,SUPPORT,7.0,47.2
2026-02-11,competitive,Asia,suravasa,Platinum,소전,DAMAGE,20.4,48.4
2026-02-11,competitive,Asia,suravasa,Platinum,솔저: 76,DAMAGE,18.7,50.6
2026-02-11,competitive,Asia,suravasa,Platinum,솜브라,DAMAGE,6.4,51.9
2026-02-11,competitive,Asia,suravasa,Platinum,시그마,TANK,11.2,54.4
2026-02-11,competitive,Asia,suravasa,Platinum,시메트라,DAMAGE,4.4,57.7
2026-02-11,competitive,Asia,suravasa,Platinum,아나,SUPPORT,51.9,48.2
2026-02-11,competitive,Asia,suravasa,Platinum,안란,DAMAGE,-1.0,-1.0
2026-02-11,competitive,Asia,suravasa,Platinum,애쉬,DAMAGE,8.8,49.7
2026-02-11,competitive,Asia,suravasa,Platinum,에코,DAMAGE,5.9,53.2
2026-02-11,competitive,Asia,suravasa,Platinum,엠레,DAMAGE,-1.0,-1.0
2026-02-11,competitive,Asia,suravasa,Platinum,오리사,TANK,10.5,43.1
2026-02-11,competitive,Asia,suravasa,Platinum,우양,SUPPORT,22.4,55.2
2026-02-11,competitive,Asia,suravasa,Platinum,위도우메이커,DAMAGE,0.6,32.9
2026-02-11,competitive,Asia,suravasa,Platinum,윈스턴,TANK,8.6,50.7
2026-02-11,competitive,Asia,suravasa,Platinum,일리아리,SUPPORT,12.6,56.8
2026-02-11,competitive,Asia,suravasa,Platinum,자리야,TANK,10.3,50.8
2026-02-11,competitive,Asia,suravasa,Platinum,정커퀸,TANK,9.9,56.8
2026-02-11,competitive,Asia,suravasa,Platinum,정크랫,DAMAGE,4.4,50.6
2026-02-11,competitive,Asia,suravasa,Platinum,제트팩 캣,SUPPORT,-1.0,-1.0
2026-02-11,competitive,Asia,suravasa,Platinum,젠야타,SUPPORT,10.5,52.4
2026-02-11,competitive,Asia,suravasa,Platinum,주노,SUPPORT,8.7,50.7
2026-02-11,competitive,Asia,suravasa,Platinum,캐서디,DAMAGE,37.4,44.7
2026-02-11,competitive,Asia,suravasa,Platinum,키리코,SUPPORT,41.9,47.2
2026-02-11,competitive,Asia,suravasa,Platinum,토르비욘,DAMAGE,3.5,52.6
2026-02-11,competitive,Asia,suravasa,Platinum,트레이서,DAMAGE,13.4,50.1
2026-02-11,competitive,Asia,suravasa,Platinum,파라,DAMAGE,4.1,50.4
2026-02-11,competitive,Asia,suravasa,Platinum,프레야,DAMAGE,4.6,45.7
2026-02-11,competitive,Asia,suravasa,Platinum,한조,DAMAGE,6.4,48.4
2026-02-11,competitive,Asia,suravasa,Platinum,해저드,TANK,3.9,54.1
2026-02-11,competitive,Asia,suravasa,Diamond,D.Va,TANK,6.6,48.3
2026-02-11,competitive,Asia,suravasa,Diamond,겐지,DAMAGE,21.3,52.6
2026-02-11,competitive,Asia,suravasa,Diamond,도미나,TANK,-1.0,-1.0
2026-02-11,competitive,Asia,suravasa,Diamond,둠피스트,TANK,12.4,52.9
2026-02-11,competitive,Asia,suravasa,Diamond,라마트라,TANK,4.7,50.5
2026-02-11,competitive,Asia,suravasa,Diamond,라이프위버,SUPPORT,2.6,37.6
2026-02-11,competitive,Asia,suravasa,Diamond,라인하르트,TANK,8.0,47.1
2026-02-11,competitive,Asia,suravasa,Diamond,레킹볼,TANK,5.8,49.2
2026-02-11,competitive,Asia,suravasa,Diamond,로드호그,TANK,4.9,38.2
2026-02-11,competitive,Asia,suravasa,Diamond,루시우,SUPPORT,9.4,54.0
2026-02-11,competitive,Asia,suravasa,Diamond,리퍼,DAMAGE,10.4,50.8
2026-02-11,competitive,Asia,suravasa,Diamond,마우가,TANK,3.0,49.5
2026-02-11,competitive,Asia,suravasa,Diamond,메르시,SUPPORT,4.1,51.1
2026-02-11,competitive,Asia,suravasa,Diamond,메이,DAMAGE,5.9,50.6
2026-02-11,competitive,Asia,suravasa,Diamond,모이라,SUPPORT,12.3,47.8
2026-02-11,competitive,Asia,suravasa,Diamond,미즈키,SUPPORT,-1.0,-1.0
2026-02-11,competitive,Asia,suravasa,Diamond,바스티온,DAMAGE,6.1,50.2
2026-02-11,competitive,Asia,suravasa,Diamond,바티스트,SUPPORT,9.5,47.6
2026-02-11,competitive,Asia,suravasa,Diamond,벤데타,DAMAGE,4.7,56.7
2026-02-11,competitive,Asia,suravasa,Diamond,벤처,DAMAGE,8.2,53.2
2026-02-11,competitive,Asia,suravasa,Diamond,브리기테,SUPPORT,7.6,44.9
2026-02-11,competitive,Asia,suravasa,Diamond,소전,DAMAGE,22.8,49.7
2026-02-11,competitive,Asia,suravasa,Diamond,솔저: 76,DAMAGE,15.7,53.2
2026-02-11,competitive,Asia,suravasa,Diamond,솜브라,DAMAGE,7.4,51.3
2026-02-11,competitive,Asia,suravasa,Diamond,시그마,TANK,10.9,54.4
2026-02-11,competitive,Asia,suravasa,Diamond,시메트라,DAMAGE,4.5,56.4
2026-02-11,competitive,Asia,suravasa,Diamond,아나,SUPPORT,53.3,46.6
2026-02-11,competitive,Asia,suravasa,Diamond,안란,DAMAGE,-1.0,-1.0
2026-02-11,competitive,Asia,suravasa,Diamond,애쉬,DAMAGE,7.4,49.1
2026-02-11,competitive,Asia,suravasa,Diamond,에코,DAMAGE,6.6,52.0
2026-02-11,competitive,Asia,suravasa,Diamond,엠레,DAMAGE,-1.0,-1.0
2026-02-11,competitive,Asia,suravasa,Diamond,오리사,TANK,8.5,43.6
2026-02-11,competitive,Asia,suravasa,Diamond,우양,SUPPORT,27.8,54.1
2026-02-11,competitive,Asia,suravasa,Diamond,위도우메이커,DAMAGE,0.6,31.5
2026-02-11,competitive,Asia,suravasa,Diamond,윈스턴,TANK,11.4,52.4
2026-02-11,competitive,Asia,suravasa,Diamond,일리아리,SUPPORT,15.0,58.7
2026-02-11,competitive,Asia,suravasa,Diamond,자리야,TANK,10.7,51.2
2026-02-11,competitive,Asia,suravasa,Diamond,정커퀸,TANK,8.8,55.5
2026-02-11,competitive,Asia,suravasa,Diamond,정크랫,DAMAGE,3.4,53.1
2026-02-11,competitive,Asia,suravasa,Diamond,제트팩 캣,SUPPORT,-1.0,-1.0
2026-02-11,competitive,Asia,suravasa,Diamond,젠야타,SUPPORT,10.2,47.6
2026-02-11,competitive,Asia,suravasa,Diamond,주노,SUPPORT,5.4,50.6
2026-02-11,competitive,Asia,suravasa,Diamond,캐서디,DAMAGE,38.6,43.3
2026-02-11,competitive,Asia,suravasa,Diamond,키리코,SUPPORT,42.7,48.6
2026-02-11,competitive,Asia,suravasa,Diamond,토르비욘,DAMAGE,3.2,50.2
2026-02-11,competitive,Asia,suravasa,Diamond,트레이서,DAMAGE,18.8,50.0
2026-02-11,competitive,Asia,suravasa,Diamond,파라,DAMAGE,3.6,51.2
2026-02-11,competitive,Asia,suravasa,Diamond,프레야,DAMAGE,4.6,45.2
2026-02-11,competitive,Asia,suravasa,Diamond,한조,DAMAGE,6.2,47.9
2026-02-11,competitive,Asia,suravasa,Diamond,해저드,TANK,4.1,48.8
2026-02-11,competitive,Asia,suravasa,Master,D.Va,TANK,6.6,51.2
2026-02-11,competitive,Asia,suravasa,Master,겐지,DAMAGE,19.5,47.6
2026-02-11,competitive,Asia,suravasa,Master,도미나,TANK,-1.0,-1.0
2026-02-11,competitive,Asia,suravasa,Master,둠피스트,TANK,14.0,49.0
2026-02-11,competitive,Asia,suravasa,Master,라마트라,TANK,4.0,47.4
2026-02-11,competitive,Asia,suravasa,Master,라이프위버,SUPPORT,2.4,38.3
2026-02-11,competitive,Asia,suravasa,Master,라인하르트,TANK,5.6,47.3
2026-02-11,competitive,Asia,suravasa,Master,레킹볼,TANK,5.9,50.5
2026-02-11,competitive,Asia,suravasa,Master,로드호그,TANK,4.3,36.1
2026-02-11,competitive,Asia,suravasa,Master,루시우,SUPPORT,10.2,51.1
2026-02-11,competitive,Asia,suravasa,Master,리퍼,DAMAGE,8.7,51.4
2026-02-11,competitive,Asia,suravasa,Master,마우가,TANK,2.4,39.4
2026-02-11,competitive,Asia,suravasa,Master,메르시,SUPPORT,3.7,42.1
2026-02-11,competitive,Asia,suravasa,Master,메이,DAMAGE,4.5,49.1
2026-02-11,competitive,Asia,suravasa,Master,모이라,SUPPORT,7.5,46.5
2026-02-11,competitive,Asia,suravasa,Master,미즈키,SUPPORT,-1.0,-1.0
2026-02-11,competitive,Asia,suravasa,Master,바스티온,DAMAGE,4.8,47.6
2026-02-11,competitive,Asia,suravasa,Master,바티스트,SUPPORT,11.8,46.6
2026-02-11,competitive,Asia,suravasa,Master,벤데타,DAMAGE,4.7,56.6
2026-02-11,competitive,Asia,suravasa,Master,벤처,DAMAGE,7.7,52.1
2026-02-11,competitive,Asia,suravasa,Master,브리기테,SUPPORT,7.9,46.7
2026-02-11,competitive,Asia,suravasa,Master,소전,DAMAGE,28.1,49.5
2026-02-11,competitive,Asia,suravasa,Master,솔저: 76,DAMAGE,13.3,54.3
2026-02-11,competitive,Asia,suravasa,Master,솜브라,DAMAGE,7.7,52.2
2026-02-11,competitive,Asia,suravasa,Master,시그마,TANK,13.8,56.9
2026-02-11,competitive,Asia,suravasa,Master,시메트라,DAMAGE,4.7,56.2
2026-02-11,competitive,Asia,suravasa,Master,아나,SUPPORT,47.1,49.1
2026-02-11,competitive,Asia,suravasa,Master,안란,DAMAGE,0.0,0.0
2026-02-11,competitive,Asia,suravasa,Master,애쉬,DAMAGE,7.4,51.8
2026-02-11,competitive,Asia,suravasa,Master,에코,DAMAGE,8.0,53.0
2026-02-11,competitive,Asia,suravasa,Master,엠레,DAMAGE,-1.0,-1.0
2026-02-11,competitive,Asia,suravasa,Master,오리사,TANK,7.3,44.4
2026-02-11,competitive,Asia,suravasa,Master,우양,SUPPORT,35.7,54.4
2026-02-11,competitive,Asia,suravasa,Master,위도우메이커,DAMAGE,0.9,28.2
2026-02-11,competitive,Asia,suravasa,Master,윈스턴,TANK,15.7,53.5
2026-02-11,competitive,Asia,suravasa,Master,일리아리,SUPPORT,18.3,58.6
2026-02-11,competitive,Asia,suravasa,Master,자리야,TANK,9.9,50.2
2026-02-11,competitive,Asia,suravasa,Master,정커퀸,TANK,6.3,53.4
2026-02-11,competitive,Asia,suravasa,Master,정크랫,DAMAGE,2.4,45.7
2026-02-11,competitive,Asia,suravasa,Master,제트팩 캣,SUPPORT,-1.0,-1.0
2026-02-11,competitive,Asia,suravasa,Master,젠야타,SUPPORT,7.9,49.6
2026-02-11,competitive,Asia,suravasa,Master,주노,SUPPORT,2.9,45.8
2026-02-11,competitive,Asia,suravasa,Master,캐서디,DAMAGE,34.5,44.5
2026-02-11,competitive,Asia,suravasa,Master,키리코,SUPPORT,44.5,47.5
2026-02-11,competitive,Asia,suravasa,Master,토르비욘,DAMAGE,3.2,48.9
2026-02-11,competitive,Asia,suravasa,Master,트레이서,DAMAGE,25.8,51.8
2026-02-11,competitive,Asia,suravasa,Master,파라,DAMAGE,4.0,56.2
2026-02-11,competitive,Asia,suravasa,Master,프레야,DAMAGE,4.5,48.1
2026-02-11,competitive,Asia,suravasa,Master,한조,DAMAGE,5.5,47.2
2026-02-11,competitive,Asia,suravasa,Master,해저드,TANK,4.3,51.4
2026-02-11,competitive,Asia,suravasa,Grandmaster,D.Va,TANK,8.6,49.5
2026-02-11,competitive,Asia,suravasa,Grandmaster,겐지,DAMAGE,12.4,41.1
2026-02-11,competitive,Asia,suravasa,Grandmaster,도미나,TANK,-1.0,-1.0
2026-02-11,competitive,Asia,suravasa,Grandmaster,둠피스트,TANK,12.1,47.4
2026-02-11,competitive,Asia,suravasa,Grandmaster,라마트라,TANK,3.1,45.2
2026-02-11,competitive,Asia,suravasa,Grandmaster,라이프위버,SUPPORT,1.1,19.2
2026-02-11,competitive,Asia,suravasa,Grandmaster,라인하르트,TANK,4.8,45.0
2026-02-11,competitive,Asia,suravasa,Grandmaster,레킹볼,TANK,8.0,55.1
2026-02-11,competitive,Asia,suravasa,Grandmaster,로드호그,TANK,3.2,36.2
2026-02-11,competitive,Asia,suravasa,Grandmaster,루시우,SUPPORT,13.7,46.3
2026-02-11,competitive,Asia,suravasa,Grandmaster,리퍼,DAMAGE,5.7,47.1
2026-02-11,competitive,Asia,suravasa,Grandmaster,마우가,TANK,1.3,43.0
2026-02-11,competitive,Asia,suravasa,Grandmaster,메르시,SUPPORT,2.4,42.9
2026-02-11,competitive,Asia,suravasa,Grandmaster,메이,DAMAGE,4.1,40.5
2026-02-11,competitive,Asia,suravasa,Grandmaster,모이라,SUPPORT,5.6,46.8
2026-02-11,competitive,Asia,suravasa,Grandmaster,미즈키,SUPPORT,-1.0,-1.0
2026-02-11,competitive,Asia,suravasa,Grandmaster,바스티온,DAMAGE,2.7,39.3
2026-02-11,competitive,Asia,suravasa,Grandmaster,바티스트,SUPPORT,15.1,48.5
2026-02-11,competitive,Asia,suravasa,Grandmaster,벤데타,DAMAGE,7.8,60.0
2026-02-11,competitive,Asia,suravasa,Grandmaster,벤처,DAMAGE,5.9,49.1
2026-02-11,competitive,Asia,suravasa,Grandmaster,브리기테,SUPPORT,8.7,48.3
2026-02-11,competitive,Asia,suravasa,Grandmaster,소전,DAMAGE,37.0,53.5
2026-02-11,competitive,Asia,suravasa,Grandmaster,솔저: 76,DAMAGE,11.4,50.6
2026-02-11,competitive,Asia,suravasa,Grandmaster,솜브라,DAMAGE,6.8,50.4
2026-02-11,competitive,Asia,suravasa,Grandmaster,시그마,TANK,17.8,57.9
2026-02-11,competitive,Asia,suravasa,Grandmaster,시메트라,DAMAGE,5.9,53.2
2026-02-11,competitive,Asia,suravasa,Grandmaster,아나,SUPPORT,40.7,48.4
2026-02-11,competitive,Asia,suravasa,Grandmaster,안란,DAMAGE,-1.0,-1.0
2026-02-11,competitive,Asia,suravasa,Grandmaster,애쉬,DAMAGE,9.0,50.4
2026-02-11,competitive,Asia,suravasa,Grandmaster,에코,DAMAGE,9.7,55.9
2026-02-11,competitive,Asia,suravasa,Grandmaster,엠레,DAMAGE,-1.0,-1.0
2026-02-11,competitive,Asia,suravasa,Grandmaster,오리사,TANK,4.3,42.8
2026-02-11,competitive,Asia,suravasa,Grandmaster,우양,SUPPORT,38.7,51.7
2026-02-11,competitive,Asia,suravasa,Grandmaster,위도우메이커,DAMAGE,1.1,23.4
2026-02-11,competitive,Asia,suravasa,Grandmaster,윈스턴,TANK,19.7,51.3
2026-02-11,competitive,Asia,suravasa,Grandmaster,일리아리,SUPPORT,20.5,61.3
2026-02-11,competitive,Asia,suravasa,Grandmaster,자리야,TANK,10.3,53.6
2026-02-11,competitive,Asia,suravasa,Grandmaster,정커퀸,TANK,3.1,46.0
2026-02-11,competitive,Asia,suravasa,Grandmaster,정크랫,DAMAGE,2.8,44.6
2026-02-11,competitive,Asia,suravasa,Grandmaster,제트팩 캣,SUPPORT,-1.0,-1.0
2026-02-11,competitive,Asia,suravasa,Grandmaster,젠야타,SUPPORT,4.2,43.3
2026-02-11,competitive,Asia,suravasa,Grandmaster,주노,SUPPORT,1.8,48.9
2026-02-11,competitive,Asia,suravasa,Grandmaster,캐서디,DAMAGE,25.6,48.7
2026-02-11,competitive,Asia,suravasa,Grandmaster,키리코,SUPPORT,47.5,52.1
2026-02-11,competitive,Asia,suravasa,Grandmaster,토르비욘,DAMAGE,1.7,54.3
2026-02-11,competitive,Asia,suravasa,Grandmaster,트레이서,DAMAGE,36.1,50.4
2026-02-11,competitive,Asia,suravasa,Grandmaster,파라,DAMAGE,3.7,51.3
2026-02-11,competitive,Asia,suravasa,Grandmaster,프레야,DAMAGE,6.4,50.6
2026-02-11,competitive,Asia,suravasa,Grandmaster,한조,DAMAGE,4.2,55.3
2026-02-11,competitive,Asia,suravasa,Grandmaster,해저드,TANK,3.7,48.6
2026-02-11,competitive,Asia,aatlis,All,D.Va,TANK,7.0,47.8
2026-02-11,competitive,Asia,aatlis,All,겐지,DAMAGE,19.4,52.5
2026-02-11,competitive,Asia,aatlis,All,도미나,TANK,-1.0,-1.0
2026-02-11,competitive,Asia,aatlis,All,둠피스트,TANK,10.0,52.2
2026-02-11,competitive,Asia,aatlis,All,라마트라,TANK,7.3,49.4
2026-02-11,competitive,Asia,aatlis,All,라이프위버,SUPPORT,3.4,40.3
2026-02-11,competitive,Asia,aatlis,All,라인하르트,TANK,9.4,48.8
2026-02-11,competitive,Asia,aatlis,All,레킹볼,TANK,4.4,52.2
2026-02-11,competitive,Asia,aatlis,All,로드호그,TANK,5.3,42.2
2026-02-11,competitive,Asia,aatlis,All,루시우,SUPPORT,12.1,52.3
2026-02-11,competitive,Asia,aatlis,All,리퍼,DAMAGE,15.2,53.6
2026-02-11,competitive,Asia,aatlis,All,마우가,TANK,3.6,49.3
2026-02-11,competitive,Asia,aatlis,All,메르시,SUPPORT,6.1,45.8
2026-02-11,competitive,Asia,aatlis,All,메이,DAMAGE,7.3,49.2
2026-02-11,competitive,Asia,aatlis,All,모이라,SUPPORT,21.3,49.6
2026-02-11,competitive,Asia,aatlis,All,미즈키,SUPPORT,-1.0,-1.0
2026-02-11,competitive,Asia,aatlis,All,바스티온,DAMAGE,8.3,47.8
2026-02-11,competitive,Asia,aatlis,All,바티스트,SUPPORT,9.8,45.9
2026-02-11,competitive,Asia,aatlis,All,벤데타,DAMAGE,5.8,58.0
2026-02-11,competitive,Asia,aatlis,All,벤처,DAMAGE,10.5,55.2
2026-02-11,competitive,Asia,aatlis,All,브리기테,SUPPORT,7.8,49.0
2026-02-11,competitive,Asia,aatlis,All,소전,DAMAGE,20.2,46.7
2026-02-11,competitive,Asia,aatlis,All,솔저: 76,DAMAGE,17.4,50.0
2026-02-11,competitive,Asia,aatlis,All,솜브라,DAMAGE,5.6,48.1
2026-02-11,competitive,Asia,aatlis,All,시그마,TANK,11.5,53.7
2026-02-11,competitive,Asia,aatlis,All,시메트라,DAMAGE,4.7,55.3
2026-02-11,competitive,Asia,aatlis,All,아나,SUPPORT,42.2,47.8
2026-02-11,competitive,Asia,aatlis,All,안란,DAMAGE,-1.0,-1.0
2026-02-11,competitive,Asia,aatlis,All,애쉬,DAMAGE,6.0,48.8
2026-02-11,competitive,Asia,aatlis,All,에코,DAMAGE,5.6,51.4
2026-02-11,competitive,Asia,aatlis,All,엠레,DAMAGE,-1.0,-1.0
2026-02-11,competitive,Asia,aatlis,All,오리사,TANK,10.4,43.6
2026-02-11,competitive,Asia,aatlis,All,우양,SUPPORT,25.3,55.8
2026-02-11,competitive,Asia,aatlis,All,위도우메이커,DAMAGE,0.6,31.5
2026-02-11,competitive,Asia,aatlis,All,윈스턴,TANK,7.3,48.6
2026-02-11,competitive,Asia,aatlis,All,일리아리,SUPPORT,11.1,56.2
2026-02-11,competitive,Asia,aatlis,All,자리야,TANK,9.7,50.8
2026-02-11,competitive,Asia,aatlis,All,정커퀸,TANK,9.4,57.3
2026-02-11,competitive,Asia,aatlis,All,정크랫,DAMAGE,6.2,50.8
2026-02-11,competitive,Asia,aatlis,All,제트팩 캣,SUPPORT,-1.0,-1.0
2026-02-11,competitive,Asia,aatlis,All,젠야타,SUPPORT,8.5,50.4
2026-02-11,competitive,Asia,aatlis,All,주노,SUPPORT,9.1,50.3
2026-02-11,competitive,Asia,aatlis,All,캐서디,DAMAGE,35.3,46.6
2026-02-11,competitive,Asia,aatlis,All,키리코,SUPPORT,43.2,48.0
2026-02-11,competitive,Asia,aatlis,All,토르비욘,DAMAGE,3.0,51.2
2026-02-11,competitive,Asia,aatlis,All,트레이서,DAMAGE,15.3,51.7
2026-02-11,competitive,Asia,aatlis,All,파라,DAMAGE,4.3,46.3
2026-02-11,competitive,Asia,aatlis,All,프레야,DAMAGE,3.6,43.2
2026-02-11,competitive,Asia,aatlis,All,한조,DAMAGE,5.6,47.1
2026-02-11,competitive,Asia,aatlis,All,해저드,TANK,4.7,51.7
2026-02-11,competitive,Asia,aatlis,Bronze,D.Va,TANK,10.7,46.1
2026-02-11,competitive,Asia,aatlis,Bronze,겐지,DAMAGE,12.9,54.9
2026-02-11,competitive,Asia,aatlis,Bronze,도미나,TANK,-1.0,-1.0
2026-02-11,competitive,Asia,aatlis,Bronze,둠피스트,TANK,4.3,50.7
2026-02-11,competitive,Asia,aatlis,Bronze,라마트라,TANK,9.7,53.1
2026-02-11,competitive,Asia,aatlis,Bronze,라이프위버,SUPPORT,4.9,43.1
2026-02-11,competitive,Asia,aatlis,Bronze,라인하르트,TANK,9.8,51.3
2026-02-11,competitive,Asia,aatlis,Bronze,레킹볼,TANK,4.0,57.7
2026-02-11,competitive,Asia,aatlis,Bronze,로드호그,TANK,7.3,49.6
2026-02-11,competitive,Asia,aatlis,Bronze,루시우,SUPPORT,11.9,46.6
2026-02-11,competitive,Asia,aatlis,Bronze,리퍼,DAMAGE,15.0,52.3
2026-02-11,competitive,Asia,aatlis,Bronze,마우가,TANK,4.5,47.7
2026-02-11,competitive,Asia,aatlis,Bronze,메르시,SUPPORT,11.7,43.6
2026-02-11,competitive,Asia,aatlis,Bronze,메이,DAMAGE,6.9,51.9
2026-02-11,competitive,Asia,aatlis,Bronze,모이라,SUPPORT,29.6,46.9
2026-02-11,competitive,Asia,aatlis,Bronze,미즈키,SUPPORT,-1.0,-1.0
2026-02-11,competitive,Asia,aatlis,Bronze,바스티온,DAMAGE,19.4,48.1
2026-02-11,competitive,Asia,aatlis,Bronze,바티스트,SUPPORT,8.5,46.7
2026-02-11,competitive,Asia,aatlis,Bronze,벤데타,DAMAGE,4.3,54.1
2026-02-11,competitive,Asia,aatlis,Bronze,벤처,DAMAGE,7.6,50.5
2026-02-11,competitive,Asia,aatlis,Bronze,브리기테,SUPPORT,4.2,45.5
2026-02-11,competitive,Asia,aatlis,Bronze,소전,DAMAGE,21.6,48.4
2026-02-11,competitive,Asia,aatlis,Bronze,솔저: 76,DAMAGE,27.3,49.4
2026-02-11,competitive,Asia,aatlis,Bronze,솜브라,DAMAGE,3.8,51.8
2026-02-11,competitive,Asia,aatlis,Bronze,시그마,TANK,13.8,51.1
2026-02-11,competitive,Asia,aatlis,Bronze,시메트라,DAMAGE,4.2,58.1
2026-02-11,competitive,Asia,aatlis,Bronze,아나,SUPPORT,27.0,49.5
2026-02-11,competitive,Asia,aatlis,Bronze,안란,DAMAGE,-1.0,-1.0
2026-02-11,competitive,Asia,aatlis,Bronze,애쉬,DAMAGE,9.9,47.4
2026-02-11,competitive,Asia,aatlis,Bronze,에코,DAMAGE,4.7,53.8
2026-02-11,competitive,Asia,aatlis,Bronze,엠레,DAMAGE,-1.0,-1.0
2026-02-11,competitive,Asia,aatlis,Bronze,오리사,TANK,15.5,51.1
2026-02-11,competitive,Asia,aatlis,Bronze,우양,SUPPORT,20.4,54.7
2026-02-11,competitive,Asia,aatlis,Bronze,위도우메이커,DAMAGE,1.4,31.3
2026-02-11,competitive,Asia,aatlis,Bronze,윈스턴,TANK,5.5,43.4
2026-02-11,competitive,Asia,aatlis,Bronze,일리아리,SUPPORT,11.5,58.1
2026-02-11,competitive,Asia,aatlis,Bronze,자리야,TANK,6.0,48.5
2026-02-11,competitive,Asia,aatlis,Bronze,정커퀸,TANK,5.1,51.2
2026-02-11,competitive,Asia,aatlis,Bronze,정크랫,DAMAGE,11.1,51.7
2026-02-11,competitive,Asia,aatlis,Bronze,제트팩 캣,SUPPORT,-1.0,-1.0
2026-02-11,competitive,Asia,aatlis,Bronze,젠야타,SUPPORT,12.0,54.1
2026-02-11,competitive,Asia,aatlis,Bronze,주노,SUPPORT,21.7,50.6
2026-02-11,competitive,Asia,aatlis,Bronze,캐서디,DAMAGE,20.8,49.3
2026-02-11,competitive,Asia,aatlis,Bronze,키리코,SUPPORT,36.4,50.9
2026-02-11,competitive,Asia,aatlis,Bronze,토르비욘,DAMAGE,4.1,43.1
2026-02-11,competitive,Asia,aatlis,Bronze,트레이서,DAMAGE,7.3,55.7
2026-02-11,competitive,Asia,aatlis,Bronze,파라,DAMAGE,6.3,49.6
2026-02-11,competitive,Asia,aatlis,Bronze,프레야,DAMAGE,5.5,41.8
2026-02-11,competitive,Asia,aatlis,Bronze,한조,DAMAGE,5.9,45.4
2026-02-11,competitive,Asia,aatlis,Bronze,해저드,TANK,3.6,45.6
2026-02-11,competitive,Asia,aatlis,Silver,D.Va,TANK,9.0,47.3
2026-02-11,competitive,Asia,aatlis,Silver,겐지,DAMAGE,15.7,52.4
2026-02-11,competitive,Asia,aatlis,Silver,도미나,TANK,-1.0,-1.0
2026-02-11,competitive,Asia,aatlis,Silver,둠피스트,TANK,6.3,57.4
2026-02-11,competitive,Asia,aatlis,Silver,라마트라,TANK,8.4,49.2
2026-02-11,competitive,Asia,aatlis,Silver,라이프위버,SUPPORT,5.0,44.1
2026-02-11,competitive,Asia,aatlis,Silver,라인하르트,TANK,10.2,50.4
2026-02-11,competitive,Asia,aatlis,Silver,레킹볼,TANK,4.0,52.5
2026-02-11,competitive,Asia,aatlis,Silver,로드호그,TANK,5.6,43.6
2026-02-11,competitive,Asia,aatlis,Silver,루시우,SUPPORT,11.1,49.6
2026-02-11,competitive,Asia,aatlis,Silver,리퍼,DAMAGE,17.0,52.0
2026-02-11,competitive,Asia,aatlis,Silver,마우가,TANK,4.7,51.6
2026-02-11,competitive,Asia,aatlis,Silver,메르시,SUPPORT,11.5,44.6
2026-02-11,competitive,Asia,aatlis,Silver,메이,DAMAGE,8.6,47.0
2026-02-11,competitive,Asia,aatlis,Silver,모이라,SUPPORT,29.7,48.0
2026-02-11,competitive,Asia,aatlis,Silver,미즈키,SUPPORT,-1.0,-1.0
2026-02-11,competitive,Asia,aatlis,Silver,바스티온,DAMAGE,12.8,49.2
2026-02-11,competitive,Asia,aatlis,Silver,바티스트,SUPPORT,8.1,42.8
2026-02-11,competitive,Asia,aatlis,Silver,벤데타,DAMAGE,5.4,57.6
2026-02-11,competitive,Asia,aatlis,Silver,벤처,DAMAGE,7.8,56.8
2026-02-11,competitive,Asia,aatlis,Silver,브리기테,SUPPORT,6.1,54.1
2026-02-11,competitive,Asia,aatlis,Silver,소전,DAMAGE,20.2,44.3
2026-02-11,competitive,Asia,aatlis,Silver,솔저: 76,DAMAGE,25.6,50.2
2026-02-11,competitive,Asia,aatlis,Silver,솜브라,DAMAGE,4.4,51.6
2026-02-11,competitive,Asia,aatlis,Silver,시그마,TANK,12.5,52.7
2026-02-11,competitive,Asia,aatlis,Silver,시메트라,DAMAGE,4.4,59.7
2026-02-11,competitive,Asia,aatlis,Silver,아나,SUPPORT,35.8,51.5
2026-02-11,competitive,Asia,aatlis,Silver,안란,DAMAGE,-1.0,-1.0
2026-02-11,competitive,Asia,aatlis,Silver,애쉬,DAMAGE,7.9,49.4
2026-02-11,competitive,Asia,aatlis,Silver,에코,DAMAGE,5.2,51.4
2026-02-11,competitive,Asia,aatlis,Silver,엠레,DAMAGE,-1.0,-1.0
2026-02-11,competitive,Asia,aatlis,Silver,오리사,TANK,13.4,43.5
2026-02-11,competitive,Asia,aatlis,Silver,우양,SUPPORT,18.1,55.0
2026-02-11,competitive,Asia,aatlis,Silver,위도우메이커,DAMAGE,0.9,33.5
2026-02-11,competitive,Asia,aatlis,Silver,윈스턴,TANK,6.5,48.8
2026-02-11,competitive,Asia,aatlis,Silver,일리아리,SUPPORT,10.0,53.5
2026-02-11,competitive,Asia,aatlis,Silver,자리야,TANK,7.9,53.8
2026-02-11,competitive,Asia,aatlis,Silver,정커퀸,TANK,7.7,54.5
2026-02-11,competitive,Asia,aatlis,Silver,정크랫,DAMAGE,9.2,48.9
2026-02-11,competitive,Asia,aatlis,Silver,제트팩 캣,SUPPORT,-1.0,-1.0
2026-02-11,competitive,Asia,aatlis,Silver,젠야타,SUPPORT,9.6,52.4
2026-02-11,competitive,Asia,aatlis,Silver,주노,SUPPORT,15.6,49.7
2026-02-11,competitive,Asia,aatlis,Silver,캐서디,DAMAGE,27.3,49.5
2026-02-11,competitive,Asia,aatlis,Silver,키리코,SUPPORT,39.3,49.7
2026-02-11,competitive,Asia,aatlis,Silver,토르비욘,DAMAGE,3.3,54.0
2026-02-11,competitive,Asia,aatlis,Silver,트레이서,DAMAGE,9.0,52.6
2026-02-11,competitive,Asia,aatlis,Silver,파라,DAMAGE,4.7,45.9
2026-02-11,competitive,Asia,aatlis,Silver,프레야,DAMAGE,4.7,43.9
2026-02-11,competitive,Asia,aatlis,Silver,한조,DAMAGE,5.6,44.7
2026-02-11,competitive,Asia,aatlis,Silver,해저드,TANK,3.8,50.9
2026-02-11,competitive,Asia,aatlis,Gold,D.Va,TANK,7.3,48.9
2026-02-11,competitive,Asia,aatlis,Gold,겐지,DAMAGE,18.3,54.1
2026-02-11,competitive,Asia,aatlis,Gold,도미나,TANK,-1.0,-1.0
2026-02-11,competitive,Asia,aatlis,Gold,둠피스트,TANK,7.5,55.4
2026-02-11,competitive,Asia,aatlis,Gold,라마트라,TANK,7.6,48.5
2026-02-11,competitive,Asia,aatlis,Gold,라이프위버,SUPPORT,4.4,40.5
2026-02-11,competitive,Asia,aatlis,Gold,라인하르트,TANK,10.9,51.0
2026-02-11,competitive,Asia,aatlis,Gold,레킹볼,TANK,4.0,53.3
2026-02-11,competitive,Asia,aatlis,Gold,로드호그,TANK,5.9,42.1
2026-02-11,competitive,Asia,aatlis,Gold,루시우,SUPPORT,10.2,52.5
2026-02-11,competitive,Asia,aatlis,Gold,리퍼,DAMAGE,17.0,52.4
2026-02-11,competitive,Asia,aatlis,Gold,마우가,TANK,4.0,49.1
2026-02-11,competitive,Asia,aatlis,Gold,메르시,SUPPORT,8.0,44.5
2026-02-11,competitive,Asia,aatlis,Gold,메이,DAMAGE,8.1,49.1
2026-02-11,competitive,Asia,aatlis,Gold,모이라,SUPPORT,25.2,49.8
2026-02-11,competitive,Asia,aatlis,Gold,미즈키,SUPPORT,-1.0,-1.0
2026-02-11,competitive,Asia,aatlis,Gold,바스티온,DAMAGE,9.3,46.4
2026-02-11,competitive,Asia,aatlis,Gold,바티스트,SUPPORT,9.1,43.9
2026-02-11,competitive,Asia,aatlis,Gold,벤데타,DAMAGE,6.1,58.4
2026-02-11,competitive,Asia,aatlis,Gold,벤처,DAMAGE,9.5,54.2
2026-02-11,competitive,Asia,aatlis,Gold,브리기테,SUPPORT,7.2,50.1
2026-02-11,competitive,Asia,aatlis,Gold,소전,DAMAGE,19.1,45.6
2026-02-11,competitive,Asia,aatlis,Gold,솔저: 76,DAMAGE,22.1,48.9
2026-02-11,competitive,Asia,aatlis,Gold,솜브라,DAMAGE,4.9,50.9
2026-02-11,competitive,Asia,aatlis,Gold,시그마,TANK,11.5,52.1
2026-02-11,competitive,Asia,aatlis,Gold,시메트라,DAMAGE,4.6,54.6
2026-02-11,competitive,Asia,aatlis,Gold,아나,SUPPORT,43.3,48.9
2026-02-11,competitive,Asia,aatlis,Gold,안란,DAMAGE,-1.0,-1.0
2026-02-11,competitive,Asia,aatlis,Gold,애쉬,DAMAGE,7.6,48.6
2026-02-11,competitive,Asia,aatlis,Gold,에코,DAMAGE,5.4,50.7
2026-02-11,competitive,Asia,aatlis,Gold,엠레,DAMAGE,-1.0,-1.0
2026-02-11,competitive,Asia,aatlis,Gold,오리사,TANK,12.0,43.5
2026-02-11,competitive,Asia,aatlis,Gold,우양,SUPPORT,19.9,56.6
2026-02-11,competitive,Asia,aatlis,Gold,위도우메이커,DAMAGE,0.6,37.7
2026-02-11,competitive,Asia,aatlis,Gold,윈스턴,TANK,6.3,47.4
2026-02-11,competitive,Asia,aatlis,Gold,일리아리,SUPPORT,9.8,54.8
2026-02-11,competitive,Asia,aatlis,Gold,자리야,TANK,9.2,49.5
2026-02-11,competitive,Asia,aatlis,Gold,정커퀸,TANK,9.6,58.8
2026-02-11,competitive,Asia,aatlis,Gold,정크랫,DAMAGE,6.6,51.3
2026-02-11,competitive,Asia,aatlis,Gold,제트팩 캣,SUPPORT,-1.0,-1.0
2026-02-11,competitive,Asia,aatlis,Gold,젠야타,SUPPORT,9.2,53.2
2026-02-11,competitive,Asia,aatlis,Gold,주노,SUPPORT,11.6,49.0
2026-02-11,competitive,Asia,aatlis,Gold,캐서디,DAMAGE,33.4,48.7
2026-02-11,competitive,Asia,aatlis,Gold,키리코,SUPPORT,42.1,48.7
2026-02-11,competitive,Asia,aatlis,Gold,토르비욘,DAMAGE,3.0,53.5
2026-02-11,competitive,Asia,aatlis,Gold,트레이서,DAMAGE,10.3,50.8
2026-02-11,competitive,Asia,aatlis,Gold,파라,DAMAGE,4.3,45.7
2026-02-11,competitive,Asia,aatlis,Gold,프레야,DAMAGE,4.0,43.6
2026-02-11,competitive,Asia,aatlis,Gold,한조,DAMAGE,6.0,47.7
2026-02-11,competitive,Asia,aatlis,Gold,해저드,TANK,4.2,50.3
2026-02-11,competitive,Asia,aatlis,Platinum,D.Va,TANK,6.4,47.8
2026-02-11,competitive,Asia,aatlis,Platinum,겐지,DAMAGE,20.7,52.3
2026-02-11,competitive,Asia,aatlis,Platinum,도미나,TANK,-1.0,-1.0
2026-02-11,competitive,Asia,aatlis,Platinum,둠피스트,TANK,10.1,52.3
2026-02-11,competitive,Asia,aatlis,Platinum,라마트라,TANK,6.9,48.9
2026-02-11,competitive,Asia,aatlis,Platinum,라이프위버,SUPPORT,3.4,40.9
2026-02-11,competitive,Asia,aatlis,Platinum,라인하르트,TANK,9.8,48.2
2026-02-11,competitive,Asia,aatlis,Platinum,레킹볼,TANK,4.3,52.0
2026-02-11,competitive,Asia,aatlis,Platinum,로드호그,TANK,5.4,41.2
2026-02-11,competitive,Asia,aatlis,Platinum,루시우,SUPPORT,10.8,53.4
2026-02-11,competitive,Asia,aatlis,Platinum,리퍼,DAMAGE,15.8,55.2
2026-02-11,competitive,Asia,aatlis,Platinum,마우가,TANK,3.6,49.9
2026-02-11,competitive,Asia,aatlis,Platinum,메르시,SUPPORT,5.1,47.8
2026-02-11,competitive,Asia,aatlis,Platinum,메이,DAMAGE,7.5,49.4
2026-02-11,competitive,Asia,aatlis,Platinum,모이라,SUPPORT,21.4,50.0
2026-02-11,competitive,Asia,aatlis,Platinum,미즈키,SUPPORT,-1.0,-1.0
2026-02-11,competitive,Asia,aatlis,Platinum,바스티온,DAMAGE,7.4,49.7
2026-02-11,competitive,Asia,aatlis,Platinum,바티스트,SUPPORT,9.4,46.2
2026-02-11,competitive,Asia,aatlis,Platinum,벤데타,DAMAGE,5.5,59.3
2026-02-11,competitive,Asia,aatlis,Platinum,벤처,DAMAGE,10.8,55.4
2026-02-11,competitive,Asia,aatlis,Platinum,브리기테,SUPPORT,8.6,48.0
2026-02-11,competitive,Asia,aatlis,Platinum,소전,DAMAGE,18.4,46.0
2026-02-11,competitive,Asia,aatlis,Platinum,솔저: 76,DAMAGE,17.0,50.6
2026-02-11,competitive,Asia,aatlis,Platinum,솜브라,DAMAGE,5.9,47.2
2026-02-11,competitive,Asia,aatlis,Platinum,시그마,TANK,10.5,54.5
2026-02-11,competitive,Asia,aatlis,Platinum,시메트라,DAMAGE,4.7,55.0
2026-02-11,competitive,Asia,aatlis,Platinum,아나,SUPPORT,46.4,47.2
2026-02-11,competitive,Asia,aatlis,Platinum,안란,DAMAGE,-1.0,-1.0
2026-02-11,competitive,Asia,aatlis,Platinum,애쉬,DAMAGE,6.0,48.2
2026-02-11,competitive,Asia,aatlis,Platinum,에코,DAMAGE,5.4,51.7
2026-02-11,competitive,Asia,aatlis,Platinum,엠레,DAMAGE,-1.0,-1.0
2026-02-11,competitive,Asia,aatlis,Platinum,오리사,TANK,10.1,42.6
2026-02-11,competitive,Asia,aatlis,Platinum,우양,SUPPORT,23.8,55.7
2026-02-11,competitive,Asia,aatlis,Platinum,위도우메이커,DAMAGE,0.4,32.2
2026-02-11,competitive,Asia,aatlis,Platinum,윈스턴,TANK,7.4,51.0
2026-02-11,competitive,Asia,aatlis,Platinum,일리아리,SUPPORT,10.5,57.6
2026-02-11,competitive,Asia,aatlis,Platinum,자리야,TANK,10.0,48.4
2026-02-11,competitive,Asia,aatlis,Platinum,정커퀸,TANK,10.7,58.3
2026-02-11,competitive,Asia,aatlis,Platinum,정크랫,DAMAGE,5.8,51.9
2026-02-11,competitive,Asia,aatlis,Platinum,제트팩 캣,SUPPORT,-1.0,-1.0
2026-02-11,competitive,Asia,aatlis,Platinum,젠야타,SUPPORT,8.9,49.5
2026-02-11,competitive,Asia,aatlis,Platinum,주노,SUPPORT,8.4,52.4
2026-02-11,competitive,Asia,aatlis,Platinum,캐서디,DAMAGE,38.2,45.7
2026-02-11,competitive,Asia,aatlis,Platinum,키리코,SUPPORT,43.4,46.7
2026-02-11,competitive,Asia,aatlis,Platinum,토르비욘,DAMAGE,3.2,52.4
2026-02-11,competitive,Asia,aatlis,Platinum,트레이서,DAMAGE,14.0,50.9
2026-02-11,competitive,Asia,aatlis,Platinum,파라,DAMAGE,4.2,46.1
2026-02-11,competitive,Asia,aatlis,Platinum,프레야,DAMAGE,3.3,42.5
2026-02-11,competitive,Asia,aatlis,Platinum,한조,DAMAGE,5.6,45.3
2026-02-11,competitive,Asia,aatlis,Platinum,해저드,TANK,4.8,51.5
2026-02-11,competitive,Asia,aatlis,Diamond,D.Va,TANK,6.2,47.6
2026-02-11,competitive,Asia,aatlis,Diamond,겐지,DAMAGE,22.3,51.6
2026-02-11,competitive,Asia,aatlis,Diamond,도미나,TANK,-1.0,-1.0
2026-02-11,competitive,Asia,aatlis,Diamond,둠피스트,TANK,12.8,50.6
2026-02-11,competitive,Asia,aatlis,Diamond,라마트라,TANK,6.7,49.8
2026-02-11,competitive,Asia,aatlis,Diamond,라이프위버,SUPPORT,2.2,35.1
2026-02-11,competitive,Asia,aatlis,Diamond,라인하르트,TANK,8.6,48.2
2026-02-11,competitive,Asia,aatlis,Diamond,레킹볼,TANK,4.8,49.5
2026-02-11,competitive,Asia,aatlis,Diamond,로드호그,TANK,4.7,41.3
2026-02-11,competitive,Asia,aatlis,Diamond,루시우,SUPPORT,13.3,54.9
2026-02-11,competitive,Asia,aatlis,Diamond,리퍼,DAMAGE,13.7,54.7
2026-02-11,competitive,Asia,aatlis,Diamond,마우가,TANK,3.0,47.7
2026-02-11,competitive,Asia,aatlis,Diamond,메르시,SUPPORT,3.6,47.7
2026-02-11,competitive,Asia,aatlis,Diamond,메이,DAMAGE,6.6,49.3
2026-02-11,competitive,Asia,aatlis,Diamond,모이라,SUPPORT,17.2,49.8
2026-02-11,competitive,Asia,aatlis,Diamond,미즈키,SUPPORT,-1.0,-1.0
2026-02-11,competitive,Asia,aatlis,Diamond,바스티온,DAMAGE,6.0,44.8
2026-02-11,competitive,Asia,aatlis,Diamond,바티스트,SUPPORT,9.9,47.4
2026-02-11,competitive,Asia,aatlis,Diamond,벤데타,DAMAGE,5.6,57.4
2026-02-11,competitive,Asia,aatlis,Diamond,벤처,DAMAGE,11.9,56.7
2026-02-11,competitive,Asia,aatlis,Diamond,브리기테,SUPPORT,8.8,48.9
2026-02-11,competitive,Asia,aatlis,Diamond,소전,DAMAGE,20.2,47.8
2026-02-11,competitive,Asia,aatlis,Diamond,솔저: 76,DAMAGE,12.2,50.6
2026-02-11,competitive,Asia,aatlis,Diamond,솜브라,DAMAGE,6.6,47.6
2026-02-11,competitive,Asia,aatlis,Diamond,시그마,TANK,10.3,53.9
2026-02-11,competitive,Asia,aatlis,Diamond,시메트라,DAMAGE,4.8,55.9
2026-02-11,competitive,Asia,aatlis,Diamond,아나,SUPPORT,45.4,45.3
2026-02-11,competitive,Asia,aatlis,Diamond,안란,DAMAGE,-1.0,-1.0
2026-02-11,competitive,Asia,aatlis,Diamond,애쉬,DAMAGE,4.3,48.8
2026-02-11,competitive,Asia,aatlis,Diamond,에코,DAMAGE,5.9,52.4
2026-02-11,competitive,Asia,aatlis,Diamond,엠레,DAMAGE,-1.0,-1.0
2026-02-11,competitive,Asia,aatlis,Diamond,오리사,TANK,8.5,41.9
2026-02-11,competitive,Asia,aatlis,Diamond,우양,SUPPORT,30.2,56.2
2026-02-11,competitive,Asia,aatlis,Diamond,위도우메이커,DAMAGE,0.4,26.7
2026-02-11,competitive,Asia,aatlis,Diamond,윈스턴,TANK,8.3,49.2
2026-02-11,competitive,Asia,aatlis,Diamond,일리아리,SUPPORT,11.5,55.3
2026-02-11,competitive,Asia,aatlis,Diamond,자리야,TANK,10.4,50.8
2026-02-11,competitive,Asia,aatlis,Diamond,정커퀸,TANK,10.2,58.9
2026-02-11,competitive,Asia,aatlis,Diamond,정크랫,DAMAGE,5.0,52.0
2026-02-11,competitive,Asia,aatlis,Diamond,제트팩 캣,SUPPORT,-1.0,-1.0
2026-02-11,competitive,Asia,aatlis,Diamond,젠야타,SUPPORT,7.9,48.6
2026-02-11,competitive,Asia,aatlis,Diamond,주노,SUPPORT,5.4,50.1
2026-02-11,competitive,Asia,aatlis,Diamond,캐서디,DAMAGE,39.8,44.6
2026-02-11,competitive,Asia,aatlis,Diamond,키리코,SUPPORT,44.5,47.6
2026-02-11,competitive,Asia,aatlis,Diamond,토르비욘,DAMAGE,2.9,50.3
2026-02-11,competitive,Asia,aatlis,Diamond,트레이서,DAMAGE,19.2,52.1
2026-02-11,competitive,Asia,aatlis,Diamond,파라,DAMAGE,3.8,45.4
2026-02-11,competitive,Asia,aatlis,Diamond,프레야,DAMAGE,3.0,41.0
2026-02-11,competitive,Asia,aatlis,Diamond,한조,DAMAGE,5.6,48.6
2026-02-11,competitive,Asia,aatlis,Diamond,해저드,TANK,5.7,53.3
2026-02-11,competitive,Asia,aatlis,Master,D.Va,TANK,5.6,49.0
2026-02-11,competitive,Asia,aatlis,Master,겐지,DAMAGE,20.2,51.7
2026-02-11,competitive,Asia,aatlis,Master,도미나,TANK,-1.0,-1.0
2026-02-11,competitive,Asia,aatlis,Master,둠피스트,TANK,14.6,49.5
2026-02-11,competitive,Asia,aatlis,Master,라마트라,TANK,7.0,50.3
2026-02-11,competitive,Asia,aatlis,Master,라이프위버,SUPPORT,2.0,37.5
2026-02-11,competitive,Asia,aatlis,Master,라인하르트,TANK,7.3,43.5
2026-02-11,competitive,Asia,aatlis,Master,레킹볼,TANK,5.1,52.3
2026-02-11,competitive,Asia,aatlis,Master,로드호그,TANK,4.4,39.6
2026-02-11,competitive,Asia,aatlis,Master,루시우,SUPPORT,16.1,50.7
2026-02-11,competitive,Asia,aatlis,Master,리퍼,DAMAGE,13.2,52.0
2026-02-11,competitive,Asia,aatlis,Master,마우가,TANK,2.7,48.7
2026-02-11,competitive,Asia,aatlis,Master,메르시,SUPPORT,3.1,46.1
2026-02-11,competitive,Asia,aatlis,Master,메이,DAMAGE,5.5,51.2
2026-02-11,competitive,Asia,aatlis,Master,모이라,SUPPORT,12.7,51.0
2026-02-11,competitive,Asia,aatlis,Master,미즈키,SUPPORT,-1.0,-1.0
2026-02-11,competitive,Asia,aatlis,Master,바스티온,DAMAGE,4.4,47.8
2026-02-11,competitive,Asia,aatlis,Master,바티스트,SUPPORT,12.6,47.7
2026-02-11,competitive,Asia,aatlis,Master,벤데타,DAMAGE,6.1,56.2
2026-02-11,competitive,Asia,aatlis,Master,벤처,DAMAGE,13.2,53.8
2026-02-11,competitive,Asia,aatlis,Master,브리기테,SUPPORT,8.2,47.8
2026-02-11,competitive,Asia,aatlis,Master,소전,DAMAGE,24.0,48.6
2026-02-11,competitive,Asia,aatlis,Master,솔저: 76,DAMAGE,8.7,50.1
2026-02-11,competitive,Asia,aatlis,Master,솜브라,DAMAGE,5.9,42.7
2026-02-11,competitive,Asia,aatlis,Master,시그마,TANK,12.6,57.6
2026-02-11,competitive,Asia,aatlis,Master,시메트라,DAMAGE,5.1,52.5
2026-02-11,competitive,Asia,aatlis,Master,아나,SUPPORT,38.8,47.4
2026-02-11,competitive,Asia,aatlis,Master,안란,DAMAGE,-1.0,-1.0
2026-02-11,competitive,Asia,aatlis,Master,애쉬,DAMAGE,3.6,53.2
2026-02-11,competitive,Asia,aatlis,Master,에코,DAMAGE,6.5,49.4
2026-02-11,competitive,Asia,aatlis,Master,엠레,DAMAGE,-1.0,-1.0
2026-02-11,competitive,Asia,aatlis,Master,오리사,TANK,7.4,45.7
2026-02-11,competitive,Asia,aatlis,Master,우양,SUPPORT,36.4,54.8
2026-02-11,competitive,Asia,aatlis,Master,위도우메이커,DAMAGE,0.5,28.5
2026-02-11,competitive,Asia,aatlis,Master,윈스턴,TANK,9.3,45.2
2026-02-11,competitive,Asia,aatlis,Master,일리아리,SUPPORT,14.1,57.1
2026-02-11,competitive,Asia,aatlis,Master,자리야,TANK,10.9,57.0
2026-02-11,competitive,Asia,aatlis,Master,정커퀸,TANK,7.9,51.7
2026-02-11,competitive,Asia,aatlis,Master,정크랫,DAMAGE,3.9,46.9
2026-02-11,competitive,Asia,aatlis,Master,제트팩 캣,SUPPORT,-1.0,-1.0
2026-02-11,competitive,Asia,aatlis,Master,젠야타,SUPPORT,5.9,44.0
2026-02-11,competitive,Asia,aatlis,Master,주노,SUPPORT,3.5,48.2
2026-02-11,competitive,Asia,aatlis,Master,캐서디,DAMAGE,37.8,46.5
2026-02-11,competitive,Asia,aatlis,Master,키리코,SUPPORT,46.8,48.1
2026-02-11,competitive,Asia,aatlis,Master,토르비욘,DAMAGE,2.7,46.5
2026-02-11,competitive,Asia,aatlis,Master,트레이서,DAMAGE,26.2,52.4
2026-02-11,competitive,Asia,aatlis,Master,파라,DAMAGE,4.6,48.9
2026-02-11,competitive,Asia,aatlis,Master,프레야,DAMAGE,3.0,48.0
2026-02-11,competitive,Asia,aatlis,Master,한조,DAMAGE,4.9,50.1
2026-02-11,competitive,Asia,aatlis,Master,해저드,TANK,5.2,53.1
2026-02-11,competitive,Asia,aatlis,Grandmaster,D.Va,TANK,7.2,44.9
2026-02-11,competitive,Asia,aatlis,Grandmaster,겐지,DAMAGE,15.2,51.1
2026-02-11,competitive,Asia,aatlis,Grandmaster,도미나,TANK,-1.0,-1.0
2026-02-11,competitive,Asia,aatlis,Grandmaster,둠피스트,TANK,13.3,51.2
2026-02-11,competitive,Asia,aatlis,Grandmaster,라마트라,TANK,7.9,50.9
2026-02-11,competitive,Asia,aatlis,Grandmaster,라이프위버,SUPPORT,1.3,25.8
2026-02-11,competitive,Asia,aatlis,Grandmaster,라인하르트,TANK,5.2,41.2
2026-02-11,competitive,Asia,aatlis,Grandmaster,레킹볼,TANK,5.9,58.1
2026-02-11,competitive,Asia,aatlis,Grandmaster,로드호그,TANK,2.8,46.2
2026-02-11,competitive,Asia,aatlis,Grandmaster,루시우,SUPPORT,19.8,46.5
2026-02-11,competitive,Asia,aatlis,Grandmaster,리퍼,DAMAGE,8.6,47.4
2026-02-11,competitive,Asia,aatlis,Grandmaster,마우가,TANK,1.7,41.8
2026-02-11,competitive,Asia,aatlis,Grandmaster,메르시,SUPPORT,1.8,39.0
2026-02-11,competitive,Asia,aatlis,Grandmaster,메이,DAMAGE,4.9,49.4
2026-02-11,competitive,Asia,aatlis,Grandmaster,모이라,SUPPORT,7.0,55.6
2026-02-11,competitive,Asia,aatlis,Grandmaster,미즈키,SUPPORT,-1.0,-1.0
2026-02-11,competitive,Asia,aatlis,Grandmaster,바스티온,DAMAGE,3.4,47.7
2026-02-11,competitive,Asia,aatlis,Grandmaster,바티스트,SUPPORT,18.6,45.9
2026-02-11,competitive,Asia,aatlis,Grandmaster,벤데타,DAMAGE,9.4,59.9
2026-02-11,competitive,Asia,aatlis,Grandmaster,벤처,DAMAGE,11.2,52.4
2026-02-11,competitive,Asia,aatlis,Grandmaster,브리기테,SUPPORT,8.5,46.7
2026-02-11,competitive,Asia,aatlis,Grandmaster,소전,DAMAGE,32.3,52.6
2026-02-11,competitive,Asia,aatlis,Grandmaster,솔저: 76,DAMAGE,7.7,51.0
2026-02-11,competitive,Asia,aatlis,Grandmaster,솜브라,DAMAGE,5.3,51.9
2026-02-11,competitive,Asia,aatlis,Grandmaster,시그마,TANK,18.1,52.2
2026-02-11,competitive,Asia,aatlis,Grandmaster,시메트라,DAMAGE,7.3,50.5
2026-02-11,competitive,Asia,aatlis,Grandmaster,아나,SUPPORT,27.8,48.0
2026-02-11,competitive,Asia,aatlis,Grandmaster,안란,DAMAGE,-1.0,-1.0
2026-02-11,competitive,Asia,aatlis,Grandmaster,애쉬,DAMAGE,2.3,44.0
2026-02-11,competitive,Asia,aatlis,Grandmaster,에코,DAMAGE,6.2,50.0
2026-02-11,competitive,Asia,aatlis,Grandmaster,엠레,DAMAGE,-1.0,-1.0
2026-02-11,competitive,Asia,aatlis,Grandmaster,오리사,TANK,6.2,43.8
2026-02-11,competitive,Asia,aatlis,Grandmaster,우양,SUPPORT,41.3,56.0
2026-02-11,competitive,Asia,aatlis,Grandmaster,위도우메이커,DAMAGE,0.8,11.3
2026-02-11,competitive,Asia,aatlis,Grandmaster,윈스턴,TANK,6.9,44.3
2026-02-11,competitive,Asia,aatlis,Grandmaster,일리아리,SUPPORT,16.6,60.2
2026-02-11,competitive,Asia,aatlis,Grandmaster,자리야,TANK,14.8,57.0
2026-02-11,competitive,Asia,aatlis,Grandmaster,정커퀸,TANK,5.2,49.8
2026-02-11,competitive,Asia,aatlis,Grandmaster,정크랫,DAMAGE,4.9,47.0
2026-02-11,competitive,Asia,aatlis,Grandmaster,제트팩 캣,SUPPORT,-1.0,-1.0
2026-02-11,competitive,Asia,aatlis,Grandmaster,젠야타,SUPPORT,3.4,46.2
2026-02-11,competitive,Asia,aatlis,Grandmaster,주노,SUPPORT,2.4,46.4
2026-02-11,competitive,Asia,aatlis,Grandmaster,캐서디,DAMAGE,30.4,45.1
2026-02-11,competitive,Asia,aatlis,Grandmaster,키리코,SUPPORT,51.4,47.5
2026-02-11,competitive,Asia,aatlis,Grandmaster,토르비욘,DAMAGE,2.2,44.3
2026-02-11,competitive,Asia,aatlis,Grandmaster,트레이서,DAMAGE,34.6,51.2
2026-02-11,competitive,Asia,aatlis,Grandmaster,파라,DAMAGE,3.9,44.3
2026-02-11,competitive,Asia,aatlis,Grandmaster,프레야,DAMAGE,4.3,43.8
2026-02-11,competitive,Asia,aatlis,Grandmaster,한조,DAMAGE,5.1,57.6
2026-02-11,competitive,Asia,aatlis,Grandmaster,해저드,TANK,4.8,52.1
2026-02-11,competitive,Asia,numbani,All,D.Va,TANK,13.6,51.5
2026-02-11,competitive,Asia,numbani,All,겐지,DAMAGE,19.4,51.9
2026-02-11,competitive,Asia,numbani,All,도미나,TANK,-1.0,-1.0
2026-02-11,competitive,Asia,numbani,All,둠피스트,TANK,6.6,50.5
2026-02-11,competitive,Asia,numbani,All,라마트라,TANK,4.5,43.5
2026-02-11,competitive,Asia,numbani,All,라이프위버,SUPPORT,6.5,42.1
2026-02-11,competitive,Asia,numbani,All,라인하르트,TANK,7.4,45.9
2026-02-11,competitive,Asia,numbani,All,레킹볼,TANK,4.1,49.7
2026-02-11,competitive,Asia,numbani,All,로드호그,TANK,5.3,37.7
2026-02-11,competitive,Asia,numbani,All,루시우,SUPPORT,4.5,43.9
2026-02-11,competitive,Asia,numbani,All,리퍼,DAMAGE,11.3,47.5
2026-02-11,competitive,Asia,numbani,All,마우가,TANK,3.1,42.7
2026-02-11,competitive,Asia,numbani,All,메르시,SUPPORT,14.0,47.6
2026-02-11,competitive,Asia,numbani,All,메이,DAMAGE,6.8,47.6
2026-02-11,competitive,Asia,numbani,All,모이라,SUPPORT,13.3,43.2
2026-02-11,competitive,Asia,numbani,All,미즈키,SUPPORT,-1.0,-1.0
2026-02-11,competitive,Asia,numbani,All,바스티온,DAMAGE,11.9,46.7
2026-02-11,competitive,Asia,numbani,All,바티스트,SUPPORT,11.2,45.9
2026-02-11,competitive,Asia,numbani,All,벤데타,DAMAGE,3.8,53.5
2026-02-11,competitive,Asia,numbani,All,벤처,DAMAGE,5.0,50.5
2026-02-11,competitive,Asia,numbani,All,브리기테,SUPPORT,3.9,43.6
2026-02-11,competitive,Asia,numbani,All,소전,DAMAGE,13.4,44.0
2026-02-11,competitive,Asia,numbani,All,솔저: 76,DAMAGE,23.1,48.3
2026-02-11,competitive,Asia,numbani,All,솜브라,DAMAGE,4.0,51.6
2026-02-11,competitive,Asia,numbani,All,시그마,TANK,15.7,52.9
2026-02-11,competitive,Asia,numbani,All,시메트라,DAMAGE,4.2,49.1
2026-02-11,competitive,Asia,numbani,All,아나,SUPPORT,58.1,50.7
2026-02-11,competitive,Asia,numbani,All,안란,DAMAGE,0.0,100.0
2026-02-11,competitive,Asia,numbani,All,애쉬,DAMAGE,23.5,52.7
2026-02-11,competitive,Asia,numbani,All,에코,DAMAGE,8.4,52.6
2026-02-11,competitive,Asia,numbani,All,엠레,DAMAGE,-1.0,-1.0
2026-02-11,competitive,Asia,numbani,All,오리사,TANK,10.0,42.3
2026-02-11,competitive,Asia,numbani,All,우양,SUPPORT,16.2,51.8
2026-02-11,competitive,Asia,numbani,All,위도우메이커,DAMAGE,3.1,42.4
2026-02-11,competitive,Asia,numbani,All,윈스턴,TANK,15.9,52.6
2026-02-11,competitive,Asia,numbani,All,일리아리,SUPPORT,15.9,55.9
2026-02-11,competitive,Asia,numbani,All,자리야,TANK,7.2,48.2
2026-02-11,competitive,Asia,numbani,All,정커퀸,TANK,2.4,47.1
2026-02-11,competitive,Asia,numbani,All,정크랫,DAMAGE,7.1,46.4
2026-02-11,competitive,Asia,numbani,All,제트팩 캣,SUPPORT,-1.0,-1.0
2026-02-11,competitive,Asia,numbani,All,젠야타,SUPPORT,11.4,49.2
2026-02-11,competitive,Asia,numbani,All,주노,SUPPORT,9.5,48.1
2026-02-11,competitive,Asia,numbani,All,캐서디,DAMAGE,21.3,44.2
2026-02-11,competitive,Asia,numbani,All,키리코,SUPPORT,35.4,47.1
2026-02-11,competitive,Asia,numbani,All,토르비욘,DAMAGE,4.8,44.8
2026-02-11,competitive,Asia,numbani,All,트레이서,DAMAGE,6.5,48.9
2026-02-11,competitive,Asia,numbani,All,파라,DAMAGE,5.7,51.2
2026-02-11,competitive,Asia,numbani,All,프레야,DAMAGE,6.7,47.1
2026-02-11,competitive,Asia,numbani,All,한조,DAMAGE,10.0,47.4
2026-02-11,competitive,Asia,numbani,All,해저드,TANK,4.2,50.7
2026-02-11,competitive,Asia,numbani,Bronze,D.Va,TANK,13.0,50.7
2026-02-11,competitive,Asia,numbani,Bronze,겐지,DAMAGE,12.0,53.8
2026-02-11,competitive,Asia,numbani,Bronze,도미나,TANK,-1.0,-1.0
2026-02-11,competitive,Asia,numbani,Bronze,둠피스트,TANK,3.1,55.3
2026-02-11,competitive,Asia,numbani,Bronze,라마트라,TANK,8.5,46.8
2026-02-11,competitive,Asia,numbani,Bronze,라이프위버,SUPPORT,5.6,41.8
2026-02-11,competitive,Asia,numbani,Bronze,라인하르트,TANK,8.4,48.6
2026-02-11,competitive,Asia,numbani,Bronze,레킹볼,TANK,3.9,52.9
2026-02-11,competitive,Asia,numbani,Bronze,로드호그,TANK,5.9,44.3
2026-02-11,competitive,Asia,numbani,Bronze,루시우,SUPPORT,8.6,47.0
2026-02-11,competitive,Asia,numbani,Bronze,리퍼,DAMAGE,11.5,49.7
2026-02-11,competitive,Asia,numbani,Bronze,마우가,TANK,4.9,42.8
2026-02-11,competitive,Asia,numbani,Bronze,메르시,SUPPORT,16.4,46.9
2026-02-11,competitive,Asia,numbani,Bronze,메이,DAMAGE,7.1,49.1
2026-02-11,competitive,Asia,numbani,Bronze,모이라,SUPPORT,23.5,44.7
2026-02-11,competitive,Asia,numbani,Bronze,미즈키,SUPPORT,-1.0,-1.0
2026-02-11,competitive,Asia,numbani,Bronze,바스티온,DAMAGE,22.8,49.6
2026-02-11,competitive,Asia,numbani,Bronze,바티스트,SUPPORT,10.3,49.0
2026-02-11,competitive,Asia,numbani,Bronze,벤데타,DAMAGE,3.6,54.4
2026-02-11,competitive,Asia,numbani,Bronze,벤처,DAMAGE,4.2,53.4
2026-02-11,competitive,Asia,numbani,Bronze,브리기테,SUPPORT,2.4,39.7
2026-02-11,competitive,Asia,numbani,Bronze,소전,DAMAGE,19.1,42.3
2026-02-11,competitive,Asia,numbani,Bronze,솔저: 76,DAMAGE,26.1,45.3
2026-02-11,competitive,Asia,numbani,Bronze,솜브라,DAMAGE,2.9,54.8
2026-02-11,competitive,Asia,numbani,Bronze,시그마,TANK,19.2,52.5
2026-02-11,competitive,Asia,numbani,Bronze,시메트라,DAMAGE,3.9,49.6
2026-02-11,competitive,Asia,numbani,Bronze,아나,SUPPORT,35.6,50.7
2026-02-11,competitive,Asia,numbani,Bronze,안란,DAMAGE,-1.0,-1.0
2026-02-11,competitive,Asia,numbani,Bronze,애쉬,DAMAGE,16.9,52.0
2026-02-11,competitive,Asia,numbani,Bronze,에코,DAMAGE,5.7,53.9
2026-02-11,competitive,Asia,numbani,Bronze,엠레,DAMAGE,-1.0,-1.0
2026-02-11,competitive,Asia,numbani,Bronze,오리사,TANK,15.3,45.0
2026-02-11,competitive,Asia,numbani,Bronze,우양,SUPPORT,17.9,50.3
2026-02-11,competitive,Asia,numbani,Bronze,위도우메이커,DAMAGE,3.5,41.7
2026-02-11,competitive,Asia,numbani,Bronze,윈스턴,TANK,7.5,51.4
2026-02-11,competitive,Asia,numbani,Bronze,일리아리,SUPPORT,15.1,55.5
2026-02-11,competitive,Asia,numbani,Bronze,자리야,TANK,4.8,52.7
2026-02-11,competitive,Asia,numbani,Bronze,정커퀸,TANK,2.7,46.7
2026-02-11,competitive,Asia,numbani,Bronze,정크랫,DAMAGE,12.5,46.6
2026-02-11,competitive,Asia,numbani,Bronze,제트팩 캣,SUPPORT,-1.0,-1.0
2026-02-11,competitive,Asia,numbani,Bronze,젠야타,SUPPORT,12.9,51.7
2026-02-11,competitive,Asia,numbani,Bronze,주노,SUPPORT,19.5,47.7
2026-02-11,competitive,Asia,numbani,Bronze,캐서디,DAMAGE,15.7,46.5
2026-02-11,competitive,Asia,numbani,Bronze,키리코,SUPPORT,32.2,49.3
2026-02-11,competitive,Asia,numbani,Bronze,토르비욘,DAMAGE,5.6,46.8
2026-02-11,competitive,Asia,numbani,Bronze,트레이서,DAMAGE,3.7,50.7
2026-02-11,competitive,Asia,numbani,Bronze,파라,DAMAGE,8.6,50.7
2026-02-11,competitive,Asia,numbani,Bronze,프레야,DAMAGE,6.5,53.4
2026-02-11,competitive,Asia,numbani,Bronze,한조,DAMAGE,8.1,50.2
2026-02-11,competitive,Asia,numbani,Bronze,해저드,TANK,2.8,43.0
2026-02-11,competitive,Asia,numbani,Silver,D.Va,TANK,13.4,52.2
2026-02-11,competitive,Asia,numbani,Silver,겐지,DAMAGE,14.9,52.9
2026-02-11,competitive,Asia,numbani,Silver,도미나,TANK,-1.0,-1.0
2026-02-11,competitive,Asia,numbani,Silver,둠피스트,TANK,4.2,52.5
2026-02-11,competitive,Asia,numbani,Silver,라마트라,TANK,6.6,44.4
2026-02-11,competitive,Asia,numbani,Silver,라이프위버,SUPPORT,7.1,45.5
2026-02-11,competitive,Asia,numbani,Silver,라인하르트,TANK,8.6,47.6
2026-02-11,competitive,Asia,numbani,Silver,레킹볼,TANK,3.5,53.3
2026-02-11,competitive,Asia,numbani,Silver,로드호그,TANK,5.3,40.7
2026-02-11,competitive,Asia,numbani,Silver,루시우,SUPPORT,6.6,44.9
2026-02-11,competitive,Asia,numbani,Silver,리퍼,DAMAGE,13.2,46.9
2026-02-11,competitive,Asia,numbani,Silver,마우가,TANK,3.9,42.1
2026-02-11,competitive,Asia,numbani,Silver,메르시,SUPPORT,17.9,48.1
2026-02-11,competitive,Asia,numbani,Silver,메이,DAMAGE,7.6,47.9
2026-02-11,competitive,Asia,numbani,Silver,모이라,SUPPORT,21.3,44.6
2026-02-11,competitive,Asia,numbani,Silver,미즈키,SUPPORT,-1.0,-1.0
2026-02-11,competitive,Asia,numbani,Silver,바스티온,DAMAGE,16.2,46.7
2026-02-11,competitive,Asia,numbani,Silver,바티스트,SUPPORT,10.4,46.1
2026-02-11,competitive,Asia,numbani,Silver,벤데타,DAMAGE,4.0,56.1
2026-02-11,competitive,Asia,numbani,Silver,벤처,DAMAGE,4.6,51.6
2026-02-11,competitive,Asia,numbani,Silver,브리기테,SUPPORT,2.7,44.0
2026-02-11,competitive,Asia,numbani,Silver,소전,DAMAGE,15.5,43.0
2026-02-11,competitive,Asia,numbani,Silver,솔저: 76,DAMAGE,27.9,47.9
2026-02-11,competitive,Asia,numbani,Silver,솜브라,DAMAGE,2.6,50.7
2026-02-11,competitive,Asia,numbani,Silver,시그마,TANK,17.3,53.7
2026-02-11,competitive,Asia,numbani,Silver,시메트라,DAMAGE,4.4,51.1
2026-02-11,competitive,Asia,numbani,Silver,아나,SUPPORT,46.4,48.9
2026-02-11,competitive,Asia,numbani,Silver,안란,DAMAGE,-1.0,-1.0
2026-02-11,competitive,Asia,numbani,Silver,애쉬,DAMAGE,19.5,53.6
2026-02-11,competitive,Asia,numbani,Silver,에코,DAMAGE,6.2,51.3
2026-02-11,competitive,Asia,numbani,Silver,엠레,DAMAGE,-1.0,-1.0
2026-02-11,competitive,Asia,numbani,Silver,오리사,TANK,14.0,41.4
2026-02-11,competitive,Asia,numbani,Silver,우양,SUPPORT,14.7,51.3
2026-02-11,competitive,Asia,numbani,Silver,위도우메이커,DAMAGE,3.3,44.3
2026-02-11,competitive,Asia,numbani,Silver,윈스턴,TANK,10.2,52.7
2026-02-11,competitive,Asia,numbani,Silver,일리아리,SUPPORT,14.2,55.9
2026-02-11,competitive,Asia,numbani,Silver,자리야,TANK,6.9,49.9
2026-02-11,competitive,Asia,numbani,Silver,정커퀸,TANK,2.8,45.1
2026-02-11,competitive,Asia,numbani,Silver,정크랫,DAMAGE,10.4,45.9
2026-02-11,competitive,Asia,numbani,Silver,제트팩 캣,SUPPORT,-1.0,-1.0
2026-02-11,competitive,Asia,numbani,Silver,젠야타,SUPPORT,11.2,51.1
2026-02-11,competitive,Asia,numbani,Silver,주노,SUPPORT,14.3,48.8
2026-02-11,competitive,Asia,numbani,Silver,캐서디,DAMAGE,18.6,46.0
2026-02-11,competitive,Asia,numbani,Silver,키리코,SUPPORT,33.3,47.5
2026-02-11,competitive,Asia,numbani,Silver,토르비욘,DAMAGE,5.2,48.2
2026-02-11,competitive,Asia,numbani,Silver,트레이서,DAMAGE,4.0,47.9
2026-02-11,competitive,Asia,numbani,Silver,파라,DAMAGE,6.9,49.7
2026-02-11,competitive,Asia,numbani,Silver,프레야,DAMAGE,6.2,48.5
2026-02-11,competitive,Asia,numbani,Silver,한조,DAMAGE,8.7,48.0
2026-02-11,competitive,Asia,numbani,Silver,해저드,TANK,3.2,50.0
2026-02-11,competitive,Asia,numbani,Gold,D.Va,TANK,13.9,51.4
2026-02-11,competitive,Asia,numbani,Gold,겐지,DAMAGE,19.2,52.4
2026-02-11,competitive,Asia,numbani,Gold,도미나,TANK,-1.0,-1.0
2026-02-11,competitive,Asia,numbani,Gold,둠피스트,TANK,5.2,51.9
2026-02-11,competitive,Asia,numbani,Gold,라마트라,TANK,5.0,43.3
2026-02-11,competitive,Asia,numbani,Gold,라이프위버,SUPPORT,7.1,42.0
2026-02-11,competitive,Asia,numbani,Gold,라인하르트,TANK,8.9,48.0
2026-02-11,competitive,Asia,numbani,Gold,레킹볼,TANK,3.7,51.1
2026-02-11,competitive,Asia,numbani,Gold,로드호그,TANK,5.4,37.4
2026-02-11,competitive,Asia,numbani,Gold,루시우,SUPPORT,4.7,43.3
2026-02-11,competitive,Asia,numbani,Gold,리퍼,DAMAGE,12.7,46.9
2026-02-11,competitive,Asia,numbani,Gold,마우가,TANK,3.4,42.4
2026-02-11,competitive,Asia,numbani,Gold,메르시,SUPPORT,15.0,47.1
2026-02-11,competitive,Asia,numbani,Gold,메이,DAMAGE,7.7,47.4
2026-02-11,competitive,Asia,numbani,Gold,모이라,SUPPORT,15.8,43.3
2026-02-11,competitive,Asia,numbani,Gold,미즈키,SUPPORT,-1.0,-1.0
2026-02-11,competitive,Asia,numbani,Gold,바스티온,DAMAGE,12.3,46.9
2026-02-11,competitive,Asia,numbani,Gold,바티스트,SUPPORT,10.9,44.7
2026-02-11,competitive,Asia,numbani,Gold,벤데타,DAMAGE,3.8,52.0
2026-02-11,competitive,Asia,numbani,Gold,벤처,DAMAGE,5.1,50.6
2026-02-11,competitive,Asia,numbani,Gold,브리기테,SUPPORT,3.2,43.3
2026-02-11,competitive,Asia,numbani,Gold,소전,DAMAGE,13.0,43.5
2026-02-11,competitive,Asia,numbani,Gold,솔저: 76,DAMAGE,25.7,48.1
2026-02-11,competitive,Asia,numbani,Gold,솜브라,DAMAGE,3.5,52.3
2026-02-11,competitive,Asia,numbani,Gold,시그마,TANK,16.0,52.0
2026-02-11,competitive,Asia,numbani,Gold,시메트라,DAMAGE,4.4,50.9
2026-02-11,competitive,Asia,numbani,Gold,아나,SUPPORT,57.2,51.1
2026-02-11,competitive,Asia,numbani,Gold,안란,DAMAGE,-1.0,-1.0
2026-02-11,competitive,Asia,numbani,Gold,애쉬,DAMAGE,22.4,52.7
2026-02-11,competitive,Asia,numbani,Gold,에코,DAMAGE,6.9,50.8
2026-02-11,competitive,Asia,numbani,Gold,엠레,DAMAGE,-1.0,-1.0
2026-02-11,competitive,Asia,numbani,Gold,오리사,TANK,11.3,42.5
2026-02-11,competitive,Asia,numbani,Gold,우양,SUPPORT,14.8,51.4
2026-02-11,competitive,Asia,numbani,Gold,위도우메이커,DAMAGE,3.1,45.3
2026-02-11,competitive,Asia,numbani,Gold,윈스턴,TANK,13.1,50.5
2026-02-11,competitive,Asia,numbani,Gold,일리아리,SUPPORT,14.4,54.6
2026-02-11,competitive,Asia,numbani,Gold,자리야,TANK,8.0,48.9
2026-02-11,competitive,Asia,numbani,Gold,정커퀸,TANK,2.5,48.9
2026-02-11,competitive,Asia,numbani,Gold,정크랫,DAMAGE,7.8,46.2
2026-02-11,competitive,Asia,numbani,Gold,제트팩 캣,SUPPORT,-1.0,-1.0
2026-02-11,competitive,Asia,numbani,Gold,젠야타,SUPPORT,11.3,48.8
2026-02-11,competitive,Asia,numbani,Gold,주노,SUPPORT,10.3,48.4
2026-02-11,competitive,Asia,numbani,Gold,캐서디,DAMAGE,21.2,44.6
2026-02-11,competitive,Asia,numbani,Gold,키리코,SUPPORT,35.4,48.1
2026-02-11,competitive,Asia,numbani,Gold,토르비욘,DAMAGE,5.0,45.0
2026-02-11,competitive,Asia,numbani,Gold,트레이서,DAMAGE,4.7,47.3
2026-02-11,competitive,Asia,numbani,Gold,파라,DAMAGE,5.7,51.6
2026-02-11,competitive,Asia,numbani,Gold,프레야,DAMAGE,6.1,45.7
2026-02-11,competitive,Asia,numbani,Gold,한조,DAMAGE,9.8,47.0
2026-02-11,competitive,Asia,numbani,Gold,해저드,TANK,3.7,53.2
2026-02-11,competitive,Asia,numbani,Platinum,D.Va,TANK,14.6,51.5
2026-02-11,competitive,Asia,numbani,Platinum,겐지,DAMAGE,22.2,52.1
2026-02-11,competitive,Asia,numbani,Platinum,도미나,TANK,-1.0,-1.0
2026-02-11,competitive,Asia,numbani,Platinum,둠피스트,TANK,7.4,52.0
2026-02-11,competitive,Asia,numbani,Platinum,라마트라,TANK,3.4,42.2
2026-02-11,competitive,Asia,numbani,Platinum,라이프위버,SUPPORT,6.7,42.3
2026-02-11,competitive,Asia,numbani,Platinum,라인하르트,TANK,6.7,44.1
2026-02-11,competitive,Asia,numbani,Platinum,레킹볼,TANK,4.3,48.3
2026-02-11,competitive,Asia,numbani,Platinum,로드호그,TANK,5.5,37.2
2026-02-11,competitive,Asia,numbani,Platinum,루시우,SUPPORT,3.0,42.2
2026-02-11,competitive,Asia,numbani,Platinum,리퍼,DAMAGE,11.1,48.1
2026-02-11,competitive,Asia,numbani,Platinum,마우가,TANK,2.5,42.0
2026-02-11,competitive,Asia,numbani,Platinum,메르시,SUPPORT,12.9,48.0
2026-02-11,competitive,Asia,numbani,Platinum,메이,DAMAGE,6.7,48.1
2026-02-11,competitive,Asia,numbani,Platinum,모이라,SUPPORT,9.1,41.4
2026-02-11,competitive,Asia,numbani,Platinum,미즈키,SUPPORT,-1.0,-1.0
2026-02-11,competitive,Asia,numbani,Platinum,바스티온,DAMAGE,9.1,45.9
2026-02-11,competitive,Asia,numbani,Platinum,바티스트,SUPPORT,11.5,45.6
2026-02-11,competitive,Asia,numbani,Platinum,벤데타,DAMAGE,3.9,52.9
2026-02-11,competitive,Asia,numbani,Platinum,벤처,DAMAGE,5.2,50.3
2026-02-11,competitive,Asia,numbani,Platinum,브리기테,SUPPORT,4.2,45.2
2026-02-11,competitive,Asia,numbani,Platinum,소전,DAMAGE,12.2,45.5
2026-02-11,competitive,Asia,numbani,Platinum,솔저: 76,DAMAGE,21.7,49.4
2026-02-11,competitive,Asia,numbani,Platinum,솜브라,DAMAGE,4.4,51.0
2026-02-11,competitive,Asia,numbani,Platinum,시그마,TANK,14.6,52.7
2026-02-11,competitive,Asia,numbani,Platinum,시메트라,DAMAGE,4.4,47.8
2026-02-11,competitive,Asia,numbani,Platinum,아나,SUPPORT,65.4,51.0
2026-02-11,competitive,Asia,numbani,Platinum,안란,DAMAGE,-1.0,-1.0
2026-02-11,competitive,Asia,numbani,Platinum,애쉬,DAMAGE,25.0,52.1
2026-02-11,competitive,Asia,numbani,Platinum,에코,DAMAGE,8.8,52.5
2026-02-11,competitive,Asia,numbani,Platinum,엠레,DAMAGE,-1.0,-1.0
2026-02-11,competitive,Asia,numbani,Platinum,오리사,TANK,7.9,41.9
2026-02-11,competitive,Asia,numbani,Platinum,우양,SUPPORT,15.8,52.5
2026-02-11,competitive,Asia,numbani,Platinum,위도우메이커,DAMAGE,3.0,40.4
2026-02-11,competitive,Asia,numbani,Platinum,윈스턴,TANK,18.0,52.5
2026-02-11,competitive,Asia,numbani,Platinum,일리아리,SUPPORT,16.0,55.9
2026-02-11,competitive,Asia,numbani,Platinum,자리야,TANK,7.9,47.0
2026-02-11,competitive,Asia,numbani,Platinum,정커퀸,TANK,2.3,48.3
2026-02-11,competitive,Asia,numbani,Platinum,정크랫,DAMAGE,5.2,47.6
2026-02-11,competitive,Asia,numbani,Platinum,제트팩 캣,SUPPORT,-1.0,-1.0
2026-02-11,competitive,Asia,numbani,Platinum,젠야타,SUPPORT,11.6,48.9
2026-02-11,competitive,Asia,numbani,Platinum,주노,SUPPORT,7.0,48.5
2026-02-11,competitive,Asia,numbani,Platinum,캐서디,DAMAGE,23.5,43.2
2026-02-11,competitive,Asia,numbani,Platinum,키리코,SUPPORT,36.8,46.3
2026-02-11,competitive,Asia,numbani,Platinum,토르비욘,DAMAGE,4.9,44.4
2026-02-11,competitive,Asia,numbani,Platinum,트레이서,DAMAGE,6.4,48.1
2026-02-11,competitive,Asia,numbani,Platinum,파라,DAMAGE,5.1,51.6
2026-02-11,competitive,Asia,numbani,Platinum,프레야,DAMAGE,6.9,46.2
2026-02-11,competitive,Asia,numbani,Platinum,한조,DAMAGE,10.5,47.0
2026-02-11,competitive,Asia,numbani,Platinum,해저드,TANK,5.0,51.2
2026-02-11,competitive,Asia,numbani,Diamond,D.Va,TANK,13.4,51.1
2026-02-11,competitive,Asia,numbani,Diamond,겐지,DAMAGE,23.9,50.1
2026-02-11,competitive,Asia,numbani,Diamond,도미나,TANK,-1.0,-1.0
2026-02-11,competitive,Asia,numbani,Diamond,둠피스트,TANK,10.7,47.7
2026-02-11,competitive,Asia,numbani,Diamond,라마트라,TANK,2.0,38.4
2026-02-11,competitive,Asia,numbani,Diamond,라이프위버,SUPPORT,5.5,38.2
2026-02-11,competitive,Asia,numbani,Diamond,라인하르트,TANK,4.8,38.5
2026-02-11,competitive,Asia,numbani,Diamond,레킹볼,TANK,4.9,47.0
2026-02-11,competitive,Asia,numbani,Diamond,로드호그,TANK,4.8,32.1
2026-02-11,competitive,Asia,numbani,Diamond,루시우,SUPPORT,2.5,42.6
2026-02-11,competitive,Asia,numbani,Diamond,리퍼,DAMAGE,8.2,46.5
2026-02-11,competitive,Asia,numbani,Diamond,마우가,TANK,2.5,48.5
2026-02-11,competitive,Asia,numbani,Diamond,메르시,SUPPORT,9.8,48.3
2026-02-11,competitive,Asia,numbani,Diamond,메이,DAMAGE,4.9,45.6
2026-02-11,competitive,Asia,numbani,Diamond,모이라,SUPPORT,4.3,39.0
2026-02-11,competitive,Asia,numbani,Diamond,미즈키,SUPPORT,-1.0,-1.0
2026-02-11,competitive,Asia,numbani,Diamond,바스티온,DAMAGE,7.7,45.9
2026-02-11,competitive,Asia,numbani,Diamond,바티스트,SUPPORT,11.8,45.2
2026-02-11,competitive,Asia,numbani,Diamond,벤데타,DAMAGE,3.9,53.7
2026-02-11,competitive,Asia,numbani,Diamond,벤처,DAMAGE,5.6,50.5
2026-02-11,competitive,Asia,numbani,Diamond,브리기테,SUPPORT,6.3,42.7
2026-02-11,competitive,Asia,numbani,Diamond,소전,DAMAGE,11.4,45.1
2026-02-11,competitive,Asia,numbani,Diamond,솔저: 76,DAMAGE,16.6,48.4
2026-02-11,competitive,Asia,numbani,Diamond,솜브라,DAMAGE,6.1,53.1
2026-02-11,competitive,Asia,numbani,Diamond,시그마,TANK,13.8,54.2
2026-02-11,competitive,Asia,numbani,Diamond,시메트라,DAMAGE,3.7,45.0
2026-02-11,competitive,Asia,numbani,Diamond,아나,SUPPORT,69.2,52.0
2026-02-11,competitive,Asia,numbani,Diamond,안란,DAMAGE,0.0,100.0
2026-02-11,competitive,Asia,numbani,Diamond,애쉬,DAMAGE,27.4,52.8
2026-02-11,competitive,Asia,numbani,Diamond,에코,DAMAGE,12.5,54.6
2026-02-11,competitive,Asia,numbani,Diamond,엠레,DAMAGE,-1.0,-1.0
2026-02-11,competitive,Asia,numbani,Diamond,오리사,TANK,5.6,41.6
2026-02-11,competitive,Asia,numbani,Diamond,우양,SUPPORT,18.3,52.6
2026-02-11,competitive,Asia,numbani,Diamond,위도우메이커,DAMAGE,3.0,38.3
2026-02-11,competitive,Asia,numbani,Diamond,윈스턴,TANK,23.7,54.5
2026-02-11,competitive,Asia,numbani,Diamond,일리아리,SUPPORT,19.4,56.9
2026-02-11,competitive,Asia,numbani,Diamond,자리야,TANK,6.6,45.8
2026-02-11,competitive,Asia,numbani,Diamond,정커퀸,TANK,1.9,42.2
2026-02-11,competitive,Asia,numbani,Diamond,정크랫,DAMAGE,3.6,46.2
2026-02-11,competitive,Asia,numbani,Diamond,제트팩 캣,SUPPORT,-1.0,-1.0
2026-02-11,competitive,Asia,numbani,Diamond,젠야타,SUPPORT,12.1,47.5
2026-02-11,competitive,Asia,numbani,Diamond,주노,SUPPORT,4.0,42.5
2026-02-11,competitive,Asia,numbani,Diamond,캐서디,DAMAGE,24.0,42.6
2026-02-11,competitive,Asia,numbani,Diamond,키리코,SUPPORT,36.7,46.2
2026-02-11,competitive,Asia,numbani,Diamond,토르비욘,DAMAGE,4.0,39.6
2026-02-11,competitive,Asia,numbani,Diamond,트레이서,DAMAGE,9.9,49.2
2026-02-11,competitive,Asia,numbani,Diamond,파라,DAMAGE,4.4,53.0
2026-02-11,competitive,Asia,numbani,Diamond,프레야,DAMAGE,7.7,47.3
2026-02-11,competitive,Asia,numbani,Diamond,한조,DAMAGE,11.6,46.9
2026-02-11,competitive,Asia,numbani,Diamond,해저드,TANK,5.4,49.0
2026-02-11,competitive,Asia,numbani,Master,D.Va,TANK,9.7,49.7
2026-02-11,competitive,Asia,numbani,Master,겐지,DAMAGE,22.5,49.0
2026-02-11,competitive,Asia,numbani,Master,도미나,TANK,-1.0,-1.0
2026-02-11,competitive,Asia,numbani,Master,둠피스트,TANK,12.9,45.0
2026-02-11,competitive,Asia,numbani,Master,라마트라,TANK,1.4,35.2
2026-02-11,competitive,Asia,numbani,Master,라이프위버,SUPPORT,3.7,33.1
2026-02-11,competitive,Asia,numbani,Master,라인하르트,TANK,4.0,36.0
2026-02-11,competitive,Asia,numbani,Master,레킹볼,TANK,4.7,41.5
2026-02-11,competitive,Asia,numbani,Master,로드호그,TANK,4.4,35.1
2026-02-11,competitive,Asia,numbani,Master,루시우,SUPPORT,2.5,38.2
2026-02-11,competitive,Asia,numbani,Master,리퍼,DAMAGE,6.9,50.2
2026-02-11,competitive,Asia,numbani,Master,마우가,TANK,1.7,34.9
2026-02-11,competitive,Asia,numbani,Master,메르시,SUPPORT,8.8,45.8
2026-02-11,competitive,Asia,numbani,Master,메이,DAMAGE,4.2,48.2
2026-02-11,competitive,Asia,numbani,Master,모이라,SUPPORT,2.7,45.1
2026-02-11,competitive,Asia,numbani,Master,미즈키,SUPPORT,-1.0,-1.0
2026-02-11,competitive,Asia,numbani,Master,바스티온,DAMAGE,5.2,39.7
2026-02-11,competitive,Asia,numbani,Master,바티스트,SUPPORT,12.9,50.0
2026-02-11,competitive,Asia,numbani,Master,벤데타,DAMAGE,3.3,53.9
2026-02-11,competitive,Asia,numbani,Master,벤처,DAMAGE,5.2,44.0
2026-02-11,competitive,Asia,numbani,Master,브리기테,SUPPORT,7.2,41.7
2026-02-11,competitive,Asia,numbani,Master,소전,DAMAGE,11.4,42.6
2026-02-11,competitive,Asia,numbani,Master,솔저: 76,DAMAGE,12.7,48.9
2026-02-11,competitive,Asia,numbani,Master,솜브라,DAMAGE,5.9,49.5
2026-02-11,competitive,Asia,numbani,Master,시그마,TANK,13.9,55.2
2026-02-11,competitive,Asia,numbani,Master,시메트라,DAMAGE,3.1,46.9
2026-02-11,competitive,Asia,numbani,Master,아나,SUPPORT,68.6,52.5
2026-02-11,competitive,Asia,numbani,Master,안란,DAMAGE,-1.0,-1.0
2026-02-11,competitive,Asia,numbani,Master,애쉬,DAMAGE,32.2,54.6
2026-02-11,competitive,Asia,numbani,Master,에코,DAMAGE,15.2,56.2
2026-02-11,competitive,Asia,numbani,Master,엠레,DAMAGE,-1.0,-1.0
2026-02-11,competitive,Asia,numbani,Master,오리사,TANK,4.1,42.5
2026-02-11,competitive,Asia,numbani,Master,우양,SUPPORT,23.3,50.9
2026-02-11,competitive,Asia,numbani,Master,위도우메이커,DAMAGE,3.1,41.1
2026-02-11,competitive,Asia,numbani,Master,윈스턴,TANK,30.8,58.3
2026-02-11,competitive,Asia,numbani,Master,일리아리,SUPPORT,22.0,61.4
2026-02-11,competitive,Asia,numbani,Master,자리야,TANK,5.2,46.6
2026-02-11,competitive,Asia,numbani,Master,정커퀸,TANK,1.8,50.2
2026-02-11,competitive,Asia,numbani,Master,정크랫,DAMAGE,3.0,44.6
2026-02-11,competitive,Asia,numbani,Master,제트팩 캣,SUPPORT,-1.0,-1.0
2026-02-11,competitive,Asia,numbani,Master,젠야타,SUPPORT,9.7,44.8
2026-02-11,competitive,Asia,numbani,Master,주노,SUPPORT,2.2,49.9
2026-02-11,competitive,Asia,numbani,Master,캐서디,DAMAGE,20.7,45.0
2026-02-11,competitive,Asia,numbani,Master,키리코,SUPPORT,36.4,44.5
2026-02-11,competitive,Asia,numbani,Master,토르비욘,DAMAGE,3.8,42.2
2026-02-11,competitive,Asia,numbani,Master,트레이서,DAMAGE,17.9,51.4
2026-02-11,competitive,Asia,numbani,Master,파라,DAMAGE,4.2,51.5
2026-02-11,competitive,Asia,numbani,Master,프레야,DAMAGE,7.6,45.4
2026-02-11,competitive,Asia,numbani,Master,한조,DAMAGE,12.0,47.9
2026-02-11,competitive,Asia,numbani,Master,해저드,TANK,5.5,50.3
2026-02-11,competitive,Asia,numbani,Grandmaster,D.Va,TANK,8.0,54.0
2026-02-11,competitive,Asia,numbani,Grandmaster,겐지,DAMAGE,13.8,46.7
2026-02-11,competitive,Asia,numbani,Grandmaster,도미나,TANK,-1.0,-1.0
2026-02-11,competitive,Asia,numbani,Grandmaster,둠피스트,TANK,12.5,42.8
2026-02-11,competitive,Asia,numbani,Grandmaster,라마트라,TANK,1.2,55.3
2026-02-11,competitive,Asia,numbani,Grandmaster,라이프위버,SUPPORT,1.7,23.5
2026-02-11,competitive,Asia,numbani,Grandmaster,라인하르트,TANK,3.5,34.8
2026-02-11,competitive,Asia,numbani,Grandmaster,레킹볼,TANK,5.5,56.1
2026-02-11,competitive,Asia,numbani,Grandmaster,로드호그,TANK,2.5,23.7
2026-02-11,competitive,Asia,numbani,Grandmaster,루시우,SUPPORT,3.2,46.3
2026-02-11,competitive,Asia,numbani,Grandmaster,리퍼,DAMAGE,3.4,41.1
2026-02-11,competitive,Asia,numbani,Grandmaster,마우가,TANK,1.2,45.1
2026-02-11,competitive,Asia,numbani,Grandmaster,메르시,SUPPORT,6.1,39.3
2026-02-11,competitive,Asia,numbani,Grandmaster,메이,DAMAGE,3.8,34.6
2026-02-11,competitive,Asia,numbani,Grandmaster,모이라,SUPPORT,2.4,26.1
2026-02-11,competitive,Asia,numbani,Grandmaster,미즈키,SUPPORT,-1.0,-1.0
2026-02-11,competitive,Asia,numbani,Grandmaster,바스티온,DAMAGE,3.7,49.2
2026-02-11,competitive,Asia,numbani,Grandmaster,바티스트,SUPPORT,16.4,49.5
2026-02-11,competitive,Asia,numbani,Grandmaster,벤데타,DAMAGE,4.5,51.7
2026-02-11,competitive,Asia,numbani,Grandmaster,벤처,DAMAGE,4.7,49.0
2026-02-11,competitive,Asia,numbani,Grandmaster,브리기테,SUPPORT,8.2,44.1
2026-02-11,competitive,Asia,numbani,Grandmaster,소전,DAMAGE,9.8,47.7
2026-02-11,competitive,Asia,numbani,Grandmaster,솔저: 76,DAMAGE,9.7,52.7
2026-02-11,competitive,Asia,numbani,Grandmaster,솜브라,DAMAGE,4.8,41.3
2026-02-11,competitive,Asia,numbani,Grandmaster,시그마,TANK,17.6,49.8
2026-02-11,competitive,Asia,numbani,Grandmaster,시메트라,DAMAGE,3.6,47.6
2026-02-11,competitive,Asia,numbani,Grandmaster,아나,SUPPORT,68.3,52.0
2026-02-11,competitive,Asia,numbani,Grandmaster,안란,DAMAGE,-1.0,-1.0
2026-02-11,competitive,Asia,numbani,Grandmaster,애쉬,DAMAGE,38.8,51.7
2026-02-11,competitive,Asia,numbani,Grandmaster,에코,DAMAGE,17.1,49.7
2026-02-11,competitive,Asia,numbani,Grandmaster,엠레,DAMAGE,-1.0,-1.0
2026-02-11,competitive,Asia,numbani,Grandmaster,오리사,TANK,3.2,54.9
2026-02-11,competitive,Asia,numbani,Grandmaster,우양,SUPPORT,27.6,54.9
2026-02-11,competitive,Asia,numbani,Grandmaster,위도우메이커,DAMAGE,3.0,31.4
2026-02-11,competitive,Asia,numbani,Grandmaster,윈스턴,TANK,32.9,51.9
2026-02-11,competitive,Asia,numbani,Grandmaster,일리아리,SUPPORT,20.9,53.9
2026-02-11,competitive,Asia,numbani,Grandmaster,자리야,TANK,7.0,44.8
2026-02-11,competitive,Asia,numbani,Grandmaster,정커퀸,TANK,0.6,46.6
2026-02-11,competitive,Asia,numbani,Grandmaster,정크랫,DAMAGE,3.4,34.4
2026-02-11,competitive,Asia,numbani,Grandmaster,제트팩 캣,SUPPORT,-1.0,-1.0
2026-02-11,competitive,Asia,numbani,Grandmaster,젠야타,SUPPORT,7.6,49.1
2026-02-11,competitive,Asia,numbani,Grandmaster,주노,SUPPORT,1.7,55.0
2026-02-11,competitive,Asia,numbani,Grandmaster,캐서디,DAMAGE,18.2,39.8
2026-02-11,competitive,Asia,numbani,Grandmaster,키리코,SUPPORT,35.8,45.0
2026-02-11,competitive,Asia,numbani,Grandmaster,토르비욘,DAMAGE,2.3,21.6
2026-02-11,competitive,Asia,numbani,Grandmaster,트레이서,DAMAGE,30.1,57.8
2026-02-11,competitive,Asia,numbani,Grandmaster,파라,DAMAGE,3.7,49.7
2026-02-11,competitive,Asia,numbani,Grandmaster,프레야,DAMAGE,7.9,48.1
2026-02-11,competitive,Asia,numbani,Grandmaster,한조,DAMAGE,13.7,49.6
2026-02-11,competitive,Asia,numbani,Grandmaster,해저드,TANK,4.1,43.1
2026-02-11,competitive,Asia,midtown,All,D.Va,TANK,6.1,47.3
2026-02-11,competitive,Asia,midtown,All,겐지,DAMAGE,14.5,51.5
2026-02-11,competitive,Asia,midtown,All,도미나,TANK,-1.0,-1.0
2026-02-11,competitive,Asia,midtown,All,둠피스트,TANK,5.6,48.7
2026-02-11,competitive,Asia,midtown,All,라마트라,TANK,8.5,47.2
2026-02-11,competitive,Asia,midtown,All,라이프위버,SUPPORT,5.2,41.4
2026-02-11,competitive,Asia,midtown,All,라인하르트,TANK,9.6,47.4
2026-02-11,competitive,Asia,midtown,All,레킹볼,TANK,2.7,44.9
2026-02-11,competitive,Asia,midtown,All,로드호그,TANK,4.8,40.2
2026-02-11,competitive,Asia,midtown,All,루시우,SUPPORT,3.8,43.8
2026-02-11,competitive,Asia,midtown,All,리퍼,DAMAGE,8.7,47.9
2026-02-11,competitive,Asia,midtown,All,마우가,TANK,3.1,43.4
2026-02-11,competitive,Asia,midtown,All,메르시,SUPPORT,10.3,46.3
2026-02-11,competitive,Asia,midtown,All,메이,DAMAGE,9.4,49.3
2026-02-11,competitive,Asia,midtown,All,모이라,SUPPORT,13.1,43.2
2026-02-11,competitive,Asia,midtown,All,미즈키,SUPPORT,-1.0,-1.0
2026-02-11,competitive,Asia,midtown,All,바스티온,DAMAGE,13.9,47.6
2026-02-11,competitive,Asia,midtown,All,바티스트,SUPPORT,12.4,46.7
2026-02-11,competitive,Asia,midtown,All,벤데타,DAMAGE,3.4,55.4
2026-02-11,competitive,Asia,midtown,All,벤처,DAMAGE,5.0,49.6
2026-02-11,competitive,Asia,midtown,All,브리기테,SUPPORT,2.7,46.4
2026-02-11,competitive,Asia,midtown,All,소전,DAMAGE,18.9,46.0
2026-02-11,competitive,Asia,midtown,All,솔저: 76,DAMAGE,19.1,47.5
2026-02-11,competitive,Asia,midtown,All,솜브라,DAMAGE,3.7,51.9
2026-02-11,competitive,Asia,midtown,All,시그마,TANK,23.9,57.2
2026-02-11,competitive,Asia,midtown,All,시메트라,DAMAGE,6.8,53.1
2026-02-11,competitive,Asia,midtown,All,아나,SUPPORT,59.0,51.4
2026-02-11,competitive,Asia,midtown,All,안란,DAMAGE,0.0,22.1
2026-02-11,competitive,Asia,midtown,All,애쉬,DAMAGE,24.2,52.2
2026-02-11,competitive,Asia,midtown,All,에코,DAMAGE,5.1,49.8
2026-02-11,competitive,Asia,midtown,All,엠레,DAMAGE,-1.0,-1.0
2026-02-11,competitive,Asia,midtown,All,오리사,TANK,12.7,44.3
2026-02-11,competitive,Asia,midtown,All,우양,SUPPORT,17.9,51.9
2026-02-11,competitive,Asia,midtown,All,위도우메이커,DAMAGE,4.4,46.7
2026-02-11,competitive,Asia,midtown,All,윈스턴,TANK,6.1,45.2
2026-02-11,competitive,Asia,midtown,All,일리아리,SUPPORT,20.0,55.4
2026-02-11,competitive,Asia,midtown,All,자리야,TANK,11.1,52.1
2026-02-11,competitive,Asia,midtown,All,정커퀸,TANK,3.7,50.0
2026-02-11,competitive,Asia,midtown,All,정크랫,DAMAGE,6.9,45.8
2026-02-11,competitive,Asia,midtown,All,제트팩 캣,SUPPORT,-1.0,-1.0
2026-02-11,competitive,Asia,midtown,All,젠야타,SUPPORT,16.7,51.7
2026-02-11,competitive,Asia,midtown,All,주노,SUPPORT,8.6,46.9
2026-02-11,competitive,Asia,midtown,All,캐서디,DAMAGE,20.9,45.5
2026-02-11,competitive,Asia,midtown,All,키리코,SUPPORT,30.2,45.0
2026-02-11,competitive,Asia,midtown,All,토르비욘,DAMAGE,5.1,47.5
2026-02-11,competitive,Asia,midtown,All,트레이서,DAMAGE,5.7,48.0
2026-02-11,competitive,Asia,midtown,All,파라,DAMAGE,5.2,48.6
2026-02-11,competitive,Asia,midtown,All,프레야,DAMAGE,5.9,46.5
2026-02-11,competitive,Asia,midtown,All,한조,DAMAGE,13.1,49.2
2026-02-11,competitive,Asia,midtown,All,해저드,TANK,2.1,46.4
2026-02-11,competitive,Asia,midtown,Bronze,D.Va,TANK,9.2,49.4
2026-02-11,competitive,Asia,midtown,Bronze,겐지,DAMAGE,10.6,52.6
2026-02-11,competitive,Asia,midtown,Bronze,도미나,TANK,-1.0,-1.0
2026-02-11,competitive,Asia,midtown,Bronze,둠피스트,TANK,3.3,56.7
2026-02-11,competitive,Asia,midtown,Bronze,라마트라,TANK,9.8,47.1
2026-02-11,competitive,Asia,midtown,Bronze,라이프위버,SUPPORT,4.9,43.1
2026-02-11,competitive,Asia,midtown,Bronze,라인하르트,TANK,9.6,50.5
2026-02-11,competitive,Asia,midtown,Bronze,레킹볼,TANK,2.8,44.4
2026-02-11,competitive,Asia,midtown,Bronze,로드호그,TANK,5.6,47.8
2026-02-11,competitive,Asia,midtown,Bronze,루시우,SUPPORT,7.3,44.7
2026-02-11,competitive,Asia,midtown,Bronze,리퍼,DAMAGE,11.0,50.7
2026-02-11,competitive,Asia,midtown,Bronze,마우가,TANK,4.9,43.1
2026-02-11,competitive,Asia,midtown,Bronze,메르시,SUPPORT,13.7,46.1
2026-02-11,competitive,Asia,midtown,Bronze,메이,DAMAGE,7.9,50.0
2026-02-11,competitive,Asia,midtown,Bronze,모이라,SUPPORT,23.5,43.6
2026-02-11,competitive,Asia,midtown,Bronze,미즈키,SUPPORT,-1.0,-1.0
2026-02-11,competitive,Asia,midtown,Bronze,바스티온,DAMAGE,24.0,48.1
2026-02-11,competitive,Asia,midtown,Bronze,바티스트,SUPPORT,9.8,46.7
2026-02-11,competitive,Asia,midtown,Bronze,벤데타,DAMAGE,3.0,59.7
2026-02-11,competitive,Asia,midtown,Bronze,벤처,DAMAGE,4.3,52.4
2026-02-11,competitive,Asia,midtown,Bronze,브리기테,SUPPORT,2.3,44.3
2026-02-11,competitive,Asia,midtown,Bronze,소전,DAMAGE,21.7,42.7
2026-02-11,competitive,Asia,midtown,Bronze,솔저: 76,DAMAGE,23.8,47.7
2026-02-11,competitive,Asia,midtown,Bronze,솜브라,DAMAGE,2.9,47.9
2026-02-11,competitive,Asia,midtown,Bronze,시그마,TANK,22.3,54.5
2026-02-11,competitive,Asia,midtown,Bronze,시메트라,DAMAGE,5.5,54.6
2026-02-11,competitive,Asia,midtown,Bronze,아나,SUPPORT,37.3,52.4
2026-02-11,competitive,Asia,midtown,Bronze,안란,DAMAGE,0.0,0.0
2026-02-11,competitive,Asia,midtown,Bronze,애쉬,DAMAGE,17.8,51.6
2026-02-11,competitive,Asia,midtown,Bronze,에코,DAMAGE,4.7,47.7
2026-02-11,competitive,Asia,midtown,Bronze,엠레,DAMAGE,-1.0,-1.0
2026-02-11,competitive,Asia,midtown,Bronze,오리사,TANK,16.8,43.3
2026-02-11,competitive,Asia,midtown,Bronze,우양,SUPPORT,17.7,51.1
2026-02-11,competitive,Asia,midtown,Bronze,위도우메이커,DAMAGE,3.8,49.9
2026-02-11,competitive,Asia,midtown,Bronze,윈스턴,TANK,4.4,44.2
2026-02-11,competitive,Asia,midtown,Bronze,일리아리,SUPPORT,18.2,55.5
2026-02-11,competitive,Asia,midtown,Bronze,자리야,TANK,5.7,54.3
2026-02-11,competitive,Asia,midtown,Bronze,정커퀸,TANK,3.5,49.4
2026-02-11,competitive,Asia,midtown,Bronze,정크랫,DAMAGE,11.4,48.4
2026-02-11,competitive,Asia,midtown,Bronze,제트팩 캣,SUPPORT,-1.0,-1.0
2026-02-11,competitive,Asia,midtown,Bronze,젠야타,SUPPORT,14.6,53.7
2026-02-11,competitive,Asia,midtown,Bronze,주노,SUPPORT,18.6,47.7
2026-02-11,competitive,Asia,midtown,Bronze,캐서디,DAMAGE,15.8,48.7
2026-02-11,competitive,Asia,midtown,Bronze,키리코,SUPPORT,32.2,47.2
2026-02-11,competitive,Asia,midtown,Bronze,토르비욘,DAMAGE,5.8,47.9
2026-02-11,competitive,Asia,midtown,Bronze,트레이서,DAMAGE,3.6,47.2
2026-02-11,competitive,Asia,midtown,Bronze,파라,DAMAGE,7.1,47.1
2026-02-11,competitive,Asia,midtown,Bronze,프레야,DAMAGE,6.3,47.3
2026-02-11,competitive,Asia,midtown,Bronze,한조,DAMAGE,8.9,51.1
2026-02-11,competitive,Asia,midtown,Bronze,해저드,TANK,2.0,52.3
2026-02-11,competitive,Asia,midtown,Silver,D.Va,TANK,7.6,44.6
2026-02-11,competitive,Asia,midtown,Silver,겐지,DAMAGE,12.1,54.0
2026-02-11,competitive,Asia,midtown,Silver,도미나,TANK,-1.0,-1.0
2026-02-11,competitive,Asia,midtown,Silver,둠피스트,TANK,3.8,51.5
2026-02-11,competitive,Asia,midtown,Silver,라마트라,TANK,9.4,46.8
2026-02-11,competitive,Asia,midtown,Silver,라이프위버,SUPPORT,5.8,46.5
2026-02-11,competitive,Asia,midtown,Silver,라인하르트,TANK,10.1,49.1
2026-02-11,competitive,Asia,midtown,Silver,레킹볼,TANK,2.6,47.6
2026-02-11,competitive,Asia,midtown,Silver,로드호그,TANK,4.9,44.1
2026-02-11,competitive,Asia,midtown,Silver,루시우,SUPPORT,5.8,44.3
2026-02-11,competitive,Asia,midtown,Silver,리퍼,DAMAGE,11.4,48.6
2026-02-11,competitive,Asia,midtown,Silver,마우가,TANK,3.9,43.8
2026-02-11,competitive,Asia,midtown,Silver,메르시,SUPPORT,14.2,45.4
2026-02-11,competitive,Asia,midtown,Silver,메이,DAMAGE,9.3,50.4
2026-02-11,competitive,Asia,midtown,Silver,모이라,SUPPORT,19.8,43.4
2026-02-11,competitive,Asia,midtown,Silver,미즈키,SUPPORT,-1.0,-1.0
2026-02-11,competitive,Asia,midtown,Silver,바스티온,DAMAGE,18.1,46.2
2026-02-11,competitive,Asia,midtown,Silver,바티스트,SUPPORT,10.6,47.1
2026-02-11,competitive,Asia,midtown,Silver,벤데타,DAMAGE,3.6,55.0
2026-02-11,competitive,Asia,midtown,Silver,벤처,DAMAGE,4.5,50.1
2026-02-11,competitive,Asia,midtown,Silver,브리기테,SUPPORT,2.6,47.6
2026-02-11,competitive,Asia,midtown,Silver,소전,DAMAGE,19.0,46.3
2026-02-11,competitive,Asia,midtown,Silver,솔저: 76,DAMAGE,24.2,46.2
2026-02-11,competitive,Asia,midtown,Silver,솜브라,DAMAGE,2.9,53.9
2026-02-11,competitive,Asia,midtown,Silver,시그마,TANK,23.0,55.9
2026-02-11,competitive,Asia,midtown,Silver,시메트라,DAMAGE,6.6,53.7
2026-02-11,competitive,Asia,midtown,Silver,아나,SUPPORT,48.1,50.0
2026-02-11,competitive,Asia,midtown,Silver,안란,DAMAGE,-1.0,-1.0
2026-02-11,competitive,Asia,midtown,Silver,애쉬,DAMAGE,20.4,53.1
2026-02-11,competitive,Asia,midtown,Silver,에코,DAMAGE,4.5,51.1
2026-02-11,competitive,Asia,midtown,Silver,엠레,DAMAGE,-1.0,-1.0
2026-02-11,competitive,Asia,midtown,Silver,오리사,TANK,15.5,44.6
2026-02-11,competitive,Asia,midtown,Silver,우양,SUPPORT,15.8,53.1
2026-02-11,competitive,Asia,midtown,Silver,위도우메이커,DAMAGE,3.4,47.5
2026-02-11,competitive,Asia,midtown,Silver,윈스턴,TANK,4.9,46.1
2026-02-11,competitive,Asia,midtown,Silver,일리아리,SUPPORT,17.6,55.9
2026-02-11,competitive,Asia,midtown,Silver,자리야,TANK,8.1,53.6
2026-02-11,competitive,Asia,midtown,Silver,정커퀸,TANK,3.9,51.6
2026-02-11,competitive,Asia,midtown,Silver,정크랫,DAMAGE,10.0,44.7
2026-02-11,competitive,Asia,midtown,Silver,제트팩 캣,SUPPORT,-1.0,-1.0
2026-02-11,competitive,Asia,midtown,Silver,젠야타,SUPPORT,13.7,52.8
2026-02-11,competitive,Asia,midtown,Silver,주노,SUPPORT,13.4,47.6
2026-02-11,competitive,Asia,midtown,Silver,캐서디,DAMAGE,18.3,47.2
2026-02-11,competitive,Asia,midtown,Silver,키리코,SUPPORT,32.7,46.9
2026-02-11,competitive,Asia,midtown,Silver,토르비욘,DAMAGE,5.6,47.7
2026-02-11,competitive,Asia,midtown,Silver,트레이서,DAMAGE,4.2,48.4
2026-02-11,competitive,Asia,midtown,Silver,파라,DAMAGE,6.0,47.6
2026-02-11,competitive,Asia,midtown,Silver,프레야,DAMAGE,5.6,46.8
2026-02-11,competitive,Asia,midtown,Silver,한조,DAMAGE,10.2,49.6
2026-02-11,competitive,Asia,midtown,Silver,해저드,TANK,2.2,44.6
2026-02-11,competitive,Asia,midtown,Gold,D.Va,TANK,6.0,45.8
2026-02-11,competitive,Asia,midtown,Gold,겐지,DAMAGE,14.2,51.7
2026-02-11,competitive,Asia,midtown,Gold,도미나,TANK,-1.0,-1.0
2026-02-11,competitive,Asia,midtown,Gold,둠피스트,TANK,4.7,50.8
2026-02-11,competitive,Asia,midtown,Gold,라마트라,TANK,8.8,48.3
2026-02-11,competitive,Asia,midtown,Gold,라이프위버,SUPPORT,5.8,41.1
2026-02-11,competitive,Asia,midtown,Gold,라인하르트,TANK,10.5,47.8
2026-02-11,competitive,Asia,midtown,Gold,레킹볼,TANK,2.7,48.8
2026-02-11,competitive,Asia,midtown,Gold,로드호그,TANK,4.9,40.4
2026-02-11,competitive,Asia,midtown,Gold,루시우,SUPPORT,3.9,43.9
2026-02-11,competitive,Asia,midtown,Gold,리퍼,DAMAGE,9.6,46.5
2026-02-11,competitive,Asia,midtown,Gold,마우가,TANK,3.4,44.3
2026-02-11,competitive,Asia,midtown,Gold,메르시,SUPPORT,11.3,46.4
2026-02-11,competitive,Asia,midtown,Gold,메이,DAMAGE,9.8,49.7
2026-02-11,competitive,Asia,midtown,Gold,모이라,SUPPORT,14.9,43.0
2026-02-11,competitive,Asia,midtown,Gold,미즈키,SUPPORT,-1.0,-1.0
2026-02-11,competitive,Asia,midtown,Gold,바스티온,DAMAGE,14.7,46.8
2026-02-11,competitive,Asia,midtown,Gold,바티스트,SUPPORT,11.2,46.0
2026-02-11,competitive,Asia,midtown,Gold,벤데타,DAMAGE,3.7,56.5
2026-02-11,competitive,Asia,midtown,Gold,벤처,DAMAGE,4.7,49.2
2026-02-11,competitive,Asia,midtown,Gold,브리기테,SUPPORT,2.7,47.0
2026-02-11,competitive,Asia,midtown,Gold,소전,DAMAGE,18.0,45.7
2026-02-11,competitive,Asia,midtown,Gold,솔저: 76,DAMAGE,21.0,47.2
2026-02-11,competitive,Asia,midtown,Gold,솜브라,DAMAGE,3.3,53.8
2026-02-11,competitive,Asia,midtown,Gold,시그마,TANK,23.3,56.4
2026-02-11,competitive,Asia,midtown,Gold,시메트라,DAMAGE,6.9,52.7
2026-02-11,competitive,Asia,midtown,Gold,아나,SUPPORT,58.4,51.6
2026-02-11,competitive,Asia,midtown,Gold,안란,DAMAGE,0.0,0.0
2026-02-11,competitive,Asia,midtown,Gold,애쉬,DAMAGE,23.7,52.1
2026-02-11,competitive,Asia,midtown,Gold,에코,DAMAGE,4.5,47.1
2026-02-11,competitive,Asia,midtown,Gold,엠레,DAMAGE,-1.0,-1.0
2026-02-11,competitive,Asia,midtown,Gold,오리사,TANK,13.9,44.0
2026-02-11,competitive,Asia,midtown,Gold,우양,SUPPORT,16.4,52.5
2026-02-11,competitive,Asia,midtown,Gold,위도우메이커,DAMAGE,3.7,47.1
2026-02-11,competitive,Asia,midtown,Gold,윈스턴,TANK,5.4,44.5
2026-02-11,competitive,Asia,midtown,Gold,일리아리,SUPPORT,18.7,55.2
2026-02-11,competitive,Asia,midtown,Gold,자리야,TANK,10.3,50.3
2026-02-11,competitive,Asia,midtown,Gold,정커퀸,TANK,3.9,50.3
2026-02-11,competitive,Asia,midtown,Gold,정크랫,DAMAGE,7.5,44.5
2026-02-11,competitive,Asia,midtown,Gold,제트팩 캣,SUPPORT,-1.0,-1.0
2026-02-11,competitive,Asia,midtown,Gold,젠야타,SUPPORT,15.3,52.4
2026-02-11,competitive,Asia,midtown,Gold,주노,SUPPORT,9.2,45.9
2026-02-11,competitive,Asia,midtown,Gold,캐서디,DAMAGE,21.0,45.9
2026-02-11,competitive,Asia,midtown,Gold,키리코,SUPPORT,32.2,45.2
2026-02-11,competitive,Asia,midtown,Gold,토르비욘,DAMAGE,5.6,49.4
2026-02-11,competitive,Asia,midtown,Gold,트레이서,DAMAGE,4.7,47.7
2026-02-11,competitive,Asia,midtown,Gold,파라,DAMAGE,5.2,49.4
2026-02-11,competitive,Asia,midtown,Gold,프레야,DAMAGE,5.8,46.2
2026-02-11,competitive,Asia,midtown,Gold,한조,DAMAGE,12.4,50.0
2026-02-11,competitive,Asia,midtown,Gold,해저드,TANK,2.0,46.8
2026-02-11,competitive,Asia,midtown,Platinum,D.Va,TANK,5.1,48.7
2026-02-11,competitive,Asia,midtown,Platinum,겐지,DAMAGE,15.7,51.2
2026-02-11,competitive,Asia,midtown,Platinum,도미나,TANK,-1.0,-1.0
2026-02-11,competitive,Asia,midtown,Platinum,둠피스트,TANK,6.0,47.4
2026-02-11,competitive,Asia,midtown,Platinum,라마트라,TANK,8.2,46.3
2026-02-11,competitive,Asia,midtown,Platinum,라이프위버,SUPPORT,5.2,40.5
2026-02-11,competitive,Asia,midtown,Platinum,라인하르트,TANK,9.6,47.2
2026-02-11,competitive,Asia,midtown,Platinum,레킹볼,TANK,2.7,44.0
2026-02-11,competitive,Asia,midtown,Platinum,로드호그,TANK,4.9,38.0
2026-02-11,competitive,Asia,midtown,Platinum,루시우,SUPPORT,2.7,43.0
2026-02-11,competitive,Asia,midtown,Platinum,리퍼,DAMAGE,7.7,48.3
2026-02-11,competitive,Asia,midtown,Platinum,마우가,TANK,2.5,42.0
2026-02-11,competitive,Asia,midtown,Platinum,메르시,SUPPORT,8.8,47.6
2026-02-11,competitive,Asia,midtown,Platinum,메이,DAMAGE,9.9,48.6
2026-02-11,competitive,Asia,midtown,Platinum,모이라,SUPPORT,9.9,43.4
2026-02-11,competitive,Asia,midtown,Platinum,미즈키,SUPPORT,-1.0,-1.0
2026-02-11,competitive,Asia,midtown,Platinum,바스티온,DAMAGE,11.5,48.1
2026-02-11,competitive,Asia,midtown,Platinum,바티스트,SUPPORT,12.8,46.8
2026-02-11,competitive,Asia,midtown,Platinum,벤데타,DAMAGE,3.3,55.5
2026-02-11,competitive,Asia,midtown,Platinum,벤처,DAMAGE,5.1,49.4
2026-02-11,competitive,Asia,midtown,Platinum,브리기테,SUPPORT,2.7,45.7
2026-02-11,competitive,Asia,midtown,Platinum,소전,DAMAGE,18.0,46.1
2026-02-11,competitive,Asia,midtown,Platinum,솔저: 76,DAMAGE,17.4,47.9
2026-02-11,competitive,Asia,midtown,Platinum,솜브라,DAMAGE,4.0,51.7
2026-02-11,competitive,Asia,midtown,Platinum,시그마,TANK,24.3,58.1
2026-02-11,competitive,Asia,midtown,Platinum,시메트라,DAMAGE,7.2,52.3
2026-02-11,competitive,Asia,midtown,Platinum,아나,SUPPORT,66.2,51.8
2026-02-11,competitive,Asia,midtown,Platinum,안란,DAMAGE,0.0,35.3
2026-02-11,competitive,Asia,midtown,Platinum,애쉬,DAMAGE,26.4,52.0
2026-02-11,competitive,Asia,midtown,Platinum,에코,DAMAGE,4.9,50.2
2026-02-11,competitive,Asia,midtown,Platinum,엠레,DAMAGE,-1.0,-1.0
2026-02-11,competitive,Asia,midtown,Platinum,오리사,TANK,11.4,44.0
2026-02-11,competitive,Asia,midtown,Platinum,우양,SUPPORT,17.7,51.1
2026-02-11,competitive,Asia,midtown,Platinum,위도우메이커,DAMAGE,4.5,46.6
2026-02-11,competitive,Asia,midtown,Platinum,윈스턴,TANK,6.5,45.7
2026-02-11,competitive,Asia,midtown,Platinum,일리아리,SUPPORT,20.6,55.0
2026-02-11,competitive,Asia,midtown,Platinum,자리야,TANK,13.0,51.7
2026-02-11,competitive,Asia,midtown,Platinum,정커퀸,TANK,3.8,50.7
2026-02-11,competitive,Asia,midtown,Platinum,정크랫,DAMAGE,5.3,47.0
2026-02-11,competitive,Asia,midtown,Platinum,제트팩 캣,SUPPORT,-1.0,-1.0
2026-02-11,competitive,Asia,midtown,Platinum,젠야타,SUPPORT,18.1,51.1
2026-02-11,competitive,Asia,midtown,Platinum,주노,SUPPORT,6.2,47.2
2026-02-11,competitive,Asia,midtown,Platinum,캐서디,DAMAGE,23.0,44.8
2026-02-11,competitive,Asia,midtown,Platinum,키리코,SUPPORT,29.3,44.3
2026-02-11,competitive,Asia,midtown,Platinum,토르비욘,DAMAGE,4.9,46.6
2026-02-11,competitive,Asia,midtown,Platinum,트레이서,DAMAGE,5.8,46.8
2026-02-11,competitive,Asia,midtown,Platinum,파라,DAMAGE,4.8,48.8
2026-02-11,competitive,Asia,midtown,Platinum,프레야,DAMAGE,5.8,47.2
2026-02-11,competitive,Asia,midtown,Platinum,한조,DAMAGE,14.9,48.8
2026-02-11,competitive,Asia,midtown,Platinum,해저드,TANK,2.0,45.9
2026-02-11,competitive,Asia,midtown,Diamond,D.Va,TANK,5.2,51.3
2026-02-11,competitive,Asia,midtown,Diamond,겐지,DAMAGE,16.9,49.5
2026-02-11,competitive,Asia,midtown,Diamond,도미나,TANK,-1.0,-1.0
2026-02-11,competitive,Asia,midtown,Diamond,둠피스트,TANK,8.6,46.4
2026-02-11,competitive,Asia,midtown,Diamond,라마트라,TANK,7.7,46.1
2026-02-11,competitive,Asia,midtown,Diamond,라이프위버,SUPPORT,4.1,37.3
2026-02-11,competitive,Asia,midtown,Diamond,라인하르트,TANK,8.2,45.0
2026-02-11,competitive,Asia,midtown,Diamond,레킹볼,TANK,2.8,37.6
2026-02-11,competitive,Asia,midtown,Diamond,로드호그,TANK,4.2,34.7
2026-02-11,competitive,Asia,midtown,Diamond,루시우,SUPPORT,2.1,42.4
2026-02-11,competitive,Asia,midtown,Diamond,리퍼,DAMAGE,5.9,47.0
2026-02-11,competitive,Asia,midtown,Diamond,마우가,TANK,2.3,43.7
2026-02-11,competitive,Asia,midtown,Diamond,메르시,SUPPORT,6.7,46.3
2026-02-11,competitive,Asia,midtown,Diamond,메이,DAMAGE,9.1,49.2
2026-02-11,competitive,Asia,midtown,Diamond,모이라,SUPPORT,5.6,42.8
2026-02-11,competitive,Asia,midtown,Diamond,미즈키,SUPPORT,-1.0,-1.0
2026-02-11,competitive,Asia,midtown,Diamond,바스티온,DAMAGE,9.1,51.2
2026-02-11,competitive,Asia,midtown,Diamond,바티스트,SUPPORT,14.8,46.4
2026-02-11,competitive,Asia,midtown,Diamond,벤데타,DAMAGE,3.0,51.6
2026-02-11,competitive,Asia,midtown,Diamond,벤처,DAMAGE,5.9,49.2
2026-02-11,competitive,Asia,midtown,Diamond,브리기테,SUPPORT,2.9,46.0
2026-02-11,competitive,Asia,midtown,Diamond,소전,DAMAGE,20.1,46.8
2026-02-11,competitive,Asia,midtown,Diamond,솔저: 76,DAMAGE,12.9,49.8
2026-02-11,competitive,Asia,midtown,Diamond,솜브라,DAMAGE,5.0,48.9
2026-02-11,competitive,Asia,midtown,Diamond,시그마,TANK,24.6,60.2
2026-02-11,competitive,Asia,midtown,Diamond,시메트라,DAMAGE,6.6,53.9
2026-02-11,competitive,Asia,midtown,Diamond,아나,SUPPORT,68.0,52.6
2026-02-11,competitive,Asia,midtown,Diamond,안란,DAMAGE,-1.0,-1.0
2026-02-11,competitive,Asia,midtown,Diamond,애쉬,DAMAGE,27.0,51.8
2026-02-11,competitive,Asia,midtown,Diamond,에코,DAMAGE,6.3,51.7
2026-02-11,competitive,Asia,midtown,Diamond,엠레,DAMAGE,-1.0,-1.0
2026-02-11,competitive,Asia,midtown,Diamond,오리사,TANK,9.1,44.6
2026-02-11,competitive,Asia,midtown,Diamond,우양,SUPPORT,21.4,51.4
2026-02-11,competitive,Asia,midtown,Diamond,위도우메이커,DAMAGE,5.7,46.2
2026-02-11,competitive,Asia,midtown,Diamond,윈스턴,TANK,7.8,44.4
2026-02-11,competitive,Asia,midtown,Diamond,일리아리,SUPPORT,23.8,55.9
2026-02-11,competitive,Asia,midtown,Diamond,자리야,TANK,14.3,53.2
2026-02-11,competitive,Asia,midtown,Diamond,정커퀸,TANK,3.2,46.5
2026-02-11,competitive,Asia,midtown,Diamond,정크랫,DAMAGE,4.3,47.1
2026-02-11,competitive,Asia,midtown,Diamond,제트팩 캣,SUPPORT,-1.0,-1.0
2026-02-11,competitive,Asia,midtown,Diamond,젠야타,SUPPORT,20.9,50.5
2026-02-11,competitive,Asia,midtown,Diamond,주노,SUPPORT,3.8,47.6
2026-02-11,competitive,Asia,midtown,Diamond,캐서디,DAMAGE,23.0,43.4
2026-02-11,competitive,Asia,midtown,Diamond,키리코,SUPPORT,25.9,42.2
2026-02-11,competitive,Asia,midtown,Diamond,토르비욘,DAMAGE,4.3,44.7
2026-02-11,competitive,Asia,midtown,Diamond,트레이서,DAMAGE,8.3,48.3
2026-02-11,competitive,Asia,midtown,Diamond,파라,DAMAGE,4.5,49.7
2026-02-11,competitive,Asia,midtown,Diamond,프레야,DAMAGE,6.5,46.3
2026-02-11,competitive,Asia,midtown,Diamond,한조,DAMAGE,15.7,49.0
2026-02-11,competitive,Asia,midtown,Diamond,해저드,TANK,2.0,47.2
2026-02-11,competitive,Asia,midtown,Master,D.Va,TANK,5.4,46.4
2026-02-11,competitive,Asia,midtown,Master,겐지,DAMAGE,16.3,48.8
2026-02-11,competitive,Asia,midtown,Master,도미나,TANK,-1.0,-1.0
2026-02-11,competitive,Asia,midtown,Master,둠피스트,TANK,10.0,44.9
2026-02-11,competitive,Asia,midtown,Master,라마트라,TANK,6.8,50.8
2026-02-11,competitive,Asia,midtown,Master,라이프위버,SUPPORT,3.4,30.3
2026-02-11,competitive,Asia,midtown,Master,라인하르트,TANK,6.3,33.7
2026-02-11,competitive,Asia,midtown,Master,레킹볼,TANK,2.4,36.5
2026-02-11,competitive,Asia,midtown,Master,로드호그,TANK,3.7,39.7
2026-02-11,competitive,Asia,midtown,Master,루시우,SUPPORT,2.2,45.4
2026-02-11,competitive,Asia,midtown,Master,리퍼,DAMAGE,5.1,52.4
2026-02-11,competitive,Asia,midtown,Master,마우가,TANK,1.4,40.9
2026-02-11,competitive,Asia,midtown,Master,메르시,SUPPORT,5.7,42.6
2026-02-11,competitive,Asia,midtown,Master,메이,DAMAGE,6.6,46.6
2026-02-11,competitive,Asia,midtown,Master,모이라,SUPPORT,3.2,43.8
2026-02-11,competitive,Asia,midtown,Master,미즈키,SUPPORT,-1.0,-1.0
2026-02-11,competitive,Asia,midtown,Master,바스티온,DAMAGE,7.3,49.5
2026-02-11,competitive,Asia,midtown,Master,바티스트,SUPPORT,18.9,48.3
2026-02-11,competitive,Asia,midtown,Master,벤데타,DAMAGE,2.6,53.2
2026-02-11,competitive,Asia,midtown,Master,벤처,DAMAGE,6.2,46.5
2026-02-11,competitive,Asia,midtown,Master,브리기테,SUPPORT,3.4,47.6
2026-02-11,competitive,Asia,midtown,Master,소전,DAMAGE,23.2,47.5
2026-02-11,competitive,Asia,midtown,Master,솔저: 76,DAMAGE,9.9,47.9
2026-02-11,competitive,Asia,midtown,Master,솜브라,DAMAGE,5.7,53.1
2026-02-11,competitive,Asia,midtown,Master,시그마,TANK,26.3,59.2
2026-02-11,competitive,Asia,midtown,Master,시메트라,DAMAGE,6.2,53.8
2026-02-11,competitive,Asia,midtown,Master,아나,SUPPORT,64.9,49.7
2026-02-11,competitive,Asia,midtown,Master,안란,DAMAGE,-1.0,-1.0
2026-02-11,competitive,Asia,midtown,Master,애쉬,DAMAGE,27.4,53.1
2026-02-11,competitive,Asia,midtown,Master,에코,DAMAGE,8.8,53.8
2026-02-11,competitive,Asia,midtown,Master,엠레,DAMAGE,-1.0,-1.0
2026-02-11,competitive,Asia,midtown,Master,오리사,TANK,8.3,49.1
2026-02-11,competitive,Asia,midtown,Master,우양,SUPPORT,27.4,51.1
2026-02-11,competitive,Asia,midtown,Master,위도우메이커,DAMAGE,7.5,42.5
2026-02-11,competitive,Asia,midtown,Master,윈스턴,TANK,10.0,48.3
2026-02-11,competitive,Asia,midtown,Master,일리아리,SUPPORT,24.5,57.7
2026-02-11,competitive,Asia,midtown,Master,자리야,TANK,14.1,53.9
2026-02-11,competitive,Asia,midtown,Master,정커퀸,TANK,2.9,45.7
2026-02-11,competitive,Asia,midtown,Master,정크랫,DAMAGE,3.2,44.7
2026-02-11,competitive,Asia,midtown,Master,제트팩 캣,SUPPORT,-1.0,-1.0
2026-02-11,competitive,Asia,midtown,Master,젠야타,SUPPORT,19.7,49.1
2026-02-11,competitive,Asia,midtown,Master,주노,SUPPORT,2.7,43.3
2026-02-11,competitive,Asia,midtown,Master,캐서디,DAMAGE,20.5,44.6
2026-02-11,competitive,Asia,midtown,Master,키리코,SUPPORT,24.0,42.7
2026-02-11,competitive,Asia,midtown,Master,토르비욘,DAMAGE,3.2,41.2
2026-02-11,competitive,Asia,midtown,Master,트레이서,DAMAGE,12.4,51.0
2026-02-11,competitive,Asia,midtown,Master,파라,DAMAGE,5.2,46.4
2026-02-11,competitive,Asia,midtown,Master,프레야,DAMAGE,6.9,42.9
2026-02-11,competitive,Asia,midtown,Master,한조,DAMAGE,15.8,46.3
2026-02-11,competitive,Asia,midtown,Master,해저드,TANK,2.2,48.2
2026-02-11,competitive,Asia,midtown,Grandmaster,D.Va,TANK,7.7,62.8
2026-02-11,competitive,Asia,midtown,Grandmaster,겐지,DAMAGE,12.8,48.4
2026-02-11,competitive,Asia,midtown,Grandmaster,도미나,TANK,-1.0,-1.0
2026-02-11,competitive,Asia,midtown,Grandmaster,둠피스트,TANK,8.9,38.7
2026-02-11,competitive,Asia,midtown,Grandmaster,라마트라,TANK,6.4,51.0
2026-02-11,competitive,Asia,midtown,Grandmaster,라이프위버,SUPPORT,2.1,31.1
2026-02-11,competitive,Asia,midtown,Grandmaster,라인하르트,TANK,6.2,42.3
2026-02-11,competitive,Asia,midtown,Grandmaster,레킹볼,TANK,3.2,35.1
2026-02-11,competitive,Asia,midtown,Grandmaster,로드호그,TANK,1.9,29.0
2026-02-11,competitive,Asia,midtown,Grandmaster,루시우,SUPPORT,3.8,41.9
2026-02-11,competitive,Asia,midtown,Grandmaster,리퍼,DAMAGE,3.4,46.9
2026-02-11,competitive,Asia,midtown,Grandmaster,마우가,TANK,0.7,34.1
2026-02-11,competitive,Asia,midtown,Grandmaster,메르시,SUPPORT,4.3,33.6
2026-02-11,competitive,Asia,midtown,Grandmaster,메이,DAMAGE,6.0,47.5
2026-02-11,competitive,Asia,midtown,Grandmaster,모이라,SUPPORT,3.5,39.7
2026-02-11,competitive,Asia,midtown,Grandmaster,미즈키,SUPPORT,-1.0,-1.0
2026-02-11,competitive,Asia,midtown,Grandmaster,바스티온,DAMAGE,3.8,42.3
2026-02-11,competitive,Asia,midtown,Grandmaster,바티스트,SUPPORT,28.8,48.0
2026-02-11,competitive,Asia,midtown,Grandmaster,벤데타,DAMAGE,5.4,56.2
2026-02-11,competitive,Asia,midtown,Grandmaster,벤처,DAMAGE,6.3,62.6
2026-02-11,competitive,Asia,midtown,Grandmaster,브리기테,SUPPORT,5.4,42.9
2026-02-11,competitive,Asia,midtown,Grandmaster,소전,DAMAGE,22.9,48.6
2026-02-11,competitive,Asia,midtown,Grandmaster,솔저: 76,DAMAGE,7.4,44.5
2026-02-11,competitive,Asia,midtown,Grandmaster,솜브라,DAMAGE,4.6,51.5
2026-02-11,competitive,Asia,midtown,Grandmaster,시그마,TANK,35.6,58.3
2026-02-11,competitive,Asia,midtown,Grandmaster,시메트라,DAMAGE,8.6,57.8
2026-02-11,competitive,Asia,midtown,Grandmaster,아나,SUPPORT,51.7,53.4
2026-02-11,competitive,Asia,midtown,Grandmaster,안란,DAMAGE,-1.0,-1.0
2026-02-11,competitive,Asia,midtown,Grandmaster,애쉬,DAMAGE,31.2,51.2
2026-02-11,competitive,Asia,midtown,Grandmaster,에코,DAMAGE,10.7,46.8
2026-02-11,competitive,Asia,midtown,Grandmaster,엠레,DAMAGE,-1.0,-1.0
2026-02-11,competitive,Asia,midtown,Grandmaster,오리사,TANK,5.4,59.4
2026-02-11,competitive,Asia,midtown,Grandmaster,우양,SUPPORT,32.2,54.8
2026-02-11,competitive,Asia,midtown,Grandmaster,위도우메이커,DAMAGE,11.6,40.6
2026-02-11,competitive,Asia,midtown,Grandmaster,윈스턴,TANK,8.8,40.5
2026-02-11,competitive,Asia,midtown,Grandmaster,일리아리,SUPPORT,26.3,53.0
2026-02-11,competitive,Asia,midtown,Grandmaster,자리야,TANK,12.7,62.9
2026-02-11,competitive,Asia,midtown,Grandmaster,정커퀸,TANK,1.2,35.9
2026-02-11,competitive,Asia,midtown,Grandmaster,정크랫,DAMAGE,3.9,51.0
2026-02-11,competitive,Asia,midtown,Grandmaster,제트팩 캣,SUPPORT,-1.0,-1.0
2026-02-11,competitive,Asia,midtown,Grandmaster,젠야타,SUPPORT,12.9,49.9
2026-02-11,competitive,Asia,midtown,Grandmaster,주노,SUPPORT,1.7,27.5
2026-02-11,competitive,Asia,midtown,Grandmaster,캐서디,DAMAGE,14.2,44.9
2026-02-11,competitive,Asia,midtown,Grandmaster,키리코,SUPPORT,27.2,48.0
2026-02-11,competitive,Asia,midtown,Grandmaster,토르비욘,DAMAGE,1.7,58.0
2026-02-11,competitive,Asia,midtown,Grandmaster,트레이서,DAMAGE,17.9,55.1
2026-02-11,competitive,Asia,midtown,Grandmaster,파라,DAMAGE,3.8,54.6
2026-02-11,competitive,Asia,midtown,Grandmaster,프레야,DAMAGE,8.5,46.0
2026-02-11,competitive,Asia,midtown,Grandmaster,한조,DAMAGE,15.4,41.0
2026-02-11,competitive,Asia,midtown,Grandmaster,해저드,TANK,1.4,20.0
2026-02-11,competitive,Asia,blizzard-world,All,D.Va,TANK,9.5,48.5
2026-02-11,competitive,Asia,blizzard-world,All,겐지,DAMAGE,17.4,51.1
2026-02-11,competitive,Asia,blizzard-world,All,도미나,TANK,-1.0,-1.0
2026-02-11,competitive,Asia,blizzard-world,All,둠피스트,TANK,6.3,51.2
2026-02-11,competitive,Asia,blizzard-world,All,라마트라,TANK,5.9,45.3
2026-02-11,competitive,Asia,blizzard-world,All,라이프위버,SUPPORT,5.7,41.5
2026-02-11,competitive,Asia,blizzard-world,All,라인하르트,TANK,8.3,46.2
2026-02-11,competitive,Asia,blizzard-world,All,레킹볼,TANK,4.8,50.2
2026-02-11,competitive,Asia,blizzard-world,All,로드호그,TANK,5.1,38.5
2026-02-11,competitive,Asia,blizzard-world,All,루시우,SUPPORT,4.5,43.5
2026-02-11,competitive,Asia,blizzard-world,All,리퍼,DAMAGE,10.3,47.9
2026-02-11,competitive,Asia,blizzard-world,All,마우가,TANK,3.1,44.6
2026-02-11,competitive,Asia,blizzard-world,All,메르시,SUPPORT,12.6,46.4
2026-02-11,competitive,Asia,blizzard-world,All,메이,DAMAGE,7.5,47.1
2026-02-11,competitive,Asia,blizzard-world,All,모이라,SUPPORT,14.0,42.7
2026-02-11,competitive,Asia,blizzard-world,All,미즈키,SUPPORT,-1.0,-1.0
2026-02-11,competitive,Asia,blizzard-world,All,바스티온,DAMAGE,11.7,45.3
2026-02-11,competitive,Asia,blizzard-world,All,바티스트,SUPPORT,10.7,46.4
2026-02-11,competitive,Asia,blizzard-world,All,벤데타,DAMAGE,3.8,55.0
2026-02-11,competitive,Asia,blizzard-world,All,벤처,DAMAGE,5.1,50.5
2026-02-11,competitive,Asia,blizzard-world,All,브리기테,SUPPORT,3.7,45.3
2026-02-11,competitive,Asia,blizzard-world,All,소전,DAMAGE,16.6,46.1
2026-02-11,competitive,Asia,blizzard-world,All,솔저: 76,DAMAGE,21.0,47.4
2026-02-11,competitive,Asia,blizzard-world,All,솜브라,DAMAGE,4.3,51.3
2026-02-11,competitive,Asia,blizzard-world,All,시그마,TANK,19.9,54.9
2026-02-11,competitive,Asia,blizzard-world,All,시메트라,DAMAGE,4.4,51.5
2026-02-11,competitive,Asia,blizzard-world,All,아나,SUPPORT,58.0,50.9
2026-02-11,competitive,Asia,blizzard-world,All,안란,DAMAGE,-1.0,-1.0
2026-02-11,competitive,Asia,blizzard-world,All,애쉬,DAMAGE,22.4,52.1
2026-02-11,competitive,Asia,blizzard-world,All,에코,DAMAGE,5.9,51.4
2026-02-11,competitive,Asia,blizzard-world,All,엠레,DAMAGE,-1.0,-1.0
2026-02-11,competitive,Asia,blizzard-world,All,오리사,TANK,10.8,42.8
2026-02-11,competitive,Asia,blizzard-world,All,우양,SUPPORT,17.2,52.5
2026-02-11,competitive,Asia,blizzard-world,All,위도우메이커,DAMAGE,7.0,49.0
2026-02-11,competitive,Asia,blizzard-world,All,윈스턴,TANK,12.8,51.3
2026-02-11,competitive,Asia,blizzard-world,All,일리아리,SUPPORT,17.1,54.8
2026-02-11,competitive,Asia,blizzard-world,All,자리야,TANK,7.7,48.1
2026-02-11,competitive,Asia,blizzard-world,All,정커퀸,TANK,3.0,47.0
2026-02-11,competitive,Asia,blizzard-world,All,정크랫,DAMAGE,7.0,44.6
2026-02-11,competitive,Asia,blizzard-world,All,제트팩 캣,SUPPORT,-1.0,-1.0
2026-02-11,competitive,Asia,blizzard-world,All,젠야타,SUPPORT,14.4,50.6
2026-02-11,competitive,Asia,blizzard-world,All,주노,SUPPORT,9.3,48.2
2026-02-11,competitive,Asia,blizzard-world,All,캐서디,DAMAGE,20.1,43.8
2026-02-11,competitive,Asia,blizzard-world,All,키리코,SUPPORT,32.7,46.1
2026-02-11,competitive,Asia,blizzard-world,All,토르비욘,DAMAGE,4.7,45.8
2026-02-11,competitive,Asia,blizzard-world,All,트레이서,DAMAGE,6.9,49.3
2026-02-11,competitive,Asia,blizzard-world,All,파라,DAMAGE,5.4,49.4
2026-02-11,competitive,Asia,blizzard-world,All,프레야,DAMAGE,7.0,48.4
2026-02-11,competitive,Asia,blizzard-world,All,한조,DAMAGE,11.3,49.8
2026-02-11,competitive,Asia,blizzard-world,All,해저드,TANK,2.9,49.0
2026-02-11,competitive,Asia,blizzard-world,Bronze,D.Va,TANK,10.2,47.4
2026-02-11,competitive,Asia,blizzard-world,Bronze,겐지,DAMAGE,11.0,55.9
2026-02-11,competitive,Asia,blizzard-world,Bronze,도미나,TANK,-1.0,-1.0
2026-02-11,competitive,Asia,blizzard-world,Bronze,둠피스트,TANK,3.5,52.7
2026-02-11,competitive,Asia,blizzard-world,Bronze,라마트라,TANK,9.3,49.6
2026-02-11,competitive,Asia,blizzard-world,Bronze,라이프위버,SUPPORT,5.3,47.0
2026-02-11,competitive,Asia,blizzard-world,Bronze,라인하르트,TANK,9.2,48.5
2026-02-11,competitive,Asia,blizzard-world,Bronze,레킹볼,TANK,3.9,54.8
2026-02-11,competitive,Asia,blizzard-world,Bronze,로드호그,TANK,5.9,42.7
2026-02-11,competitive,Asia,blizzard-world,Bronze,루시우,SUPPORT,8.0,48.4
2026-02-11,competitive,Asia,blizzard-world,Bronze,리퍼,DAMAGE,11.3,47.1
2026-02-11,competitive,Asia,blizzard-world,Bronze,마우가,TANK,4.6,40.4
2026-02-11,competitive,Asia,blizzard-world,Bronze,메르시,SUPPORT,16.3,44.7
2026-02-11,competitive,Asia,blizzard-world,Bronze,메이,DAMAGE,7.7,50.1
2026-02-11,competitive,Asia,blizzard-world,Bronze,모이라,SUPPORT,23.0,43.7
2026-02-11,competitive,Asia,blizzard-world,Bronze,미즈키,SUPPORT,-1.0,-1.0
2026-02-11,competitive,Asia,blizzard-world,Bronze,바스티온,DAMAGE,21.2,43.8
2026-02-11,competitive,Asia,blizzard-world,Bronze,바티스트,SUPPORT,9.3,47.0
2026-02-11,competitive,Asia,blizzard-world,Bronze,벤데타,DAMAGE,3.2,61.5
2026-02-11,competitive,Asia,blizzard-world,Bronze,벤처,DAMAGE,4.5,54.1
2026-02-11,competitive,Asia,blizzard-world,Bronze,브리기테,SUPPORT,2.2,44.9
2026-02-11,competitive,Asia,blizzard-world,Bronze,소전,DAMAGE,19.6,44.6
2026-02-11,competitive,Asia,blizzard-world,Bronze,솔저: 76,DAMAGE,25.7,45.6
2026-02-11,competitive,Asia,blizzard-world,Bronze,솜브라,DAMAGE,2.6,61.9
2026-02-11,competitive,Asia,blizzard-world,Bronze,시그마,TANK,21.1,54.2
2026-02-11,competitive,Asia,blizzard-world,Bronze,시메트라,DAMAGE,4.5,51.4
2026-02-11,competitive,Asia,blizzard-world,Bronze,아나,SUPPORT,35.7,50.9
2026-02-11,competitive,Asia,blizzard-world,Bronze,안란,DAMAGE,-1.0,-1.0
2026-02-11,competitive,Asia,blizzard-world,Bronze,애쉬,DAMAGE,16.2,52.8
2026-02-11,competitive,Asia,blizzard-world,Bronze,에코,DAMAGE,4.8,51.1
2026-02-11,competitive,Asia,blizzard-world,Bronze,엠레,DAMAGE,-1.0,-1.0
2026-02-11,competitive,Asia,blizzard-world,Bronze,오리사,TANK,15.5,44.1
2026-02-11,competitive,Asia,blizzard-world,Bronze,우양,SUPPORT,17.7,53.3
2026-02-11,competitive,Asia,blizzard-world,Bronze,위도우메이커,DAMAGE,5.0,47.0
2026-02-11,competitive,Asia,blizzard-world,Bronze,윈스턴,TANK,6.0,50.2
2026-02-11,competitive,Asia,blizzard-world,Bronze,일리아리,SUPPORT,17.0,53.5
2026-02-11,competitive,Asia,blizzard-world,Bronze,자리야,TANK,5.4,52.7
2026-02-11,competitive,Asia,blizzard-world,Bronze,정커퀸,TANK,2.8,45.5
2026-02-11,competitive,Asia,blizzard-world,Bronze,정크랫,DAMAGE,12.8,44.6
2026-02-11,competitive,Asia,blizzard-world,Bronze,제트팩 캣,SUPPORT,-1.0,-1.0
2026-02-11,competitive,Asia,blizzard-world,Bronze,젠야타,SUPPORT,14.5,51.4
2026-02-11,competitive,Asia,blizzard-world,Bronze,주노,SUPPORT,19.0,47.8
2026-02-11,competitive,Asia,blizzard-world,Bronze,캐서디,DAMAGE,15.3,46.2
2026-02-11,competitive,Asia,blizzard-world,Bronze,키리코,SUPPORT,32.1,46.5
2026-02-11,competitive,Asia,blizzard-world,Bronze,토르비욘,DAMAGE,5.8,46.3
2026-02-11,competitive,Asia,blizzard-world,Bronze,트레이서,DAMAGE,4.1,49.7
2026-02-11,competitive,Asia,blizzard-world,Bronze,파라,DAMAGE,8.8,52.6
2026-02-11,competitive,Asia,blizzard-world,Bronze,프레야,DAMAGE,6.8,48.7
2026-02-11,competitive,Asia,blizzard-world,Bronze,한조,DAMAGE,9.1,51.9
2026-02-11,competitive,Asia,blizzard-world,Bronze,해저드,TANK,2.5,45.1
2026-02-11,competitive,Asia,blizzard-world,Silver,D.Va,TANK,9.8,48.9
2026-02-11,competitive,Asia,blizzard-world,Silver,겐지,DAMAGE,14.2,51.5
2026-02-11,competitive,Asia,blizzard-world,Silver,도미나,TANK,-1.0,-1.0
2026-02-11,competitive,Asia,blizzard-world,Silver,둠피스트,TANK,4.1,53.6
2026-02-11,competitive,Asia,blizzard-world,Silver,라마트라,TANK,7.8,44.3
2026-02-11,competitive,Asia,blizzard-world,Silver,라이프위버,SUPPORT,6.2,44.1
2026-02-11,competitive,Asia,blizzard-world,Silver,라인하르트,TANK,9.9,46.6
2026-02-11,competitive,Asia,blizzard-world,Silver,레킹볼,TANK,4.0,52.2
2026-02-11,competitive,Asia,blizzard-world,Silver,로드호그,TANK,5.3,40.6
2026-02-11,competitive,Asia,blizzard-world,Silver,루시우,SUPPORT,6.3,42.7
2026-02-11,competitive,Asia,blizzard-world,Silver,리퍼,DAMAGE,12.3,47.8
2026-02-11,competitive,Asia,blizzard-world,Silver,마우가,TANK,3.8,46.2
2026-02-11,competitive,Asia,blizzard-world,Silver,메르시,SUPPORT,16.8,44.8
2026-02-11,competitive,Asia,blizzard-world,Silver,메이,DAMAGE,8.1,46.7
2026-02-11,competitive,Asia,blizzard-world,Silver,모이라,SUPPORT,21.1,44.1
2026-02-11,competitive,Asia,blizzard-world,Silver,미즈키,SUPPORT,-1.0,-1.0
2026-02-11,competitive,Asia,blizzard-world,Silver,바스티온,DAMAGE,16.2,46.1
2026-02-11,competitive,Asia,blizzard-world,Silver,바티스트,SUPPORT,9.6,45.4
2026-02-11,competitive,Asia,blizzard-world,Silver,벤데타,DAMAGE,4.0,56.3
2026-02-11,competitive,Asia,blizzard-world,Silver,벤처,DAMAGE,4.7,48.7
2026-02-11,competitive,Asia,blizzard-world,Silver,브리기테,SUPPORT,2.8,44.3
2026-02-11,competitive,Asia,blizzard-world,Silver,소전,DAMAGE,16.9,45.1
2026-02-11,competitive,Asia,blizzard-world,Silver,솔저: 76,DAMAGE,25.7,47.8
2026-02-11,competitive,Asia,blizzard-world,Silver,솜브라,DAMAGE,3.0,53.6
2026-02-11,competitive,Asia,blizzard-world,Silver,시그마,TANK,20.4,54.5
2026-02-11,competitive,Asia,blizzard-world,Silver,시메트라,DAMAGE,4.8,53.5
2026-02-11,competitive,Asia,blizzard-world,Silver,아나,SUPPORT,47.5,51.2
2026-02-11,competitive,Asia,blizzard-world,Silver,안란,DAMAGE,-1.0,-1.0
2026-02-11,competitive,Asia,blizzard-world,Silver,애쉬,DAMAGE,19.5,51.5
2026-02-11,competitive,Asia,blizzard-world,Silver,에코,DAMAGE,4.8,49.1
2026-02-11,competitive,Asia,blizzard-world,Silver,엠레,DAMAGE,-1.0,-1.0
2026-02-11,competitive,Asia,blizzard-world,Silver,오리사,TANK,13.9,42.6
2026-02-11,competitive,Asia,blizzard-world,Silver,우양,SUPPORT,15.4,53.5
2026-02-11,competitive,Asia,blizzard-world,Silver,위도우메이커,DAMAGE,5.4,50.0
2026-02-11,competitive,Asia,blizzard-world,Silver,윈스턴,TANK,8.4,50.5
2026-02-11,competitive,Asia,blizzard-world,Silver,일리아리,SUPPORT,15.9,53.9
2026-02-11,competitive,Asia,blizzard-world,Silver,자리야,TANK,7.1,49.8
2026-02-11,competitive,Asia,blizzard-world,Silver,정커퀸,TANK,3.0,48.0
2026-02-11,competitive,Asia,blizzard-world,Silver,정크랫,DAMAGE,10.6,45.5
2026-02-11,competitive,Asia,blizzard-world,Silver,제트팩 캣,SUPPORT,-1.0,-1.0
2026-02-11,competitive,Asia,blizzard-world,Silver,젠야타,SUPPORT,13.2,51.3
2026-02-11,competitive,Asia,blizzard-world,Silver,주노,SUPPORT,13.2,48.2
2026-02-11,competitive,Asia,blizzard-world,Silver,캐서디,DAMAGE,17.2,44.6
2026-02-11,competitive,Asia,blizzard-world,Silver,키리코,SUPPORT,32.1,47.6
2026-02-11,competitive,Asia,blizzard-world,Silver,토르비욘,DAMAGE,4.9,47.4
2026-02-11,competitive,Asia,blizzard-world,Silver,트레이서,DAMAGE,4.6,50.6
2026-02-11,competitive,Asia,blizzard-world,Silver,파라,DAMAGE,6.9,49.7
2026-02-11,competitive,Asia,blizzard-world,Silver,프레야,DAMAGE,6.2,48.9
2026-02-11,competitive,Asia,blizzard-world,Silver,한조,DAMAGE,10.1,49.6
2026-02-11,competitive,Asia,blizzard-world,Silver,해저드,TANK,2.5,51.6
2026-02-11,competitive,Asia,blizzard-world,Gold,D.Va,TANK,9.6,47.9
2026-02-11,competitive,Asia,blizzard-world,Gold,겐지,DAMAGE,17.0,52.2
2026-02-11,competitive,Asia,blizzard-world,Gold,도미나,TANK,-1.0,-1.0
2026-02-11,competitive,Asia,blizzard-world,Gold,둠피스트,TANK,5.1,52.0
2026-02-11,competitive,Asia,blizzard-world,Gold,라마트라,TANK,6.2,45.0
2026-02-11,competitive,Asia,blizzard-world,Gold,라이프위버,SUPPORT,6.3,41.8
2026-02-11,competitive,Asia,blizzard-world,Gold,라인하르트,TANK,9.1,47.3
2026-02-11,competitive,Asia,blizzard-world,Gold,레킹볼,TANK,4.5,50.9
2026-02-11,competitive,Asia,blizzard-world,Gold,로드호그,TANK,5.2,40.4
2026-02-11,competitive,Asia,blizzard-world,Gold,루시우,SUPPORT,4.7,43.2
2026-02-11,competitive,Asia,blizzard-world,Gold,리퍼,DAMAGE,11.5,47.6
2026-02-11,competitive,Asia,blizzard-world,Gold,마우가,TANK,3.4,45.6
2026-02-11,competitive,Asia,blizzard-world,Gold,메르시,SUPPORT,13.7,47.2
2026-02-11,competitive,Asia,blizzard-world,Gold,메이,DAMAGE,8.4,47.6
2026-02-11,competitive,Asia,blizzard-world,Gold,모이라,SUPPORT,16.1,43.1
2026-02-11,competitive,Asia,blizzard-world,Gold,미즈키,SUPPORT,-1.0,-1.0
2026-02-11,competitive,Asia,blizzard-world,Gold,바스티온,DAMAGE,12.0,45.0
2026-02-11,competitive,Asia,blizzard-world,Gold,바티스트,SUPPORT,10.4,45.9
2026-02-11,competitive,Asia,blizzard-world,Gold,벤데타,DAMAGE,3.8,54.4
2026-02-11,competitive,Asia,blizzard-world,Gold,벤처,DAMAGE,5.1,51.5
2026-02-11,competitive,Asia,blizzard-world,Gold,브리기테,SUPPORT,3.1,44.4
2026-02-11,competitive,Asia,blizzard-world,Gold,소전,DAMAGE,15.9,45.3
2026-02-11,competitive,Asia,blizzard-world,Gold,솔저: 76,DAMAGE,22.8,47.1
2026-02-11,competitive,Asia,blizzard-world,Gold,솜브라,DAMAGE,3.6,52.1
2026-02-11,competitive,Asia,blizzard-world,Gold,시그마,TANK,19.8,54.7
2026-02-11,competitive,Asia,blizzard-world,Gold,시메트라,DAMAGE,4.7,51.1
2026-02-11,competitive,Asia,blizzard-world,Gold,아나,SUPPORT,57.9,50.5
2026-02-11,competitive,Asia,blizzard-world,Gold,안란,DAMAGE,-1.0,-1.0
2026-02-11,competitive,Asia,blizzard-world,Gold,애쉬,DAMAGE,22.1,51.8
2026-02-11,competitive,Asia,blizzard-world,Gold,에코,DAMAGE,5.6,50.8
2026-02-11,competitive,Asia,blizzard-world,Gold,엠레,DAMAGE,-1.0,-1.0
2026-02-11,competitive,Asia,blizzard-world,Gold,오리사,TANK,11.9,42.5
2026-02-11,competitive,Asia,blizzard-world,Gold,우양,SUPPORT,15.4,51.7
2026-02-11,competitive,Asia,blizzard-world,Gold,위도우메이커,DAMAGE,6.2,49.4
2026-02-11,competitive,Asia,blizzard-world,Gold,윈스턴,TANK,11.2,50.7
2026-02-11,competitive,Asia,blizzard-world,Gold,일리아리,SUPPORT,15.2,54.4
2026-02-11,competitive,Asia,blizzard-world,Gold,자리야,TANK,8.1,46.9
2026-02-11,competitive,Asia,blizzard-world,Gold,정커퀸,TANK,3.0,46.2
2026-02-11,competitive,Asia,blizzard-world,Gold,정크랫,DAMAGE,7.5,43.9
2026-02-11,competitive,Asia,blizzard-world,Gold,제트팩 캣,SUPPORT,-1.0,-1.0
2026-02-11,competitive,Asia,blizzard-world,Gold,젠야타,SUPPORT,13.5,51.0
2026-02-11,competitive,Asia,blizzard-world,Gold,주노,SUPPORT,10.0,49.1
2026-02-11,competitive,Asia,blizzard-world,Gold,캐서디,DAMAGE,20.1,44.6
2026-02-11,competitive,Asia,blizzard-world,Gold,키리코,SUPPORT,33.6,46.7
2026-02-11,competitive,Asia,blizzard-world,Gold,토르비욘,DAMAGE,4.8,46.5
2026-02-11,competitive,Asia,blizzard-world,Gold,트레이서,DAMAGE,5.4,47.5
2026-02-11,competitive,Asia,blizzard-world,Gold,파라,DAMAGE,5.5,47.6
2026-02-11,competitive,Asia,blizzard-world,Gold,프레야,DAMAGE,6.7,47.8
2026-02-11,competitive,Asia,blizzard-world,Gold,한조,DAMAGE,11.2,50.1
2026-02-11,competitive,Asia,blizzard-world,Gold,해저드,TANK,2.8,49.7
2026-02-11,competitive,Asia,blizzard-world,Platinum,D.Va,TANK,9.4,49.3
2026-02-11,competitive,Asia,blizzard-world,Platinum,겐지,DAMAGE,19.9,50.4
2026-02-11,competitive,Asia,blizzard-world,Platinum,도미나,TANK,-1.0,-1.0
2026-02-11,competitive,Asia,blizzard-world,Platinum,둠피스트,TANK,7.3,50.2
2026-02-11,competitive,Asia,blizzard-world,Platinum,라마트라,TANK,4.8,44.5
2026-02-11,competitive,Asia,blizzard-world,Platinum,라이프위버,SUPPORT,5.8,40.6
2026-02-11,competitive,Asia,blizzard-world,Platinum,라인하르트,TANK,7.6,45.7
2026-02-11,competitive,Asia,blizzard-world,Platinum,레킹볼,TANK,5.3,49.6
2026-02-11,competitive,Asia,blizzard-world,Platinum,로드호그,TANK,5.0,37.7
2026-02-11,competitive,Asia,blizzard-world,Platinum,루시우,SUPPORT,3.2,42.8
2026-02-11,competitive,Asia,blizzard-world,Platinum,리퍼,DAMAGE,9.7,48.3
2026-02-11,competitive,Asia,blizzard-world,Platinum,마우가,TANK,2.6,43.7
2026-02-11,competitive,Asia,blizzard-world,Platinum,메르시,SUPPORT,10.6,47.2
2026-02-11,competitive,Asia,blizzard-world,Platinum,메이,DAMAGE,7.3,46.5
2026-02-11,competitive,Asia,blizzard-world,Platinum,모이라,SUPPORT,10.0,40.7
2026-02-11,competitive,Asia,blizzard-world,Platinum,미즈키,SUPPORT,-1.0,-1.0
2026-02-11,competitive,Asia,blizzard-world,Platinum,바스티온,DAMAGE,8.9,45.6
2026-02-11,competitive,Asia,blizzard-world,Platinum,바티스트,SUPPORT,10.8,46.9
2026-02-11,competitive,Asia,blizzard-world,Platinum,벤데타,DAMAGE,4.1,54.5
2026-02-11,competitive,Asia,blizzard-world,Platinum,벤처,DAMAGE,5.5,50.6
2026-02-11,competitive,Asia,blizzard-world,Platinum,브리기테,SUPPORT,4.1,46.0
2026-02-11,competitive,Asia,blizzard-world,Platinum,소전,DAMAGE,15.7,46.6
2026-02-11,competitive,Asia,blizzard-world,Platinum,솔저: 76,DAMAGE,18.8,47.5
2026-02-11,competitive,Asia,blizzard-world,Platinum,솜브라,DAMAGE,4.8,50.3
2026-02-11,competitive,Asia,blizzard-world,Platinum,시그마,TANK,19.4,54.8
2026-02-11,competitive,Asia,blizzard-world,Platinum,시메트라,DAMAGE,4.3,51.7
2026-02-11,competitive,Asia,blizzard-world,Platinum,아나,SUPPORT,65.7,50.5
2026-02-11,competitive,Asia,blizzard-world,Platinum,안란,DAMAGE,-1.0,-1.0
2026-02-11,competitive,Asia,blizzard-world,Platinum,애쉬,DAMAGE,24.5,52.1
2026-02-11,competitive,Asia,blizzard-world,Platinum,에코,DAMAGE,6.3,51.2
2026-02-11,competitive,Asia,blizzard-world,Platinum,엠레,DAMAGE,-1.0,-1.0
2026-02-11,competitive,Asia,blizzard-world,Platinum,오리사,TANK,9.1,42.5
2026-02-11,competitive,Asia,blizzard-world,Platinum,우양,SUPPORT,17.2,52.4
2026-02-11,competitive,Asia,blizzard-world,Platinum,위도우메이커,DAMAGE,7.5,49.1
2026-02-11,competitive,Asia,blizzard-world,Platinum,윈스턴,TANK,15.1,51.5
2026-02-11,competitive,Asia,blizzard-world,Platinum,일리아리,SUPPORT,17.5,55.5
2026-02-11,competitive,Asia,blizzard-world,Platinum,자리야,TANK,8.2,48.5
2026-02-11,competitive,Asia,blizzard-world,Platinum,정커퀸,TANK,3.0,46.2
2026-02-11,competitive,Asia,blizzard-world,Platinum,정크랫,DAMAGE,4.7,44.5
2026-02-11,competitive,Asia,blizzard-world,Platinum,제트팩 캣,SUPPORT,-1.0,-1.0
2026-02-11,competitive,Asia,blizzard-world,Platinum,젠야타,SUPPORT,15.2,50.6
2026-02-11,competitive,Asia,blizzard-world,Platinum,주노,SUPPORT,6.6,47.3
2026-02-11,competitive,Asia,blizzard-world,Platinum,캐서디,DAMAGE,22.5,43.1
2026-02-11,competitive,Asia,blizzard-world,Platinum,키리코,SUPPORT,33.4,45.8
2026-02-11,competitive,Asia,blizzard-world,Platinum,토르비욘,DAMAGE,4.6,45.6
2026-02-11,competitive,Asia,blizzard-world,Platinum,트레이서,DAMAGE,7.1,50.4
2026-02-11,competitive,Asia,blizzard-world,Platinum,파라,DAMAGE,4.5,49.2
2026-02-11,competitive,Asia,blizzard-world,Platinum,프레야,DAMAGE,7.3,48.0
2026-02-11,competitive,Asia,blizzard-world,Platinum,한조,DAMAGE,12.0,49.3
2026-02-11,competitive,Asia,blizzard-world,Platinum,해저드,TANK,3.2,49.3
2026-02-11,competitive,Asia,blizzard-world,Diamond,D.Va,TANK,9.1,47.4
2026-02-11,competitive,Asia,blizzard-world,Diamond,겐지,DAMAGE,21.1,49.6
2026-02-11,competitive,Asia,blizzard-world,Diamond,도미나,TANK,-1.0,-1.0
2026-02-11,competitive,Asia,blizzard-world,Diamond,둠피스트,TANK,10.5,52.3
2026-02-11,competitive,Asia,blizzard-world,Diamond,라마트라,TANK,3.8,44.3
2026-02-11,competitive,Asia,blizzard-world,Diamond,라이프위버,SUPPORT,4.6,36.3
2026-02-11,competitive,Asia,blizzard-world,Diamond,라인하르트,TANK,6.0,43.8
2026-02-11,competitive,Asia,blizzard-world,Diamond,레킹볼,TANK,5.8,46.5
2026-02-11,competitive,Asia,blizzard-world,Diamond,로드호그,TANK,4.6,31.1
2026-02-11,competitive,Asia,blizzard-world,Diamond,루시우,SUPPORT,2.8,42.4
2026-02-11,competitive,Asia,blizzard-world,Diamond,리퍼,DAMAGE,7.0,46.6
2026-02-11,competitive,Asia,blizzard-world,Diamond,마우가,TANK,2.1,41.6
2026-02-11,competitive,Asia,blizzard-world,Diamond,메르시,SUPPORT,8.3,47.9
2026-02-11,competitive,Asia,blizzard-world,Diamond,메이,DAMAGE,5.8,45.9
2026-02-11,competitive,Asia,blizzard-world,Diamond,모이라,SUPPORT,5.5,40.2
2026-02-11,competitive,Asia,blizzard-world,Diamond,미즈키,SUPPORT,-1.0,-1.0
2026-02-11,competitive,Asia,blizzard-world,Diamond,바스티온,DAMAGE,7.1,44.2
2026-02-11,competitive,Asia,blizzard-world,Diamond,바티스트,SUPPORT,11.8,46.6
2026-02-11,competitive,Asia,blizzard-world,Diamond,벤데타,DAMAGE,3.5,52.2
2026-02-11,competitive,Asia,blizzard-world,Diamond,벤처,DAMAGE,5.6,48.4
2026-02-11,competitive,Asia,blizzard-world,Diamond,브리기테,SUPPORT,5.6,44.5
2026-02-11,competitive,Asia,blizzard-world,Diamond,소전,DAMAGE,17.2,48.0
2026-02-11,competitive,Asia,blizzard-world,Diamond,솔저: 76,DAMAGE,14.8,48.3
2026-02-11,competitive,Asia,blizzard-world,Diamond,솜브라,DAMAGE,6.6,47.4
2026-02-11,competitive,Asia,blizzard-world,Diamond,시그마,TANK,18.9,56.4
2026-02-11,competitive,Asia,blizzard-world,Diamond,시메트라,DAMAGE,3.7,47.5
2026-02-11,competitive,Asia,blizzard-world,Diamond,아나,SUPPORT,68.5,52.8
2026-02-11,competitive,Asia,blizzard-world,Diamond,안란,DAMAGE,-1.0,-1.0
2026-02-11,competitive,Asia,blizzard-world,Diamond,애쉬,DAMAGE,25.4,53.8
2026-02-11,competitive,Asia,blizzard-world,Diamond,에코,DAMAGE,7.2,53.8
2026-02-11,competitive,Asia,blizzard-world,Diamond,엠레,DAMAGE,-1.0,-1.0
2026-02-11,competitive,Asia,blizzard-world,Diamond,오리사,TANK,6.5,41.8
2026-02-11,competitive,Asia,blizzard-world,Diamond,우양,SUPPORT,21.0,52.7
2026-02-11,competitive,Asia,blizzard-world,Diamond,위도우메이커,DAMAGE,9.6,48.4
2026-02-11,competitive,Asia,blizzard-world,Diamond,윈스턴,TANK,18.7,52.5
2026-02-11,competitive,Asia,blizzard-world,Diamond,일리아리,SUPPORT,20.1,54.4
2026-02-11,competitive,Asia,blizzard-world,Diamond,자리야,TANK,7.8,45.8
2026-02-11,competitive,Asia,blizzard-world,Diamond,정커퀸,TANK,2.8,50.4
2026-02-11,competitive,Asia,blizzard-world,Diamond,정크랫,DAMAGE,3.9,44.5
2026-02-11,competitive,Asia,blizzard-world,Diamond,제트팩 캣,SUPPORT,-1.0,-1.0
2026-02-11,competitive,Asia,blizzard-world,Diamond,젠야타,SUPPORT,16.2,49.8
2026-02-11,competitive,Asia,blizzard-world,Diamond,주노,SUPPORT,4.1,46.5
2026-02-11,competitive,Asia,blizzard-world,Diamond,캐서디,DAMAGE,22.3,42.2
2026-02-11,competitive,Asia,blizzard-world,Diamond,키리코,SUPPORT,31.5,43.8
2026-02-11,competitive,Asia,blizzard-world,Diamond,토르비욘,DAMAGE,4.2,43.5
2026-02-11,competitive,Asia,blizzard-world,Diamond,트레이서,DAMAGE,10.9,48.6
2026-02-11,competitive,Asia,blizzard-world,Diamond,파라,DAMAGE,3.3,52.2
2026-02-11,competitive,Asia,blizzard-world,Diamond,프레야,DAMAGE,7.9,49.1
2026-02-11,competitive,Asia,blizzard-world,Diamond,한조,DAMAGE,12.7,50.2
2026-02-11,competitive,Asia,blizzard-world,Diamond,해저드,TANK,3.3,46.8
2026-02-11,competitive,Asia,blizzard-world,Master,D.Va,TANK,7.8,51.3
2026-02-11,competitive,Asia,blizzard-world,Master,겐지,DAMAGE,20.0,47.5
2026-02-11,competitive,Asia,blizzard-world,Master,도미나,TANK,-1.0,-1.0
2026-02-11,competitive,Asia,blizzard-world,Master,둠피스트,TANK,10.6,44.5
2026-02-11,competitive,Asia,blizzard-world,Master,라마트라,TANK,3.3,52.8
2026-02-11,competitive,Asia,blizzard-world,Master,라이프위버,SUPPORT,3.5,29.6
2026-02-11,competitive,Asia,blizzard-world,Master,라인하르트,TANK,4.9,35.3
2026-02-11,competitive,Asia,blizzard-world,Master,레킹볼,TANK,5.7,46.8
2026-02-11,competitive,Asia,blizzard-world,Master,로드호그,TANK,4.8,33.9
2026-02-11,competitive,Asia,blizzard-world,Master,루시우,SUPPORT,2.6,43.0
2026-02-11,competitive,Asia,blizzard-world,Master,리퍼,DAMAGE,6.0,55.0
2026-02-11,competitive,Asia,blizzard-world,Master,마우가,TANK,1.8,54.9
2026-02-11,competitive,Asia,blizzard-world,Master,메르시,SUPPORT,6.4,40.9
2026-02-11,competitive,Asia,blizzard-world,Master,메이,DAMAGE,4.8,47.3
2026-02-11,competitive,Asia,blizzard-world,Master,모이라,SUPPORT,4.0,40.5
2026-02-11,competitive,Asia,blizzard-world,Master,미즈키,SUPPORT,-1.0,-1.0
2026-02-11,competitive,Asia,blizzard-world,Master,바스티온,DAMAGE,5.7,49.0
2026-02-11,competitive,Asia,blizzard-world,Master,바티스트,SUPPORT,14.5,49.9
2026-02-11,competitive,Asia,blizzard-world,Master,벤데타,DAMAGE,3.4,53.4
2026-02-11,competitive,Asia,blizzard-world,Master,벤처,DAMAGE,5.1,50.4
2026-02-11,competitive,Asia,blizzard-world,Master,브리기테,SUPPORT,5.8,47.6
2026-02-11,competitive,Asia,blizzard-world,Master,소전,DAMAGE,19.7,48.3
2026-02-11,competitive,Asia,blizzard-world,Master,솔저: 76,DAMAGE,11.1,48.8
2026-02-11,competitive,Asia,blizzard-world,Master,솜브라,DAMAGE,7.8,53.8
2026-02-11,competitive,Asia,blizzard-world,Master,시그마,TANK,20.6,57.8
2026-02-11,competitive,Asia,blizzard-world,Master,시메트라,DAMAGE,3.6,54.1
2026-02-11,competitive,Asia,blizzard-world,Master,아나,SUPPORT,64.4,51.8
2026-02-11,competitive,Asia,blizzard-world,Master,안란,DAMAGE,-1.0,-1.0
2026-02-11,competitive,Asia,blizzard-world,Master,애쉬,DAMAGE,26.3,50.5
2026-02-11,competitive,Asia,blizzard-world,Master,에코,DAMAGE,8.4,54.4
2026-02-11,competitive,Asia,blizzard-world,Master,엠레,DAMAGE,-1.0,-1.0
2026-02-11,competitive,Asia,blizzard-world,Master,오리사,TANK,5.9,48.2
2026-02-11,competitive,Asia,blizzard-world,Master,우양,SUPPORT,25.9,51.1
2026-02-11,competitive,Asia,blizzard-world,Master,위도우메이커,DAMAGE,11.6,48.1
2026-02-11,competitive,Asia,blizzard-world,Master,윈스턴,TANK,22.0,51.3
2026-02-11,competitive,Asia,blizzard-world,Master,일리아리,SUPPORT,23.9,59.4
2026-02-11,competitive,Asia,blizzard-world,Master,자리야,TANK,7.2,47.5
2026-02-11,competitive,Asia,blizzard-world,Master,정커퀸,TANK,2.7,46.2
2026-02-11,competitive,Asia,blizzard-world,Master,정크랫,DAMAGE,2.3,42.3
2026-02-11,competitive,Asia,blizzard-world,Master,제트팩 캣,SUPPORT,-1.0,-1.0
2026-02-11,competitive,Asia,blizzard-world,Master,젠야타,SUPPORT,16.2,47.4
2026-02-11,competitive,Asia,blizzard-world,Master,주노,SUPPORT,2.7,56.4
2026-02-11,competitive,Asia,blizzard-world,Master,캐서디,DAMAGE,18.8,42.4
2026-02-11,competitive,Asia,blizzard-world,Master,키리코,SUPPORT,30.1,42.9
2026-02-11,competitive,Asia,blizzard-world,Master,토르비욘,DAMAGE,3.6,37.9
2026-02-11,competitive,Asia,blizzard-world,Master,트레이서,DAMAGE,16.3,49.1
2026-02-11,competitive,Asia,blizzard-world,Master,파라,DAMAGE,3.1,49.2
2026-02-11,competitive,Asia,blizzard-world,Master,프레야,DAMAGE,8.8,49.6
2026-02-11,competitive,Asia,blizzard-world,Master,한조,DAMAGE,13.4,47.2
2026-02-11,competitive,Asia,blizzard-world,Master,해저드,TANK,2.9,47.7
2026-02-11,competitive,Asia,blizzard-world,Grandmaster,D.Va,TANK,8.1,51.6
2026-02-11,competitive,Asia,blizzard-world,Grandmaster,겐지,DAMAGE,12.7,43.4
2026-02-11,competitive,Asia,blizzard-world,Grandmaster,도미나,TANK,-1.0,-1.0
2026-02-11,competitive,Asia,blizzard-world,Grandmaster,둠피스트,TANK,11.1,51.0
2026-02-11,competitive,Asia,blizzard-world,Grandmaster,라마트라,TANK,2.7,43.4
2026-02-11,competitive,Asia,blizzard-world,Grandmaster,라이프위버,SUPPORT,1.6,43.3
2026-02-11,competitive,Asia,blizzard-world,Grandmaster,라인하르트,TANK,4.3,32.0
2026-02-11,competitive,Asia,blizzard-world,Grandmaster,레킹볼,TANK,6.4,53.5
2026-02-11,competitive,Asia,blizzard-world,Grandmaster,로드호그,TANK,4.2,18.4
2026-02-11,competitive,Asia,blizzard-world,Grandmaster,루시우,SUPPORT,2.9,31.5
2026-02-11,competitive,Asia,blizzard-world,Grandmaster,리퍼,DAMAGE,3.2,50.4
2026-02-11,competitive,Asia,blizzard-world,Grandmaster,마우가,TANK,1.0,28.5
2026-02-11,competitive,Asia,blizzard-world,Grandmaster,메르시,SUPPORT,4.3,53.1
2026-02-11,competitive,Asia,blizzard-world,Grandmaster,메이,DAMAGE,4.4,41.4
2026-02-11,competitive,Asia,blizzard-world,Grandmaster,모이라,SUPPORT,2.6,20.3
2026-02-11,competitive,Asia,blizzard-world,Grandmaster,미즈키,SUPPORT,-1.0,-1.0
2026-02-11,competitive,Asia,blizzard-world,Grandmaster,바스티온,DAMAGE,4.2,37.8
2026-02-11,competitive,Asia,blizzard-world,Grandmaster,바티스트,SUPPORT,18.3,45.8
2026-02-11,competitive,Asia,blizzard-world,Grandmaster,벤데타,DAMAGE,3.8,50.0
2026-02-11,competitive,Asia,blizzard-world,Grandmaster,벤처,DAMAGE,4.5,61.2
2026-02-11,competitive,Asia,blizzard-world,Grandmaster,브리기테,SUPPORT,8.8,54.1
2026-02-11,competitive,Asia,blizzard-world,Grandmaster,소전,DAMAGE,21.8,53.2
2026-02-11,competitive,Asia,blizzard-world,Grandmaster,솔저: 76,DAMAGE,8.0,46.2
2026-02-11,competitive,Asia,blizzard-world,Grandmaster,솜브라,DAMAGE,7.5,43.7
2026-02-11,competitive,Asia,blizzard-world,Grandmaster,시그마,TANK,23.7,52.6
2026-02-11,competitive,Asia,blizzard-world,Grandmaster,시메트라,DAMAGE,3.9,50.2
2026-02-11,competitive,Asia,blizzard-world,Grandmaster,아나,SUPPORT,61.9,52.0
2026-02-11,competitive,Asia,blizzard-world,Grandmaster,안란,DAMAGE,-1.0,-1.0
2026-02-11,competitive,Asia,blizzard-world,Grandmaster,애쉬,DAMAGE,30.2,50.2
2026-02-11,competitive,Asia,blizzard-world,Grandmaster,에코,DAMAGE,8.8,59.1
2026-02-11,competitive,Asia,blizzard-world,Grandmaster,엠레,DAMAGE,-1.0,-1.0
2026-02-11,competitive,Asia,blizzard-world,Grandmaster,오리사,TANK,3.2,54.4
2026-02-11,competitive,Asia,blizzard-world,Grandmaster,우양,SUPPORT,31.3,52.2
2026-02-11,competitive,Asia,blizzard-world,Grandmaster,위도우메이커,DAMAGE,13.0,42.3
2026-02-11,competitive,Asia,blizzard-world,Grandmaster,윈스턴,TANK,24.3,55.3
2026-02-11,competitive,Asia,blizzard-world,Grandmaster,일리아리,SUPPORT,23.7,63.6
2026-02-11,competitive,Asia,blizzard-world,Grandmaster,자리야,TANK,8.4,45.4
2026-02-11,competitive,Asia,blizzard-world,Grandmaster,정커퀸,TANK,1.1,52.4
2026-02-11,competitive,Asia,blizzard-world,Grandmaster,정크랫,DAMAGE,2.7,36.5
2026-02-11,competitive,Asia,blizzard-world,Grandmaster,제트팩 캣,SUPPORT,-1.0,-1.0
2026-02-11,competitive,Asia,blizzard-world,Grandmaster,젠야타,SUPPORT,12.6,39.2
2026-02-11,competitive,Asia,blizzard-world,Grandmaster,주노,SUPPORT,1.4,48.1
2026-02-11,competitive,Asia,blizzard-world,Grandmaster,캐서디,DAMAGE,15.9,41.9
2026-02-11,competitive,Asia,blizzard-world,Grandmaster,키리코,SUPPORT,30.8,42.1
2026-02-11,competitive,Asia,blizzard-world,Grandmaster,토르비욘,DAMAGE,2.5,26.7
2026-02-11,competitive,Asia,blizzard-world,Grandmaster,트레이서,DAMAGE,29.4,52.1
2026-02-11,competitive,Asia,blizzard-world,Grandmaster,파라,DAMAGE,2.6,45.0
2026-02-11,competitive,Asia,blizzard-world,Grandmaster,프레야,DAMAGE,8.8,48.2
2026-02-11,competitive,Asia,blizzard-world,Grandmaster,한조,DAMAGE,12.0,52.3
2026-02-11,competitive,Asia,blizzard-world,Grandmaster,해저드,TANK,1.4,21.8
2026-02-11,competitive,Asia,eichenwalde,All,D.Va,TANK,7.4,47.6
2026-02-11,competitive,Asia,eichenwalde,All,겐지,DAMAGE,16.3,52.3
2026-02-11,competitive,Asia,eichenwalde,All,도미나,TANK,-1.0,-1.0
2026-02-11,competitive,Asia,eichenwalde,All,둠피스트,TANK,6.2,51.9
2026-02-11,competitive,Asia,eichenwalde,All,라마트라,TANK,7.2,46.7
2026-02-11,competitive,Asia,eichenwalde,All,라이프위버,SUPPORT,5.1,41.4
2026-02-11,competitive,Asia,eichenwalde,All,라인하르트,TANK,11.9,49.5
2026-02-11,competitive,Asia,eichenwalde,All,레킹볼,TANK,3.7,47.8
2026-02-11,competitive,Asia,eichenwalde,All,로드호그,TANK,5.3,39.7
2026-02-11,competitive,Asia,eichenwalde,All,루시우,SUPPORT,4.7,45.2
2026-02-11,competitive,Asia,eichenwalde,All,리퍼,DAMAGE,10.0,48.8
2026-02-11,competitive,Asia,eichenwalde,All,마우가,TANK,3.1,43.9
2026-02-11,competitive,Asia,eichenwalde,All,메르시,SUPPORT,12.1,46.6
2026-02-11,competitive,Asia,eichenwalde,All,메이,DAMAGE,8.8,48.1
2026-02-11,competitive,Asia,eichenwalde,All,모이라,SUPPORT,14.6,43.7
2026-02-11,competitive,Asia,eichenwalde,All,미즈키,SUPPORT,-1.0,-1.0
2026-02-11,competitive,Asia,eichenwalde,All,바스티온,DAMAGE,13.0,46.3
2026-02-11,competitive,Asia,eichenwalde,All,바티스트,SUPPORT,11.3,45.0
2026-02-11,competitive,Asia,eichenwalde,All,벤데타,DAMAGE,3.8,55.9
2026-02-11,competitive,Asia,eichenwalde,All,벤처,DAMAGE,5.4,51.4
2026-02-11,competitive,Asia,eichenwalde,All,브리기테,SUPPORT,3.3,46.1
2026-02-11,competitive,Asia,eichenwalde,All,소전,DAMAGE,14.6,45.0
2026-02-11,competitive,Asia,eichenwalde,All,솔저: 76,DAMAGE,17.9,45.8
2026-02-11,competitive,Asia,eichenwalde,All,솜브라,DAMAGE,3.5,49.1
2026-02-11,competitive,Asia,eichenwalde,All,시그마,TANK,19.6,54.5
2026-02-11,competitive,Asia,eichenwalde,All,시메트라,DAMAGE,6.1,52.9
2026-02-11,competitive,Asia,eichenwalde,All,아나,SUPPORT,58.7,51.8
2026-02-11,competitive,Asia,eichenwalde,All,안란,DAMAGE,0.0,10.8
2026-02-11,competitive,Asia,eichenwalde,All,애쉬,DAMAGE,17.6,50.1
2026-02-11,competitive,Asia,eichenwalde,All,에코,DAMAGE,7.9,52.9
2026-02-11,competitive,Asia,eichenwalde,All,엠레,DAMAGE,-1.0,-1.0
2026-02-11,competitive,Asia,eichenwalde,All,오리사,TANK,11.8,43.8
2026-02-11,competitive,Asia,eichenwalde,All,우양,SUPPORT,17.4,52.4
2026-02-11,competitive,Asia,eichenwalde,All,위도우메이커,DAMAGE,2.6,43.3
2026-02-11,competitive,Asia,eichenwalde,All,윈스턴,TANK,7.6,48.1
2026-02-11,competitive,Asia,eichenwalde,All,일리아리,SUPPORT,17.8,55.1
2026-02-11,competitive,Asia,eichenwalde,All,자리야,TANK,10.3,52.3
2026-02-11,competitive,Asia,eichenwalde,All,정커퀸,TANK,3.4,49.9
2026-02-11,competitive,Asia,eichenwalde,All,정크랫,DAMAGE,11.1,48.7
2026-02-11,competitive,Asia,eichenwalde,All,제트팩 캣,SUPPORT,-1.0,-1.0
2026-02-11,competitive,Asia,eichenwalde,All,젠야타,SUPPORT,17.0,52.6
2026-02-11,competitive,Asia,eichenwalde,All,주노,SUPPORT,8.4,47.2
2026-02-11,competitive,Asia,eichenwalde,All,캐서디,DAMAGE,21.7,44.2
2026-02-11,competitive,Asia,eichenwalde,All,키리코,SUPPORT,29.7,45.3
2026-02-11,competitive,Asia,eichenwalde,All,토르비욘,DAMAGE,6.9,49.4
2026-02-11,competitive,Asia,eichenwalde,All,트레이서,DAMAGE,5.5,49.4
2026-02-11,competitive,Asia,eichenwalde,All,파라,DAMAGE,9.3,52.9
2026-02-11,competitive,Asia,eichenwalde,All,프레야,DAMAGE,5.9,47.2
2026-02-11,competitive,Asia,eichenwalde,All,한조,DAMAGE,12.2,49.9
2026-02-11,competitive,Asia,eichenwalde,All,해저드,TANK,2.5,49.2
2026-02-11,competitive,Asia,eichenwalde,Bronze,D.Va,TANK,9.2,46.6
2026-02-11,competitive,Asia,eichenwalde,Bronze,겐지,DAMAGE,11.1,53.8
2026-02-11,competitive,Asia,eichenwalde,Bronze,도미나,TANK,-1.0,-1.0
2026-02-11,competitive,Asia,eichenwalde,Bronze,둠피스트,TANK,3.4,50.0
2026-02-11,competitive,Asia,eichenwalde,Bronze,라마트라,TANK,9.8,47.8
2026-02-11,competitive,Asia,eichenwalde,Bronze,라이프위버,SUPPORT,4.8,42.3
2026-02-11,competitive,Asia,eichenwalde,Bronze,라인하르트,TANK,11.7,52.2
2026-02-11,competitive,Asia,eichenwalde,Bronze,레킹볼,TANK,3.5,53.0
2026-02-11,competitive,Asia,eichenwalde,Bronze,로드호그,TANK,6.0,45.1
2026-02-11,competitive,Asia,eichenwalde,Bronze,루시우,SUPPORT,8.0,45.7
2026-02-11,competitive,Asia,eichenwalde,Bronze,리퍼,DAMAGE,11.3,47.6
2026-02-11,competitive,Asia,eichenwalde,Bronze,마우가,TANK,4.6,45.5
2026-02-11,competitive,Asia,eichenwalde,Bronze,메르시,SUPPORT,15.5,45.2
2026-02-11,competitive,Asia,eichenwalde,Bronze,메이,DAMAGE,7.2,50.2
2026-02-11,competitive,Asia,eichenwalde,Bronze,모이라,SUPPORT,24.1,45.0
2026-02-11,competitive,Asia,eichenwalde,Bronze,미즈키,SUPPORT,-1.0,-1.0
2026-02-11,competitive,Asia,eichenwalde,Bronze,바스티온,DAMAGE,23.3,47.1
2026-02-11,competitive,Asia,eichenwalde,Bronze,바티스트,SUPPORT,9.6,47.6
2026-02-11,competitive,Asia,eichenwalde,Bronze,벤데타,DAMAGE,3.3,56.5
2026-02-11,competitive,Asia,eichenwalde,Bronze,벤처,DAMAGE,4.8,51.4
2026-02-11,competitive,Asia,eichenwalde,Bronze,브리기테,SUPPORT,2.3,46.9
2026-02-11,competitive,Asia,eichenwalde,Bronze,소전,DAMAGE,18.8,43.1
2026-02-11,competitive,Asia,eichenwalde,Bronze,솔저: 76,DAMAGE,23.1,45.4
2026-02-11,competitive,Asia,eichenwalde,Bronze,솜브라,DAMAGE,2.5,51.3
2026-02-11,competitive,Asia,eichenwalde,Bronze,시그마,TANK,20.3,53.1
2026-02-11,competitive,Asia,eichenwalde,Bronze,시메트라,DAMAGE,5.5,53.3
2026-02-11,competitive,Asia,eichenwalde,Bronze,아나,SUPPORT,36.4,52.0
2026-02-11,competitive,Asia,eichenwalde,Bronze,안란,DAMAGE,-1.0,-1.0
2026-02-11,competitive,Asia,eichenwalde,Bronze,애쉬,DAMAGE,13.6,53.4
2026-02-11,competitive,Asia,eichenwalde,Bronze,에코,DAMAGE,5.2,50.2
2026-02-11,competitive,Asia,eichenwalde,Bronze,엠레,DAMAGE,-1.0,-1.0
2026-02-11,competitive,Asia,eichenwalde,Bronze,오리사,TANK,15.9,42.5
2026-02-11,competitive,Asia,eichenwalde,Bronze,우양,SUPPORT,18.3,52.3
2026-02-11,competitive,Asia,eichenwalde,Bronze,위도우메이커,DAMAGE,2.6,44.5
2026-02-11,competitive,Asia,eichenwalde,Bronze,윈스턴,TANK,4.4,49.2
2026-02-11,competitive,Asia,eichenwalde,Bronze,일리아리,SUPPORT,17.2,56.5
2026-02-11,competitive,Asia,eichenwalde,Bronze,자리야,TANK,6.0,54.9
2026-02-11,competitive,Asia,eichenwalde,Bronze,정커퀸,TANK,2.9,51.0
2026-02-11,competitive,Asia,eichenwalde,Bronze,정크랫,DAMAGE,15.4,49.3
2026-02-11,competitive,Asia,eichenwalde,Bronze,제트팩 캣,SUPPORT,-1.0,-1.0
2026-02-11,competitive,Asia,eichenwalde,Bronze,젠야타,SUPPORT,15.3,52.2
2026-02-11,competitive,Asia,eichenwalde,Bronze,주노,SUPPORT,18.1,46.2
2026-02-11,competitive,Asia,eichenwalde,Bronze,캐서디,DAMAGE,15.2,45.6
2026-02-11,competitive,Asia,eichenwalde,Bronze,키리코,SUPPORT,30.3,45.9
2026-02-11,competitive,Asia,eichenwalde,Bronze,토르비욘,DAMAGE,8.2,50.1
2026-02-11,competitive,Asia,eichenwalde,Bronze,트레이서,DAMAGE,3.5,52.1
2026-02-11,competitive,Asia,eichenwalde,Bronze,파라,DAMAGE,11.0,53.5
2026-02-11,competitive,Asia,eichenwalde,Bronze,프레야,DAMAGE,5.5,44.5
2026-02-11,competitive,Asia,eichenwalde,Bronze,한조,DAMAGE,8.9,49.9
2026-02-11,competitive,Asia,eichenwalde,Bronze,해저드,TANK,2.4,44.3
2026-02-11,competitive,Asia,eichenwalde,Silver,D.Va,TANK,8.1,46.2
2026-02-11,competitive,Asia,eichenwalde,Silver,겐지,DAMAGE,13.2,53.4
2026-02-11,competitive,Asia,eichenwalde,Silver,도미나,TANK,-1.0,-1.0
2026-02-11,competitive,Asia,eichenwalde,Silver,둠피스트,TANK,4.0,56.4
2026-02-11,competitive,Asia,eichenwalde,Silver,라마트라,TANK,8.4,47.0
2026-02-11,competitive,Asia,eichenwalde,Silver,라이프위버,SUPPORT,5.4,43.6
2026-02-11,competitive,Asia,eichenwalde,Silver,라인하르트,TANK,12.9,50.5
2026-02-11,competitive,Asia,eichenwalde,Silver,레킹볼,TANK,3.3,50.7
2026-02-11,competitive,Asia,eichenwalde,Silver,로드호그,TANK,5.2,39.6
2026-02-11,competitive,Asia,eichenwalde,Silver,루시우,SUPPORT,7.0,44.0
2026-02-11,competitive,Asia,eichenwalde,Silver,리퍼,DAMAGE,12.0,49.2
2026-02-11,competitive,Asia,eichenwalde,Silver,마우가,TANK,3.9,43.7
2026-02-11,competitive,Asia,eichenwalde,Silver,메르시,SUPPORT,16.3,46.8
2026-02-11,competitive,Asia,eichenwalde,Silver,메이,DAMAGE,8.7,49.2
2026-02-11,competitive,Asia,eichenwalde,Silver,모이라,SUPPORT,21.3,43.9
2026-02-11,competitive,Asia,eichenwalde,Silver,미즈키,SUPPORT,-1.0,-1.0
2026-02-11,competitive,Asia,eichenwalde,Silver,바스티온,DAMAGE,17.3,45.9
2026-02-11,competitive,Asia,eichenwalde,Silver,바티스트,SUPPORT,10.1,47.3
2026-02-11,competitive,Asia,eichenwalde,Silver,벤데타,DAMAGE,3.9,57.9
2026-02-11,competitive,Asia,eichenwalde,Silver,벤처,DAMAGE,4.9,53.0
2026-02-11,competitive,Asia,eichenwalde,Silver,브리기테,SUPPORT,2.8,47.0
2026-02-11,competitive,Asia,eichenwalde,Silver,소전,DAMAGE,15.6,43.8
2026-02-11,competitive,Asia,eichenwalde,Silver,솔저: 76,DAMAGE,22.8,45.4
2026-02-11,competitive,Asia,eichenwalde,Silver,솜브라,DAMAGE,2.9,49.8
2026-02-11,competitive,Asia,eichenwalde,Silver,시그마,TANK,20.6,53.6
2026-02-11,competitive,Asia,eichenwalde,Silver,시메트라,DAMAGE,6.2,54.8
2026-02-11,competitive,Asia,eichenwalde,Silver,아나,SUPPORT,47.6,51.0
2026-02-11,competitive,Asia,eichenwalde,Silver,안란,DAMAGE,0.0,21.7
2026-02-11,competitive,Asia,eichenwalde,Silver,애쉬,DAMAGE,14.9,50.1
2026-02-11,competitive,Asia,eichenwalde,Silver,에코,DAMAGE,5.8,50.8
2026-02-11,competitive,Asia,eichenwalde,Silver,엠레,DAMAGE,-1.0,-1.0
2026-02-11,competitive,Asia,eichenwalde,Silver,오리사,TANK,14.2,44.3
2026-02-11,competitive,Asia,eichenwalde,Silver,우양,SUPPORT,15.3,52.2
2026-02-11,competitive,Asia,eichenwalde,Silver,위도우메이커,DAMAGE,2.4,43.5
2026-02-11,competitive,Asia,eichenwalde,Silver,윈스턴,TANK,5.4,46.7
2026-02-11,competitive,Asia,eichenwalde,Silver,일리아리,SUPPORT,17.1,54.6
2026-02-11,competitive,Asia,eichenwalde,Silver,자리야,TANK,8.4,53.3
2026-02-11,competitive,Asia,eichenwalde,Silver,정커퀸,TANK,3.3,52.0
2026-02-11,competitive,Asia,eichenwalde,Silver,정크랫,DAMAGE,14.7,47.7
2026-02-11,competitive,Asia,eichenwalde,Silver,제트팩 캣,SUPPORT,-1.0,-1.0
2026-02-11,competitive,Asia,eichenwalde,Silver,젠야타,SUPPORT,14.6,53.4
2026-02-11,competitive,Asia,eichenwalde,Silver,주노,SUPPORT,12.5,48.1
2026-02-11,competitive,Asia,eichenwalde,Silver,캐서디,DAMAGE,17.6,45.1
2026-02-11,competitive,Asia,eichenwalde,Silver,키리코,SUPPORT,30.1,46.4
2026-02-11,competitive,Asia,eichenwalde,Silver,토르비욘,DAMAGE,8.0,51.1
2026-02-11,competitive,Asia,eichenwalde,Silver,트레이서,DAMAGE,3.6,47.4
2026-02-11,competitive,Asia,eichenwalde,Silver,파라,DAMAGE,9.9,52.1
2026-02-11,competitive,Asia,eichenwalde,Silver,프레야,DAMAGE,5.4,48.9
2026-02-11,competitive,Asia,eichenwalde,Silver,한조,DAMAGE,10.3,51.0
2026-02-11,competitive,Asia,eichenwalde,Silver,해저드,TANK,2.3,47.5
2026-02-11,competitive,Asia,eichenwalde,Gold,D.Va,TANK,7.1,47.1
2026-02-11,competitive,Asia,eichenwalde,Gold,겐지,DAMAGE,15.9,52.9
2026-02-11,competitive,Asia,eichenwalde,Gold,도미나,TANK,-1.0,-1.0
2026-02-11,competitive,Asia,eichenwalde,Gold,둠피스트,TANK,4.9,51.7
2026-02-11,competitive,Asia,eichenwalde,Gold,라마트라,TANK,7.6,46.2
2026-02-11,competitive,Asia,eichenwalde,Gold,라이프위버,SUPPORT,5.6,43.0
2026-02-11,competitive,Asia,eichenwalde,Gold,라인하르트,TANK,13.2,50.5
2026-02-11,competitive,Asia,eichenwalde,Gold,레킹볼,TANK,3.5,47.3
2026-02-11,competitive,Asia,eichenwalde,Gold,로드호그,TANK,5.5,40.7
2026-02-11,competitive,Asia,eichenwalde,Gold,루시우,SUPPORT,4.8,46.3
2026-02-11,competitive,Asia,eichenwalde,Gold,리퍼,DAMAGE,10.7,48.4
2026-02-11,competitive,Asia,eichenwalde,Gold,마우가,TANK,3.2,44.3
2026-02-11,competitive,Asia,eichenwalde,Gold,메르시,SUPPORT,13.1,46.4
2026-02-11,competitive,Asia,eichenwalde,Gold,메이,DAMAGE,9.3,47.3
2026-02-11,competitive,Asia,eichenwalde,Gold,모이라,SUPPORT,16.6,44.0
2026-02-11,competitive,Asia,eichenwalde,Gold,미즈키,SUPPORT,-1.0,-1.0
2026-02-11,competitive,Asia,eichenwalde,Gold,바스티온,DAMAGE,13.6,46.1
2026-02-11,competitive,Asia,eichenwalde,Gold,바티스트,SUPPORT,10.6,44.3
2026-02-11,competitive,Asia,eichenwalde,Gold,벤데타,DAMAGE,3.7,55.3
2026-02-11,competitive,Asia,eichenwalde,Gold,벤처,DAMAGE,5.3,51.1
2026-02-11,competitive,Asia,eichenwalde,Gold,브리기테,SUPPORT,2.9,46.5
2026-02-11,competitive,Asia,eichenwalde,Gold,소전,DAMAGE,14.0,45.2
2026-02-11,competitive,Asia,eichenwalde,Gold,솔저: 76,DAMAGE,20.0,45.9
2026-02-11,competitive,Asia,eichenwalde,Gold,솜브라,DAMAGE,3.1,50.1
2026-02-11,competitive,Asia,eichenwalde,Gold,시그마,TANK,19.8,54.1
2026-02-11,competitive,Asia,eichenwalde,Gold,시메트라,DAMAGE,6.5,53.5
2026-02-11,competitive,Asia,eichenwalde,Gold,아나,SUPPORT,58.9,51.2
2026-02-11,competitive,Asia,eichenwalde,Gold,안란,DAMAGE,0.0,0.0
2026-02-11,competitive,Asia,eichenwalde,Gold,애쉬,DAMAGE,17.5,48.8
2026-02-11,competitive,Asia,eichenwalde,Gold,에코,DAMAGE,6.5,52.3
2026-02-11,competitive,Asia,eichenwalde,Gold,엠레,DAMAGE,-1.0,-1.0
2026-02-11,competitive,Asia,eichenwalde,Gold,오리사,TANK,12.6,43.4
2026-02-11,competitive,Asia,eichenwalde,Gold,우양,SUPPORT,15.5,52.6
2026-02-11,competitive,Asia,eichenwalde,Gold,위도우메이커,DAMAGE,2.4,43.3
2026-02-11,competitive,Asia,eichenwalde,Gold,윈스턴,TANK,6.6,47.1
2026-02-11,competitive,Asia,eichenwalde,Gold,일리아리,SUPPORT,16.6,54.0
2026-02-11,competitive,Asia,eichenwalde,Gold,자리야,TANK,10.0,51.7
2026-02-11,competitive,Asia,eichenwalde,Gold,정커퀸,TANK,3.6,50.5
2026-02-11,competitive,Asia,eichenwalde,Gold,정크랫,DAMAGE,12.3,48.4
2026-02-11,competitive,Asia,eichenwalde,Gold,제트팩 캣,SUPPORT,-1.0,-1.0
2026-02-11,competitive,Asia,eichenwalde,Gold,젠야타,SUPPORT,16.1,52.5
2026-02-11,competitive,Asia,eichenwalde,Gold,주노,SUPPORT,8.8,46.5
2026-02-11,competitive,Asia,eichenwalde,Gold,캐서디,DAMAGE,20.6,44.5
2026-02-11,competitive,Asia,eichenwalde,Gold,키리코,SUPPORT,30.6,46.4
2026-02-11,competitive,Asia,eichenwalde,Gold,토르비욘,DAMAGE,7.5,50.3
2026-02-11,competitive,Asia,eichenwalde,Gold,트레이서,DAMAGE,4.1,48.3
2026-02-11,competitive,Asia,eichenwalde,Gold,파라,DAMAGE,9.2,52.4
2026-02-11,competitive,Asia,eichenwalde,Gold,프레야,DAMAGE,5.6,47.5
2026-02-11,competitive,Asia,eichenwalde,Gold,한조,DAMAGE,12.2,50.0
2026-02-11,competitive,Asia,eichenwalde,Gold,해저드,TANK,2.3,51.0
2026-02-11,competitive,Asia,eichenwalde,Platinum,D.Va,TANK,7.0,49.4
2026-02-11,competitive,Asia,eichenwalde,Platinum,겐지,DAMAGE,18.1,52.0
2026-02-11,competitive,Asia,eichenwalde,Platinum,도미나,TANK,-1.0,-1.0
2026-02-11,competitive,Asia,eichenwalde,Platinum,둠피스트,TANK,6.9,51.3
2026-02-11,competitive,Asia,eichenwalde,Platinum,라마트라,TANK,6.6,46.5
2026-02-11,competitive,Asia,eichenwalde,Platinum,라이프위버,SUPPORT,5.0,40.5
2026-02-11,competitive,Asia,eichenwalde,Platinum,라인하르트,TANK,11.8,48.8
2026-02-11,competitive,Asia,eichenwalde,Platinum,레킹볼,TANK,3.9,46.3
2026-02-11,competitive,Asia,eichenwalde,Platinum,로드호그,TANK,5.3,38.4
2026-02-11,competitive,Asia,eichenwalde,Platinum,루시우,SUPPORT,3.2,44.9
2026-02-11,competitive,Asia,eichenwalde,Platinum,리퍼,DAMAGE,8.9,48.7
2026-02-11,competitive,Asia,eichenwalde,Platinum,마우가,TANK,2.6,43.3
2026-02-11,competitive,Asia,eichenwalde,Platinum,메르시,SUPPORT,10.3,47.4
2026-02-11,competitive,Asia,eichenwalde,Platinum,메이,DAMAGE,9.4,48.1
2026-02-11,competitive,Asia,eichenwalde,Platinum,모이라,SUPPORT,11.0,42.8
2026-02-11,competitive,Asia,eichenwalde,Platinum,미즈키,SUPPORT,-1.0,-1.0
2026-02-11,competitive,Asia,eichenwalde,Platinum,바스티온,DAMAGE,10.6,46.3
2026-02-11,competitive,Asia,eichenwalde,Platinum,바티스트,SUPPORT,11.5,43.7
2026-02-11,competitive,Asia,eichenwalde,Platinum,벤데타,DAMAGE,3.8,55.7
2026-02-11,competitive,Asia,eichenwalde,Platinum,벤처,DAMAGE,5.5,51.6
2026-02-11,competitive,Asia,eichenwalde,Platinum,브리기테,SUPPORT,3.3,44.6
2026-02-11,competitive,Asia,eichenwalde,Platinum,소전,DAMAGE,13.6,45.5
2026-02-11,competitive,Asia,eichenwalde,Platinum,솔저: 76,DAMAGE,15.4,45.3
2026-02-11,competitive,Asia,eichenwalde,Platinum,솜브라,DAMAGE,3.9,47.9
2026-02-11,competitive,Asia,eichenwalde,Platinum,시그마,TANK,19.1,54.6
2026-02-11,competitive,Asia,eichenwalde,Platinum,시메트라,DAMAGE,6.3,52.1
2026-02-11,competitive,Asia,eichenwalde,Platinum,아나,SUPPORT,66.6,52.8
2026-02-11,competitive,Asia,eichenwalde,Platinum,안란,DAMAGE,0.0,0.0
2026-02-11,competitive,Asia,eichenwalde,Platinum,애쉬,DAMAGE,19.3,50.1
2026-02-11,competitive,Asia,eichenwalde,Platinum,에코,DAMAGE,8.4,53.4
2026-02-11,competitive,Asia,eichenwalde,Platinum,엠레,DAMAGE,-1.0,-1.0
2026-02-11,competitive,Asia,eichenwalde,Platinum,오리사,TANK,10.6,43.5
2026-02-11,competitive,Asia,eichenwalde,Platinum,우양,SUPPORT,17.3,51.7
2026-02-11,competitive,Asia,eichenwalde,Platinum,위도우메이커,DAMAGE,2.6,43.6
2026-02-11,competitive,Asia,eichenwalde,Platinum,윈스턴,TANK,8.4,48.3
2026-02-11,competitive,Asia,eichenwalde,Platinum,일리아리,SUPPORT,17.8,55.7
2026-02-11,competitive,Asia,eichenwalde,Platinum,자리야,TANK,11.7,52.3
2026-02-11,competitive,Asia,eichenwalde,Platinum,정커퀸,TANK,3.6,49.9
2026-02-11,competitive,Asia,eichenwalde,Platinum,정크랫,DAMAGE,9.1,49.6
2026-02-11,competitive,Asia,eichenwalde,Platinum,제트팩 캣,SUPPORT,-1.0,-1.0
2026-02-11,competitive,Asia,eichenwalde,Platinum,젠야타,SUPPORT,18.7,53.3
2026-02-11,competitive,Asia,eichenwalde,Platinum,주노,SUPPORT,6.0,47.2
2026-02-11,competitive,Asia,eichenwalde,Platinum,캐서디,DAMAGE,24.3,43.8
2026-02-11,competitive,Asia,eichenwalde,Platinum,키리코,SUPPORT,29.4,44.1
2026-02-11,competitive,Asia,eichenwalde,Platinum,토르비욘,DAMAGE,6.6,48.3
2026-02-11,competitive,Asia,eichenwalde,Platinum,트레이서,DAMAGE,5.6,49.9
2026-02-11,competitive,Asia,eichenwalde,Platinum,파라,DAMAGE,9.1,53.4
2026-02-11,competitive,Asia,eichenwalde,Platinum,프레야,DAMAGE,6.0,47.1
2026-02-11,competitive,Asia,eichenwalde,Platinum,한조,DAMAGE,13.6,49.1
2026-02-11,competitive,Asia,eichenwalde,Platinum,해저드,TANK,2.6,49.5
2026-02-11,competitive,Asia,eichenwalde,Diamond,D.Va,TANK,7.1,48.1
2026-02-11,competitive,Asia,eichenwalde,Diamond,겐지,DAMAGE,20.0,50.8
2026-02-11,competitive,Asia,eichenwalde,Diamond,도미나,TANK,-1.0,-1.0
2026-02-11,competitive,Asia,eichenwalde,Diamond,둠피스트,TANK,10.6,51.3
2026-02-11,competitive,Asia,eichenwalde,Diamond,라마트라,TANK,5.5,47.5
2026-02-11,competitive,Asia,eichenwalde,Diamond,라이프위버,SUPPORT,4.3,36.7
2026-02-11,competitive,Asia,eichenwalde,Diamond,라인하르트,TANK,9.5,45.2
2026-02-11,competitive,Asia,eichenwalde,Diamond,레킹볼,TANK,3.8,47.0
2026-02-11,competitive,Asia,eichenwalde,Diamond,로드호그,TANK,4.8,36.6
2026-02-11,competitive,Asia,eichenwalde,Diamond,루시우,SUPPORT,2.7,47.5
2026-02-11,competitive,Asia,eichenwalde,Diamond,리퍼,DAMAGE,7.6,51.2
2026-02-11,competitive,Asia,eichenwalde,Diamond,마우가,TANK,2.2,43.1
2026-02-11,competitive,Asia,eichenwalde,Diamond,메르시,SUPPORT,7.5,47.5
2026-02-11,competitive,Asia,eichenwalde,Diamond,메이,DAMAGE,7.8,48.1
2026-02-11,competitive,Asia,eichenwalde,Diamond,모이라,SUPPORT,6.2,43.8
2026-02-11,competitive,Asia,eichenwalde,Diamond,미즈키,SUPPORT,-1.0,-1.0
2026-02-11,competitive,Asia,eichenwalde,Diamond,바스티온,DAMAGE,7.9,46.6
2026-02-11,competitive,Asia,eichenwalde,Diamond,바티스트,SUPPORT,13.0,44.2
2026-02-11,competitive,Asia,eichenwalde,Diamond,벤데타,DAMAGE,3.9,54.4
2026-02-11,competitive,Asia,eichenwalde,Diamond,벤처,DAMAGE,6.2,50.3
2026-02-11,competitive,Asia,eichenwalde,Diamond,브리기테,SUPPORT,4.4,45.9
2026-02-11,competitive,Asia,eichenwalde,Diamond,소전,DAMAGE,14.4,46.1
2026-02-11,competitive,Asia,eichenwalde,Diamond,솔저: 76,DAMAGE,11.7,47.4
2026-02-11,competitive,Asia,eichenwalde,Diamond,솜브라,DAMAGE,4.6,49.0
2026-02-11,competitive,Asia,eichenwalde,Diamond,시그마,TANK,18.2,56.7
2026-02-11,competitive,Asia,eichenwalde,Diamond,시메트라,DAMAGE,5.4,50.1
2026-02-11,competitive,Asia,eichenwalde,Diamond,아나,SUPPORT,68.5,53.0
2026-02-11,competitive,Asia,eichenwalde,Diamond,안란,DAMAGE,-1.0,-1.0
2026-02-11,competitive,Asia,eichenwalde,Diamond,애쉬,DAMAGE,19.7,51.1
2026-02-11,competitive,Asia,eichenwalde,Diamond,에코,DAMAGE,11.8,55.2
2026-02-11,competitive,Asia,eichenwalde,Diamond,엠레,DAMAGE,-1.0,-1.0
2026-02-11,competitive,Asia,eichenwalde,Diamond,오리사,TANK,8.4,45.8
2026-02-11,competitive,Asia,eichenwalde,Diamond,우양,SUPPORT,21.3,53.3
2026-02-11,competitive,Asia,eichenwalde,Diamond,위도우메이커,DAMAGE,2.7,42.4
2026-02-11,competitive,Asia,eichenwalde,Diamond,윈스턴,TANK,11.2,50.5
2026-02-11,competitive,Asia,eichenwalde,Diamond,일리아리,SUPPORT,20.4,55.2
2026-02-11,competitive,Asia,eichenwalde,Diamond,자리야,TANK,12.4,51.1
2026-02-11,competitive,Asia,eichenwalde,Diamond,정커퀸,TANK,3.2,45.2
2026-02-11,competitive,Asia,eichenwalde,Diamond,정크랫,DAMAGE,6.4,48.3
2026-02-11,competitive,Asia,eichenwalde,Diamond,제트팩 캣,SUPPORT,-1.0,-1.0
2026-02-11,competitive,Asia,eichenwalde,Diamond,젠야타,SUPPORT,20.3,51.4
2026-02-11,competitive,Asia,eichenwalde,Diamond,주노,SUPPORT,3.7,49.1
2026-02-11,competitive,Asia,eichenwalde,Diamond,캐서디,DAMAGE,26.7,43.5
2026-02-11,competitive,Asia,eichenwalde,Diamond,키리코,SUPPORT,27.6,42.9
2026-02-11,competitive,Asia,eichenwalde,Diamond,토르비욘,DAMAGE,5.3,45.4
2026-02-11,competitive,Asia,eichenwalde,Diamond,트레이서,DAMAGE,8.9,49.9
2026-02-11,competitive,Asia,eichenwalde,Diamond,파라,DAMAGE,8.3,53.1
2026-02-11,competitive,Asia,eichenwalde,Diamond,프레야,DAMAGE,6.6,46.7
2026-02-11,competitive,Asia,eichenwalde,Diamond,한조,DAMAGE,13.9,49.7
2026-02-11,competitive,Asia,eichenwalde,Diamond,해저드,TANK,3.0,48.0
2026-02-11,competitive,Asia,eichenwalde,Master,D.Va,TANK,7.0,48.1
2026-02-11,competitive,Asia,eichenwalde,Master,겐지,DAMAGE,19.7,48.8
2026-02-11,competitive,Asia,eichenwalde,Master,도미나,TANK,-1.0,-1.0
2026-02-11,competitive,Asia,eichenwalde,Master,둠피스트,TANK,12.6,50.4
2026-02-11,competitive,Asia,eichenwalde,Master,라마트라,TANK,4.4,46.2
2026-02-11,competitive,Asia,eichenwalde,Master,라이프위버,SUPPORT,3.5,31.3
2026-02-11,competitive,Asia,eichenwalde,Master,라인하르트,TANK,6.4,42.4
2026-02-11,competitive,Asia,eichenwalde,Master,레킹볼,TANK,4.3,44.0
2026-02-11,competitive,Asia,eichenwalde,Master,로드호그,TANK,4.8,41.3
2026-02-11,competitive,Asia,eichenwalde,Master,루시우,SUPPORT,3.2,38.3
2026-02-11,competitive,Asia,eichenwalde,Master,리퍼,DAMAGE,7.0,45.7
2026-02-11,competitive,Asia,eichenwalde,Master,마우가,TANK,2.0,43.4
2026-02-11,competitive,Asia,eichenwalde,Master,메르시,SUPPORT,6.3,43.3
2026-02-11,competitive,Asia,eichenwalde,Master,메이,DAMAGE,6.1,45.8
2026-02-11,competitive,Asia,eichenwalde,Master,모이라,SUPPORT,4.2,38.7
2026-02-11,competitive,Asia,eichenwalde,Master,미즈키,SUPPORT,-1.0,-1.0
2026-02-11,competitive,Asia,eichenwalde,Master,바스티온,DAMAGE,5.4,49.0
2026-02-11,competitive,Asia,eichenwalde,Master,바티스트,SUPPORT,16.1,47.8
2026-02-11,competitive,Asia,eichenwalde,Master,벤데타,DAMAGE,3.9,54.6
2026-02-11,competitive,Asia,eichenwalde,Master,벤처,DAMAGE,6.4,51.5
2026-02-11,competitive,Asia,eichenwalde,Master,브리기테,SUPPORT,5.9,48.1
2026-02-11,competitive,Asia,eichenwalde,Master,소전,DAMAGE,15.7,48.2
2026-02-11,competitive,Asia,eichenwalde,Master,솔저: 76,DAMAGE,7.1,46.7
2026-02-11,competitive,Asia,eichenwalde,Master,솜브라,DAMAGE,5.6,51.2
2026-02-11,competitive,Asia,eichenwalde,Master,시그마,TANK,18.4,57.3
2026-02-11,competitive,Asia,eichenwalde,Master,시메트라,DAMAGE,4.3,51.1
2026-02-11,competitive,Asia,eichenwalde,Master,아나,SUPPORT,64.9,52.3
2026-02-11,competitive,Asia,eichenwalde,Master,안란,DAMAGE,-1.0,-1.0
2026-02-11,competitive,Asia,eichenwalde,Master,애쉬,DAMAGE,19.3,51.4
2026-02-11,competitive,Asia,eichenwalde,Master,에코,DAMAGE,17.3,52.2
2026-02-11,competitive,Asia,eichenwalde,Master,엠레,DAMAGE,-1.0,-1.0
2026-02-11,competitive,Asia,eichenwalde,Master,오리사,TANK,7.1,45.6
2026-02-11,competitive,Asia,eichenwalde,Master,우양,SUPPORT,26.4,54.2
2026-02-11,competitive,Asia,eichenwalde,Master,위도우메이커,DAMAGE,3.4,42.0
2026-02-11,competitive,Asia,eichenwalde,Master,윈스턴,TANK,14.0,47.6
2026-02-11,competitive,Asia,eichenwalde,Master,일리아리,SUPPORT,21.9,58.0
2026-02-11,competitive,Asia,eichenwalde,Master,자리야,TANK,12.4,54.3
2026-02-11,competitive,Asia,eichenwalde,Master,정커퀸,TANK,3.2,44.6
2026-02-11,competitive,Asia,eichenwalde,Master,정크랫,DAMAGE,4.6,52.7
2026-02-11,competitive,Asia,eichenwalde,Master,제트팩 캣,SUPPORT,-1.0,-1.0
2026-02-11,competitive,Asia,eichenwalde,Master,젠야타,SUPPORT,18.4,49.2
2026-02-11,competitive,Asia,eichenwalde,Master,주노,SUPPORT,2.1,39.6
2026-02-11,competitive,Asia,eichenwalde,Master,캐서디,DAMAGE,26.9,43.3
2026-02-11,competitive,Asia,eichenwalde,Master,키리코,SUPPORT,27.2,45.4
2026-02-11,competitive,Asia,eichenwalde,Master,토르비욘,DAMAGE,3.8,46.1
2026-02-11,competitive,Asia,eichenwalde,Master,트레이서,DAMAGE,14.6,52.0
2026-02-11,competitive,Asia,eichenwalde,Master,파라,DAMAGE,7.8,54.7
2026-02-11,competitive,Asia,eichenwalde,Master,프레야,DAMAGE,7.8,44.8
2026-02-11,competitive,Asia,eichenwalde,Master,한조,DAMAGE,13.2,50.2
2026-02-11,competitive,Asia,eichenwalde,Master,해저드,TANK,3.3,53.4
2026-02-11,competitive,Asia,eichenwalde,Grandmaster,D.Va,TANK,9.0,46.5
2026-02-11,competitive,Asia,eichenwalde,Grandmaster,겐지,DAMAGE,14.7,51.0
2026-02-11,competitive,Asia,eichenwalde,Grandmaster,도미나,TANK,-1.0,-1.0
2026-02-11,competitive,Asia,eichenwalde,Grandmaster,둠피스트,TANK,11.6,47.8
2026-02-11,competitive,Asia,eichenwalde,Grandmaster,라마트라,TANK,4.9,42.9
2026-02-11,competitive,Asia,eichenwalde,Grandmaster,라이프위버,SUPPORT,1.8,24.0
2026-02-11,competitive,Asia,eichenwalde,Grandmaster,라인하르트,TANK,5.7,44.2
2026-02-11,competitive,Asia,eichenwalde,Grandmaster,레킹볼,TANK,5.1,47.2
2026-02-11,competitive,Asia,eichenwalde,Grandmaster,로드호그,TANK,3.6,30.0
2026-02-11,competitive,Asia,eichenwalde,Grandmaster,루시우,SUPPORT,5.4,46.4
2026-02-11,competitive,Asia,eichenwalde,Grandmaster,리퍼,DAMAGE,5.2,56.4
2026-02-11,competitive,Asia,eichenwalde,Grandmaster,마우가,TANK,0.8,44.0
2026-02-11,competitive,Asia,eichenwalde,Grandmaster,메르시,SUPPORT,4.3,43.2
2026-02-11,competitive,Asia,eichenwalde,Grandmaster,메이,DAMAGE,4.7,42.2
2026-02-11,competitive,Asia,eichenwalde,Grandmaster,모이라,SUPPORT,3.5,45.4
2026-02-11,competitive,Asia,eichenwalde,Grandmaster,미즈키,SUPPORT,-1.0,-1.0
2026-02-11,competitive,Asia,eichenwalde,Grandmaster,바스티온,DAMAGE,3.5,47.6
2026-02-11,competitive,Asia,eichenwalde,Grandmaster,바티스트,SUPPORT,22.1,45.5
2026-02-11,competitive,Asia,eichenwalde,Grandmaster,벤데타,DAMAGE,6.3,55.9
2026-02-11,competitive,Asia,eichenwalde,Grandmaster,벤처,DAMAGE,5.7,43.1
2026-02-11,competitive,Asia,eichenwalde,Grandmaster,브리기테,SUPPORT,9.0,49.8
2026-02-11,competitive,Asia,eichenwalde,Grandmaster,소전,DAMAGE,13.7,42.6
2026-02-11,competitive,Asia,eichenwalde,Grandmaster,솔저: 76,DAMAGE,5.6,54.8
2026-02-11,competitive,Asia,eichenwalde,Grandmaster,솜브라,DAMAGE,4.7,36.5
2026-02-11,competitive,Asia,eichenwalde,Grandmaster,시그마,TANK,21.9,61.7
2026-02-11,competitive,Asia,eichenwalde,Grandmaster,시메트라,DAMAGE,4.8,60.3
2026-02-11,competitive,Asia,eichenwalde,Grandmaster,아나,SUPPORT,53.3,53.6
2026-02-11,competitive,Asia,eichenwalde,Grandmaster,안란,DAMAGE,-1.0,-1.0
2026-02-11,competitive,Asia,eichenwalde,Grandmaster,애쉬,DAMAGE,22.8,51.9
2026-02-11,competitive,Asia,eichenwalde,Grandmaster,에코,DAMAGE,20.9,56.8
2026-02-11,competitive,Asia,eichenwalde,Grandmaster,엠레,DAMAGE,-1.0,-1.0
2026-02-11,competitive,Asia,eichenwalde,Grandmaster,오리사,TANK,5.2,45.1
2026-02-11,competitive,Asia,eichenwalde,Grandmaster,우양,SUPPORT,32.3,54.6
2026-02-11,competitive,Asia,eichenwalde,Grandmaster,위도우메이커,DAMAGE,3.4,43.4
2026-02-11,competitive,Asia,eichenwalde,Grandmaster,윈스턴,TANK,13.0,44.6
2026-02-11,competitive,Asia,eichenwalde,Grandmaster,일리아리,SUPPORT,24.2,55.4
2026-02-11,competitive,Asia,eichenwalde,Grandmaster,자리야,TANK,14.7,55.2
2026-02-11,competitive,Asia,eichenwalde,Grandmaster,정커퀸,TANK,1.6,52.1
2026-02-11,competitive,Asia,eichenwalde,Grandmaster,정크랫,DAMAGE,5.0,50.2
2026-02-11,competitive,Asia,eichenwalde,Grandmaster,제트팩 캣,SUPPORT,-1.0,-1.0
2026-02-11,competitive,Asia,eichenwalde,Grandmaster,젠야타,SUPPORT,11.2,43.9
2026-02-11,competitive,Asia,eichenwalde,Grandmaster,주노,SUPPORT,2.1,60.8
2026-02-11,competitive,Asia,eichenwalde,Grandmaster,캐서디,DAMAGE,22.8,38.9
2026-02-11,competitive,Asia,eichenwalde,Grandmaster,키리코,SUPPORT,30.9,43.7
2026-02-11,competitive,Asia,eichenwalde,Grandmaster,토르비욘,DAMAGE,2.2,53.9
2026-02-11,competitive,Asia,eichenwalde,Grandmaster,트레이서,DAMAGE,23.4,47.2
2026-02-11,competitive,Asia,eichenwalde,Grandmaster,파라,DAMAGE,7.7,55.8
2026-02-11,competitive,Asia,eichenwalde,Grandmaster,프레야,DAMAGE,10.1,47.7
2026-02-11,competitive,Asia,eichenwalde,Grandmaster,한조,DAMAGE,12.9,50.8
2026-02-11,competitive,Asia,eichenwalde,Grandmaster,해저드,TANK,2.7,51.0
2026-02-11,competitive,Asia,kings-row,All,D.Va,TANK,6.6,46.7
2026-02-11,competitive,Asia,kings-row,All,겐지,DAMAGE,17.1,51.8
2026-02-11,competitive,Asia,kings-row,All,도미나,TANK,-1.0,-1.0
2026-02-11,competitive,Asia,kings-row,All,둠피스트,TANK,6.4,52.5
2026-02-11,competitive,Asia,kings-row,All,라마트라,TANK,8.2,46.2
2026-02-11,competitive,Asia,kings-row,All,라이프위버,SUPPORT,4.9,41.3
2026-02-11,competitive,Asia,kings-row,All,라인하르트,TANK,12.3,50.2
2026-02-11,competitive,Asia,kings-row,All,레킹볼,TANK,2.9,48.0
2026-02-11,competitive,Asia,kings-row,All,로드호그,TANK,4.5,39.0
2026-02-11,competitive,Asia,kings-row,All,루시우,SUPPORT,3.9,43.2
2026-02-11,competitive,Asia,kings-row,All,리퍼,DAMAGE,10.0,49.0
2026-02-11,competitive,Asia,kings-row,All,마우가,TANK,3.0,43.9
2026-02-11,competitive,Asia,kings-row,All,메르시,SUPPORT,10.0,46.3
2026-02-11,competitive,Asia,kings-row,All,메이,DAMAGE,11.0,50.1
2026-02-11,competitive,Asia,kings-row,All,모이라,SUPPORT,13.1,44.0
2026-02-11,competitive,Asia,kings-row,All,미즈키,SUPPORT,-1.0,-1.0
2026-02-11,competitive,Asia,kings-row,All,바스티온,DAMAGE,14.3,47.9
2026-02-11,competitive,Asia,kings-row,All,바티스트,SUPPORT,12.5,46.5
2026-02-11,competitive,Asia,kings-row,All,벤데타,DAMAGE,3.5,56.3
2026-02-11,competitive,Asia,kings-row,All,벤처,DAMAGE,5.4,51.9
2026-02-11,competitive,Asia,kings-row,All,브리기테,SUPPORT,3.1,44.7
2026-02-11,competitive,Asia,kings-row,All,소전,DAMAGE,16.6,45.6
2026-02-11,competitive,Asia,kings-row,All,솔저: 76,DAMAGE,16.0,45.9
2026-02-11,competitive,Asia,kings-row,All,솜브라,DAMAGE,3.3,49.3
2026-02-11,competitive,Asia,kings-row,All,시그마,TANK,19.0,55.1
2026-02-11,competitive,Asia,kings-row,All,시메트라,DAMAGE,5.4,50.9
2026-02-11,competitive,Asia,kings-row,All,아나,SUPPORT,61.5,52.0
2026-02-11,competitive,Asia,kings-row,All,안란,DAMAGE,0.0,24.0
2026-02-11,competitive,Asia,kings-row,All,애쉬,DAMAGE,19.7,50.8
2026-02-11,competitive,Asia,kings-row,All,에코,DAMAGE,5.8,51.7
2026-02-11,competitive,Asia,kings-row,All,엠레,DAMAGE,-1.0,-1.0
2026-02-11,competitive,Asia,kings-row,All,오리사,TANK,12.0,45.1
2026-02-11,competitive,Asia,kings-row,All,우양,SUPPORT,17.5,52.0
2026-02-11,competitive,Asia,kings-row,All,위도우메이커,DAMAGE,8.3,52.8
2026-02-11,competitive,Asia,kings-row,All,윈스턴,TANK,8.4,47.1
2026-02-11,competitive,Asia,kings-row,All,일리아리,SUPPORT,17.8,55.3
2026-02-11,competitive,Asia,kings-row,All,자리야,TANK,11.2,53.8
2026-02-11,competitive,Asia,kings-row,All,정커퀸,TANK,3.6,49.3
2026-02-11,competitive,Asia,kings-row,All,정크랫,DAMAGE,8.6,48.3
2026-02-11,competitive,Asia,kings-row,All,제트팩 캣,SUPPORT,-1.0,-1.0
2026-02-11,competitive,Asia,kings-row,All,젠야타,SUPPORT,18.1,52.8
2026-02-11,competitive,Asia,kings-row,All,주노,SUPPORT,7.9,48.0
2026-02-11,competitive,Asia,kings-row,All,캐서디,DAMAGE,20.1,44.8
2026-02-11,competitive,Asia,kings-row,All,키리코,SUPPORT,29.6,45.7
2026-02-11,competitive,Asia,kings-row,All,토르비욘,DAMAGE,4.3,46.9
2026-02-11,competitive,Asia,kings-row,All,트레이서,DAMAGE,4.9,46.8
2026-02-11,competitive,Asia,kings-row,All,파라,DAMAGE,7.0,51.6
2026-02-11,competitive,Asia,kings-row,All,프레야,DAMAGE,6.0,46.9
2026-02-11,competitive,Asia,kings-row,All,한조,DAMAGE,12.6,50.6
2026-02-11,competitive,Asia,kings-row,All,해저드,TANK,2.1,47.2
2026-02-11,competitive,Asia,kings-row,Bronze,D.Va,TANK,9.4,45.5
2026-02-11,competitive,Asia,kings-row,Bronze,겐지,DAMAGE,10.4,54.2
2026-02-11,competitive,Asia,kings-row,Bronze,도미나,TANK,-1.0,-1.0
2026-02-11,competitive,Asia,kings-row,Bronze,둠피스트,TANK,3.2,56.6
2026-02-11,competitive,Asia,kings-row,Bronze,라마트라,TANK,10.0,47.2
2026-02-11,competitive,Asia,kings-row,Bronze,라이프위버,SUPPORT,5.0,43.6
2026-02-11,competitive,Asia,kings-row,Bronze,라인하르트,TANK,11.4,52.8
2026-02-11,competitive,Asia,kings-row,Bronze,레킹볼,TANK,3.1,47.9
2026-02-11,competitive,Asia,kings-row,Bronze,로드호그,TANK,5.3,45.1
2026-02-11,competitive,Asia,kings-row,Bronze,루시우,SUPPORT,7.4,45.2
2026-02-11,competitive,Asia,kings-row,Bronze,리퍼,DAMAGE,11.4,49.3
2026-02-11,competitive,Asia,kings-row,Bronze,마우가,TANK,4.7,46.1
2026-02-11,competitive,Asia,kings-row,Bronze,메르시,SUPPORT,14.8,46.3
2026-02-11,competitive,Asia,kings-row,Bronze,메이,DAMAGE,8.5,49.8
2026-02-11,competitive,Asia,kings-row,Bronze,모이라,SUPPORT,22.3,44.2
2026-02-11,competitive,Asia,kings-row,Bronze,미즈키,SUPPORT,-1.0,-1.0
2026-02-11,competitive,Asia,kings-row,Bronze,바스티온,DAMAGE,23.7,47.4
2026-02-11,competitive,Asia,kings-row,Bronze,바티스트,SUPPORT,9.7,46.7
2026-02-11,competitive,Asia,kings-row,Bronze,벤데타,DAMAGE,3.0,57.2
2026-02-11,competitive,Asia,kings-row,Bronze,벤처,DAMAGE,4.3,52.8
2026-02-11,competitive,Asia,kings-row,Bronze,브리기테,SUPPORT,2.6,47.9
2026-02-11,competitive,Asia,kings-row,Bronze,소전,DAMAGE,19.0,42.7
2026-02-11,competitive,Asia,kings-row,Bronze,솔저: 76,DAMAGE,22.4,46.1
2026-02-11,competitive,Asia,kings-row,Bronze,솜브라,DAMAGE,2.5,46.8
2026-02-11,competitive,Asia,kings-row,Bronze,시그마,TANK,20.6,55.5
2026-02-11,competitive,Asia,kings-row,Bronze,시메트라,DAMAGE,5.2,51.9
2026-02-11,competitive,Asia,kings-row,Bronze,아나,SUPPORT,38.8,52.9
2026-02-11,competitive,Asia,kings-row,Bronze,안란,DAMAGE,0.0,0.0
2026-02-11,competitive,Asia,kings-row,Bronze,애쉬,DAMAGE,16.1,51.0
2026-02-11,competitive,Asia,kings-row,Bronze,에코,DAMAGE,4.6,49.3
2026-02-11,competitive,Asia,kings-row,Bronze,엠레,DAMAGE,-1.0,-1.0
2026-02-11,competitive,Asia,kings-row,Bronze,오리사,TANK,16.1,42.9
2026-02-11,competitive,Asia,kings-row,Bronze,우양,SUPPORT,17.4,51.2
2026-02-11,competitive,Asia,kings-row,Bronze,위도우메이커,DAMAGE,8.5,53.3
2026-02-11,competitive,Asia,kings-row,Bronze,윈스턴,TANK,4.9,45.5
2026-02-11,competitive,Asia,kings-row,Bronze,일리아리,SUPPORT,18.4,54.8
2026-02-11,competitive,Asia,kings-row,Bronze,자리야,TANK,6.1,57.8
2026-02-11,competitive,Asia,kings-row,Bronze,정커퀸,TANK,3.0,47.7
2026-02-11,competitive,Asia,kings-row,Bronze,정크랫,DAMAGE,13.2,48.6
2026-02-11,competitive,Asia,kings-row,Bronze,제트팩 캣,SUPPORT,-1.0,-1.0
2026-02-11,competitive,Asia,kings-row,Bronze,젠야타,SUPPORT,14.7,51.3
2026-02-11,competitive,Asia,kings-row,Bronze,주노,SUPPORT,17.8,48.4
2026-02-11,competitive,Asia,kings-row,Bronze,캐서디,DAMAGE,13.7,48.0
2026-02-11,competitive,Asia,kings-row,Bronze,키리코,SUPPORT,31.1,47.4
2026-02-11,competitive,Asia,kings-row,Bronze,토르비욘,DAMAGE,5.7,49.1
2026-02-11,competitive,Asia,kings-row,Bronze,트레이서,DAMAGE,3.1,48.2
2026-02-11,competitive,Asia,kings-row,Bronze,파라,DAMAGE,9.3,50.8
2026-02-11,competitive,Asia,kings-row,Bronze,프레야,DAMAGE,5.9,47.4
2026-02-11,competitive,Asia,kings-row,Bronze,한조,DAMAGE,9.5,52.3
2026-02-11,competitive,Asia,kings-row,Bronze,해저드,TANK,2.1,40.7
2026-02-11,competitive,Asia,kings-row,Silver,D.Va,TANK,7.8,46.5
2026-02-11,competitive,Asia,kings-row,Silver,겐지,DAMAGE,13.3,52.7
2026-02-11,competitive,Asia,kings-row,Silver,도미나,TANK,-1.0,-1.0
2026-02-11,competitive,Asia,kings-row,Silver,둠피스트,TANK,3.9,55.2
2026-02-11,competitive,Asia,kings-row,Silver,라마트라,TANK,9.2,46.4
2026-02-11,competitive,Asia,kings-row,Silver,라이프위버,SUPPORT,5.5,43.9
2026-02-11,competitive,Asia,kings-row,Silver,라인하르트,TANK,12.9,51.8
2026-02-11,competitive,Asia,kings-row,Silver,레킹볼,TANK,2.8,50.8
2026-02-11,competitive,Asia,kings-row,Silver,로드호그,TANK,4.6,41.5
2026-02-11,competitive,Asia,kings-row,Silver,루시우,SUPPORT,6.1,43.6
2026-02-11,competitive,Asia,kings-row,Silver,리퍼,DAMAGE,12.2,49.1
2026-02-11,competitive,Asia,kings-row,Silver,마우가,TANK,3.9,43.4
2026-02-11,competitive,Asia,kings-row,Silver,메르시,SUPPORT,14.9,45.7
2026-02-11,competitive,Asia,kings-row,Silver,메이,DAMAGE,10.9,50.5
2026-02-11,competitive,Asia,kings-row,Silver,모이라,SUPPORT,20.6,44.0
2026-02-11,competitive,Asia,kings-row,Silver,미즈키,SUPPORT,-1.0,-1.0
2026-02-11,competitive,Asia,kings-row,Silver,바스티온,DAMAGE,18.7,47.7
2026-02-11,competitive,Asia,kings-row,Silver,바티스트,SUPPORT,10.7,47.2
2026-02-11,competitive,Asia,kings-row,Silver,벤데타,DAMAGE,3.5,55.5
2026-02-11,competitive,Asia,kings-row,Silver,벤처,DAMAGE,4.8,52.2
2026-02-11,competitive,Asia,kings-row,Silver,브리기테,SUPPORT,2.6,45.7
2026-02-11,competitive,Asia,kings-row,Silver,소전,DAMAGE,17.0,44.8
2026-02-11,competitive,Asia,kings-row,Silver,솔저: 76,DAMAGE,21.8,45.2
2026-02-11,competitive,Asia,kings-row,Silver,솜브라,DAMAGE,2.5,50.7
2026-02-11,competitive,Asia,kings-row,Silver,시그마,TANK,20.0,53.4
2026-02-11,competitive,Asia,kings-row,Silver,시메트라,DAMAGE,5.6,51.8
2026-02-11,competitive,Asia,kings-row,Silver,아나,SUPPORT,49.7,51.4
2026-02-11,competitive,Asia,kings-row,Silver,안란,DAMAGE,-1.0,-1.0
2026-02-11,competitive,Asia,kings-row,Silver,애쉬,DAMAGE,17.0,51.6
2026-02-11,competitive,Asia,kings-row,Silver,에코,DAMAGE,4.5,50.9
2026-02-11,competitive,Asia,kings-row,Silver,엠레,DAMAGE,-1.0,-1.0
2026-02-11,competitive,Asia,kings-row,Silver,오리사,TANK,15.0,44.0
2026-02-11,competitive,Asia,kings-row,Silver,우양,SUPPORT,15.0,51.6
2026-02-11,competitive,Asia,kings-row,Silver,위도우메이커,DAMAGE,8.3,53.6
2026-02-11,competitive,Asia,kings-row,Silver,윈스턴,TANK,6.1,48.1
2026-02-11,competitive,Asia,kings-row,Silver,일리아리,SUPPORT,17.0,54.9
2026-02-11,competitive,Asia,kings-row,Silver,자리야,TANK,8.3,54.6
2026-02-11,competitive,Asia,kings-row,Silver,정커퀸,TANK,3.5,49.2
2026-02-11,competitive,Asia,kings-row,Silver,정크랫,DAMAGE,12.3,47.7
2026-02-11,competitive,Asia,kings-row,Silver,제트팩 캣,SUPPORT,-1.0,-1.0
2026-02-11,competitive,Asia,kings-row,Silver,젠야타,SUPPORT,14.5,53.5
2026-02-11,competitive,Asia,kings-row,Silver,주노,SUPPORT,12.5,49.0
2026-02-11,competitive,Asia,kings-row,Silver,캐서디,DAMAGE,16.4,46.3
2026-02-11,competitive,Asia,kings-row,Silver,키리코,SUPPORT,30.9,47.1
2026-02-11,competitive,Asia,kings-row,Silver,토르비욘,DAMAGE,4.9,47.8
2026-02-11,competitive,Asia,kings-row,Silver,트레이서,DAMAGE,3.3,46.5
2026-02-11,competitive,Asia,kings-row,Silver,파라,DAMAGE,7.6,50.3
2026-02-11,competitive,Asia,kings-row,Silver,프레야,DAMAGE,5.4,46.6
2026-02-11,competitive,Asia,kings-row,Silver,한조,DAMAGE,10.0,49.8
2026-02-11,competitive,Asia,kings-row,Silver,해저드,TANK,2.2,47.6
2026-02-11,competitive,Asia,kings-row,Gold,D.Va,TANK,6.3,45.4
2026-02-11,competitive,Asia,kings-row,Gold,겐지,DAMAGE,16.1,51.8
2026-02-11,competitive,Asia,kings-row,Gold,도미나,TANK,-1.0,-1.0
2026-02-11,competitive,Asia,kings-row,Gold,둠피스트,TANK,5.0,52.8
2026-02-11,competitive,Asia,kings-row,Gold,라마트라,TANK,8.5,47.2
2026-02-11,competitive,Asia,kings-row,Gold,라이프위버,SUPPORT,5.5,42.5
2026-02-11,competitive,Asia,kings-row,Gold,라인하르트,TANK,13.4,50.8
2026-02-11,competitive,Asia,kings-row,Gold,레킹볼,TANK,2.8,48.7
2026-02-11,competitive,Asia,kings-row,Gold,로드호그,TANK,4.7,39.9
2026-02-11,competitive,Asia,kings-row,Gold,루시우,SUPPORT,4.2,42.3
2026-02-11,competitive,Asia,kings-row,Gold,리퍼,DAMAGE,11.3,49.2
2026-02-11,competitive,Asia,kings-row,Gold,마우가,TANK,3.3,43.8
2026-02-11,competitive,Asia,kings-row,Gold,메르시,SUPPORT,11.5,46.1
2026-02-11,competitive,Asia,kings-row,Gold,메이,DAMAGE,11.9,50.3
2026-02-11,competitive,Asia,kings-row,Gold,모이라,SUPPORT,15.8,44.8
2026-02-11,competitive,Asia,kings-row,Gold,미즈키,SUPPORT,-1.0,-1.0
2026-02-11,competitive,Asia,kings-row,Gold,바스티온,DAMAGE,15.5,47.6
2026-02-11,competitive,Asia,kings-row,Gold,바티스트,SUPPORT,11.5,46.0
2026-02-11,competitive,Asia,kings-row,Gold,벤데타,DAMAGE,3.6,56.5
2026-02-11,competitive,Asia,kings-row,Gold,벤처,DAMAGE,5.0,50.8
2026-02-11,competitive,Asia,kings-row,Gold,브리기테,SUPPORT,2.9,45.9
2026-02-11,competitive,Asia,kings-row,Gold,소전,DAMAGE,15.6,45.0
2026-02-11,competitive,Asia,kings-row,Gold,솔저: 76,DAMAGE,18.6,45.0
2026-02-11,competitive,Asia,kings-row,Gold,솜브라,DAMAGE,2.9,51.0
2026-02-11,competitive,Asia,kings-row,Gold,시그마,TANK,19.1,54.3
2026-02-11,competitive,Asia,kings-row,Gold,시메트라,DAMAGE,5.6,51.8
2026-02-11,competitive,Asia,kings-row,Gold,아나,SUPPORT,60.6,51.8
2026-02-11,competitive,Asia,kings-row,Gold,안란,DAMAGE,0.0,57.7
2026-02-11,competitive,Asia,kings-row,Gold,애쉬,DAMAGE,19.5,51.0
2026-02-11,competitive,Asia,kings-row,Gold,에코,DAMAGE,4.8,51.0
2026-02-11,competitive,Asia,kings-row,Gold,엠레,DAMAGE,-1.0,-1.0
2026-02-11,competitive,Asia,kings-row,Gold,오리사,TANK,13.2,44.7
2026-02-11,competitive,Asia,kings-row,Gold,우양,SUPPORT,15.4,52.4
2026-02-11,competitive,Asia,kings-row,Gold,위도우메이커,DAMAGE,8.4,53.7
2026-02-11,competitive,Asia,kings-row,Gold,윈스턴,TANK,7.3,47.8
2026-02-11,competitive,Asia,kings-row,Gold,일리아리,SUPPORT,16.4,55.5
2026-02-11,competitive,Asia,kings-row,Gold,자리야,TANK,10.8,52.9
2026-02-11,competitive,Asia,kings-row,Gold,정커퀸,TANK,3.6,49.8
2026-02-11,competitive,Asia,kings-row,Gold,정크랫,DAMAGE,9.9,47.7
2026-02-11,competitive,Asia,kings-row,Gold,제트팩 캣,SUPPORT,-1.0,-1.0
2026-02-11,competitive,Asia,kings-row,Gold,젠야타,SUPPORT,16.2,53.1
2026-02-11,competitive,Asia,kings-row,Gold,주노,SUPPORT,8.7,48.2
2026-02-11,competitive,Asia,kings-row,Gold,캐서디,DAMAGE,19.3,45.6
2026-02-11,competitive,Asia,kings-row,Gold,키리코,SUPPORT,31.3,45.9
2026-02-11,competitive,Asia,kings-row,Gold,토르비욘,DAMAGE,4.5,47.7
2026-02-11,competitive,Asia,kings-row,Gold,트레이서,DAMAGE,3.6,45.8
2026-02-11,competitive,Asia,kings-row,Gold,파라,DAMAGE,6.8,51.7
2026-02-11,competitive,Asia,kings-row,Gold,프레야,DAMAGE,5.5,47.8
2026-02-11,competitive,Asia,kings-row,Gold,한조,DAMAGE,11.7,50.0
2026-02-11,competitive,Asia,kings-row,Gold,해저드,TANK,2.0,49.2
2026-02-11,competitive,Asia,kings-row,Platinum,D.Va,TANK,6.0,46.9
2026-02-11,competitive,Asia,kings-row,Platinum,겐지,DAMAGE,18.7,51.5
2026-02-11,competitive,Asia,kings-row,Platinum,도미나,TANK,-1.0,-1.0
2026-02-11,competitive,Asia,kings-row,Platinum,둠피스트,TANK,6.8,52.6
2026-02-11,competitive,Asia,kings-row,Platinum,라마트라,TANK,7.8,45.8
2026-02-11,competitive,Asia,kings-row,Platinum,라이프위버,SUPPORT,4.8,40.7
2026-02-11,competitive,Asia,kings-row,Platinum,라인하르트,TANK,12.8,49.7
2026-02-11,competitive,Asia,kings-row,Platinum,레킹볼,TANK,2.9,47.1
2026-02-11,competitive,Asia,kings-row,Platinum,로드호그,TANK,4.5,36.8
2026-02-11,competitive,Asia,kings-row,Platinum,루시우,SUPPORT,2.9,44.0
2026-02-11,competitive,Asia,kings-row,Platinum,리퍼,DAMAGE,9.4,48.9
2026-02-11,competitive,Asia,kings-row,Platinum,마우가,TANK,2.6,43.4
2026-02-11,competitive,Asia,kings-row,Platinum,메르시,SUPPORT,8.2,46.7
2026-02-11,competitive,Asia,kings-row,Platinum,메이,DAMAGE,11.8,50.0
2026-02-11,competitive,Asia,kings-row,Platinum,모이라,SUPPORT,10.2,43.4
2026-02-11,competitive,Asia,kings-row,Platinum,미즈키,SUPPORT,-1.0,-1.0
2026-02-11,competitive,Asia,kings-row,Platinum,바스티온,DAMAGE,12.8,48.0
2026-02-11,competitive,Asia,kings-row,Platinum,바티스트,SUPPORT,12.7,46.8
2026-02-11,competitive,Asia,kings-row,Platinum,벤데타,DAMAGE,3.4,56.1
2026-02-11,competitive,Asia,kings-row,Platinum,벤처,DAMAGE,5.5,51.9
2026-02-11,competitive,Asia,kings-row,Platinum,브리기테,SUPPORT,3.2,43.8
2026-02-11,competitive,Asia,kings-row,Platinum,소전,DAMAGE,15.8,45.5
2026-02-11,competitive,Asia,kings-row,Platinum,솔저: 76,DAMAGE,14.2,46.7
2026-02-11,competitive,Asia,kings-row,Platinum,솜브라,DAMAGE,3.6,48.8
2026-02-11,competitive,Asia,kings-row,Platinum,시그마,TANK,18.3,55.8
2026-02-11,competitive,Asia,kings-row,Platinum,시메트라,DAMAGE,5.4,50.1
2026-02-11,competitive,Asia,kings-row,Platinum,아나,SUPPORT,68.0,52.4
2026-02-11,competitive,Asia,kings-row,Platinum,안란,DAMAGE,0.0,0.0
2026-02-11,competitive,Asia,kings-row,Platinum,애쉬,DAMAGE,20.9,50.6
2026-02-11,competitive,Asia,kings-row,Platinum,에코,DAMAGE,5.8,52.3
2026-02-11,competitive,Asia,kings-row,Platinum,엠레,DAMAGE,-1.0,-1.0
2026-02-11,competitive,Asia,kings-row,Platinum,오리사,TANK,10.9,46.0
2026-02-11,competitive,Asia,kings-row,Platinum,우양,SUPPORT,17.1,51.7
2026-02-11,competitive,Asia,kings-row,Platinum,위도우메이커,DAMAGE,8.3,53.2
2026-02-11,competitive,Asia,kings-row,Platinum,윈스턴,TANK,9.0,46.7
2026-02-11,competitive,Asia,kings-row,Platinum,일리아리,SUPPORT,17.4,54.5
2026-02-11,competitive,Asia,kings-row,Platinum,자리야,TANK,12.5,52.9
2026-02-11,competitive,Asia,kings-row,Platinum,정커퀸,TANK,3.8,50.4
2026-02-11,competitive,Asia,kings-row,Platinum,정크랫,DAMAGE,7.1,48.5
2026-02-11,competitive,Asia,kings-row,Platinum,제트팩 캣,SUPPORT,-1.0,-1.0
2026-02-11,competitive,Asia,kings-row,Platinum,젠야타,SUPPORT,19.9,53.3
2026-02-11,competitive,Asia,kings-row,Platinum,주노,SUPPORT,6.0,47.2
2026-02-11,competitive,Asia,kings-row,Platinum,캐서디,DAMAGE,22.2,44.4
2026-02-11,competitive,Asia,kings-row,Platinum,키리코,SUPPORT,29.5,45.1
2026-02-11,competitive,Asia,kings-row,Platinum,토르비욘,DAMAGE,4.1,46.0
2026-02-11,competitive,Asia,kings-row,Platinum,트레이서,DAMAGE,4.7,46.2
2026-02-11,competitive,Asia,kings-row,Platinum,파라,DAMAGE,6.7,51.9
2026-02-11,competitive,Asia,kings-row,Platinum,프레야,DAMAGE,6.1,46.3
2026-02-11,competitive,Asia,kings-row,Platinum,한조,DAMAGE,13.5,50.9
2026-02-11,competitive,Asia,kings-row,Platinum,해저드,TANK,2.1,45.5
2026-02-11,competitive,Asia,kings-row,Diamond,D.Va,TANK,6.0,48.2
2026-02-11,competitive,Asia,kings-row,Diamond,겐지,DAMAGE,21.2,51.3
2026-02-11,competitive,Asia,kings-row,Diamond,도미나,TANK,-1.0,-1.0
2026-02-11,competitive,Asia,kings-row,Diamond,둠피스트,TANK,9.9,50.9
2026-02-11,competitive,Asia,kings-row,Diamond,라마트라,TANK,7.2,45.2
2026-02-11,competitive,Asia,kings-row,Diamond,라이프위버,SUPPORT,4.1,37.6
2026-02-11,competitive,Asia,kings-row,Diamond,라인하르트,TANK,10.8,47.7
2026-02-11,competitive,Asia,kings-row,Diamond,레킹볼,TANK,3.1,47.1
2026-02-11,competitive,Asia,kings-row,Diamond,로드호그,TANK,4.0,36.6
2026-02-11,competitive,Asia,kings-row,Diamond,루시우,SUPPORT,2.4,42.2
2026-02-11,competitive,Asia,kings-row,Diamond,리퍼,DAMAGE,7.4,48.4
2026-02-11,competitive,Asia,kings-row,Diamond,마우가,TANK,2.2,44.2
2026-02-11,competitive,Asia,kings-row,Diamond,메르시,SUPPORT,5.8,46.8
2026-02-11,competitive,Asia,kings-row,Diamond,메이,DAMAGE,10.1,49.4
2026-02-11,competitive,Asia,kings-row,Diamond,모이라,SUPPORT,6.0,42.9
2026-02-11,competitive,Asia,kings-row,Diamond,미즈키,SUPPORT,-1.0,-1.0
2026-02-11,competitive,Asia,kings-row,Diamond,바스티온,DAMAGE,10.3,49.4
2026-02-11,competitive,Asia,kings-row,Diamond,바티스트,SUPPORT,14.5,46.2
2026-02-11,competitive,Asia,kings-row,Diamond,벤데타,DAMAGE,3.6,57.1
2026-02-11,competitive,Asia,kings-row,Diamond,벤처,DAMAGE,6.1,52.7
2026-02-11,competitive,Asia,kings-row,Diamond,브리기테,SUPPORT,3.5,43.3
2026-02-11,competitive,Asia,kings-row,Diamond,소전,DAMAGE,17.3,47.6
2026-02-11,competitive,Asia,kings-row,Diamond,솔저: 76,DAMAGE,10.2,47.3
2026-02-11,competitive,Asia,kings-row,Diamond,솜브라,DAMAGE,4.4,49.1
2026-02-11,competitive,Asia,kings-row,Diamond,시그마,TANK,17.5,56.5
2026-02-11,competitive,Asia,kings-row,Diamond,시메트라,DAMAGE,5.0,49.7
2026-02-11,competitive,Asia,kings-row,Diamond,아나,SUPPORT,70.1,52.3
2026-02-11,competitive,Asia,kings-row,Diamond,안란,DAMAGE,0.0,0.0
2026-02-11,competitive,Asia,kings-row,Diamond,애쉬,DAMAGE,20.8,49.6
2026-02-11,competitive,Asia,kings-row,Diamond,에코,DAMAGE,7.6,53.1
2026-02-11,competitive,Asia,kings-row,Diamond,엠레,DAMAGE,-1.0,-1.0
2026-02-11,competitive,Asia,kings-row,Diamond,오리사,TANK,9.0,46.3
2026-02-11,competitive,Asia,kings-row,Diamond,우양,SUPPORT,20.9,52.5
2026-02-11,competitive,Asia,kings-row,Diamond,위도우메이커,DAMAGE,7.9,51.2
2026-02-11,competitive,Asia,kings-row,Diamond,윈스턴,TANK,10.9,46.7
2026-02-11,competitive,Asia,kings-row,Diamond,일리아리,SUPPORT,19.8,56.5
2026-02-11,competitive,Asia,kings-row,Diamond,자리야,TANK,13.3,55.0
2026-02-11,competitive,Asia,kings-row,Diamond,정커퀸,TANK,3.6,48.0
2026-02-11,competitive,Asia,kings-row,Diamond,정크랫,DAMAGE,5.3,50.6
2026-02-11,competitive,Asia,kings-row,Diamond,제트팩 캣,SUPPORT,-1.0,-1.0
2026-02-11,competitive,Asia,kings-row,Diamond,젠야타,SUPPORT,22.9,51.7
2026-02-11,competitive,Asia,kings-row,Diamond,주노,SUPPORT,3.8,47.3
2026-02-11,competitive,Asia,kings-row,Diamond,캐서디,DAMAGE,23.5,43.4
2026-02-11,competitive,Asia,kings-row,Diamond,키리코,SUPPORT,26.3,44.5
2026-02-11,competitive,Asia,kings-row,Diamond,토르비욘,DAMAGE,3.6,45.4
2026-02-11,competitive,Asia,kings-row,Diamond,트레이서,DAMAGE,7.0,47.6
2026-02-11,competitive,Asia,kings-row,Diamond,파라,DAMAGE,6.5,51.1
2026-02-11,competitive,Asia,kings-row,Diamond,프레야,DAMAGE,6.9,46.8
2026-02-11,competitive,Asia,kings-row,Diamond,한조,DAMAGE,15.1,51.0
2026-02-11,competitive,Asia,kings-row,Diamond,해저드,TANK,2.4,47.9
2026-02-11,competitive,Asia,kings-row,Master,D.Va,TANK,6.0,50.0
2026-02-11,competitive,Asia,kings-row,Master,겐지,DAMAGE,21.0,51.8
2026-02-11,competitive,Asia,kings-row,Master,도미나,TANK,-1.0,-1.0
2026-02-11,competitive,Asia,kings-row,Master,둠피스트,TANK,12.3,52.3
2026-02-11,competitive,Asia,kings-row,Master,라마트라,TANK,6.5,44.1
2026-02-11,competitive,Asia,kings-row,Master,라이프위버,SUPPORT,3.2,33.6
2026-02-11,competitive,Asia,kings-row,Master,라인하르트,TANK,7.3,46.0
2026-02-11,competitive,Asia,kings-row,Master,레킹볼,TANK,2.9,45.2
2026-02-11,competitive,Asia,kings-row,Master,로드호그,TANK,3.9,39.2
2026-02-11,competitive,Asia,kings-row,Master,루시우,SUPPORT,2.5,40.5
2026-02-11,competitive,Asia,kings-row,Master,리퍼,DAMAGE,6.3,48.3
2026-02-11,competitive,Asia,kings-row,Master,마우가,TANK,1.8,45.4
2026-02-11,competitive,Asia,kings-row,Master,메르시,SUPPORT,5.3,46.8
2026-02-11,competitive,Asia,kings-row,Master,메이,DAMAGE,8.0,52.8
2026-02-11,competitive,Asia,kings-row,Master,모이라,SUPPORT,3.9,41.6
2026-02-11,competitive,Asia,kings-row,Master,미즈키,SUPPORT,-1.0,-1.0
2026-02-11,competitive,Asia,kings-row,Master,바스티온,DAMAGE,7.3,47.3
2026-02-11,competitive,Asia,kings-row,Master,바티스트,SUPPORT,17.6,46.1
2026-02-11,competitive,Asia,kings-row,Master,벤데타,DAMAGE,3.4,56.7
2026-02-11,competitive,Asia,kings-row,Master,벤처,DAMAGE,6.8,53.8
2026-02-11,competitive,Asia,kings-row,Master,브리기테,SUPPORT,4.0,44.8
2026-02-11,competitive,Asia,kings-row,Master,소전,DAMAGE,19.5,48.9
2026-02-11,competitive,Asia,kings-row,Master,솔저: 76,DAMAGE,6.7,49.3
2026-02-11,competitive,Asia,kings-row,Master,솜브라,DAMAGE,4.7,45.5
2026-02-11,competitive,Asia,kings-row,Master,시그마,TANK,19.9,56.8
2026-02-11,competitive,Asia,kings-row,Master,시메트라,DAMAGE,4.7,48.8
2026-02-11,competitive,Asia,kings-row,Master,아나,SUPPORT,65.2,52.6
2026-02-11,competitive,Asia,kings-row,Master,안란,DAMAGE,-1.0,-1.0
2026-02-11,competitive,Asia,kings-row,Master,애쉬,DAMAGE,21.9,51.6
2026-02-11,competitive,Asia,kings-row,Master,에코,DAMAGE,10.6,51.1
2026-02-11,competitive,Asia,kings-row,Master,엠레,DAMAGE,-1.0,-1.0
2026-02-11,competitive,Asia,kings-row,Master,오리사,TANK,7.8,46.2
2026-02-11,competitive,Asia,kings-row,Master,우양,SUPPORT,27.3,51.9
2026-02-11,competitive,Asia,kings-row,Master,위도우메이커,DAMAGE,8.3,47.8
2026-02-11,competitive,Asia,kings-row,Master,윈스턴,TANK,13.1,45.7
2026-02-11,competitive,Asia,kings-row,Master,일리아리,SUPPORT,22.7,57.4
2026-02-11,competitive,Asia,kings-row,Master,자리야,TANK,12.9,56.0
2026-02-11,competitive,Asia,kings-row,Master,정커퀸,TANK,3.4,44.9
2026-02-11,competitive,Asia,kings-row,Master,정크랫,DAMAGE,4.2,47.4
2026-02-11,competitive,Asia,kings-row,Master,제트팩 캣,SUPPORT,-1.0,-1.0
2026-02-11,competitive,Asia,kings-row,Master,젠야타,SUPPORT,20.5,51.5
2026-02-11,competitive,Asia,kings-row,Master,주노,SUPPORT,2.6,44.5
2026-02-11,competitive,Asia,kings-row,Master,캐서디,DAMAGE,22.1,41.6
2026-02-11,competitive,Asia,kings-row,Master,키리코,SUPPORT,25.2,44.8
2026-02-11,competitive,Asia,kings-row,Master,토르비욘,DAMAGE,3.0,43.6
2026-02-11,competitive,Asia,kings-row,Master,트레이서,DAMAGE,11.5,47.8
2026-02-11,competitive,Asia,kings-row,Master,파라,DAMAGE,6.9,56.3
2026-02-11,competitive,Asia,kings-row,Master,프레야,DAMAGE,7.5,46.9
2026-02-11,competitive,Asia,kings-row,Master,한조,DAMAGE,15.5,50.7
2026-02-11,competitive,Asia,kings-row,Master,해저드,TANK,2.2,48.3
2026-02-11,competitive,Asia,kings-row,Grandmaster,D.Va,TANK,8.1,52.7
2026-02-11,competitive,Asia,kings-row,Grandmaster,겐지,DAMAGE,15.9,47.9
2026-02-11,competitive,Asia,kings-row,Grandmaster,도미나,TANK,-1.0,-1.0
2026-02-11,competitive,Asia,kings-row,Grandmaster,둠피스트,TANK,9.8,40.4
2026-02-11,competitive,Asia,kings-row,Grandmaster,라마트라,TANK,6.4,43.6
2026-02-11,competitive,Asia,kings-row,Grandmaster,라이프위버,SUPPORT,1.4,20.3
2026-02-11,competitive,Asia,kings-row,Grandmaster,라인하르트,TANK,5.5,36.6
2026-02-11,competitive,Asia,kings-row,Grandmaster,레킹볼,TANK,2.6,36.2
2026-02-11,competitive,Asia,kings-row,Grandmaster,로드호그,TANK,2.3,24.2
2026-02-11,competitive,Asia,kings-row,Grandmaster,루시우,SUPPORT,3.9,39.6
2026-02-11,competitive,Asia,kings-row,Grandmaster,리퍼,DAMAGE,4.1,47.9
2026-02-11,competitive,Asia,kings-row,Grandmaster,마우가,TANK,0.8,27.5
2026-02-11,competitive,Asia,kings-row,Grandmaster,메르시,SUPPORT,3.7,48.6
2026-02-11,competitive,Asia,kings-row,Grandmaster,메이,DAMAGE,6.7,43.7
2026-02-11,competitive,Asia,kings-row,Grandmaster,모이라,SUPPORT,3.2,39.5
2026-02-11,competitive,Asia,kings-row,Grandmaster,미즈키,SUPPORT,-1.0,-1.0
2026-02-11,competitive,Asia,kings-row,Grandmaster,바스티온,DAMAGE,4.6,39.9
2026-02-11,competitive,Asia,kings-row,Grandmaster,바티스트,SUPPORT,25.7,46.5
2026-02-11,competitive,Asia,kings-row,Grandmaster,벤데타,DAMAGE,5.3,55.2
2026-02-11,competitive,Asia,kings-row,Grandmaster,벤처,DAMAGE,5.8,50.7
2026-02-11,competitive,Asia,kings-row,Grandmaster,브리기테,SUPPORT,6.0,42.6
2026-02-11,competitive,Asia,kings-row,Grandmaster,소전,DAMAGE,20.0,44.6
2026-02-11,competitive,Asia,kings-row,Grandmaster,솔저: 76,DAMAGE,5.1,44.8
2026-02-11,competitive,Asia,kings-row,Grandmaster,솜브라,DAMAGE,4.2,49.8
2026-02-11,competitive,Asia,kings-row,Grandmaster,시그마,TANK,25.2,62.6
2026-02-11,competitive,Asia,kings-row,Grandmaster,시메트라,DAMAGE,6.7,51.7
2026-02-11,competitive,Asia,kings-row,Grandmaster,아나,SUPPORT,57.1,52.8
2026-02-11,competitive,Asia,kings-row,Grandmaster,안란,DAMAGE,-1.0,-1.0
2026-02-11,competitive,Asia,kings-row,Grandmaster,애쉬,DAMAGE,25.4,52.7
2026-02-11,competitive,Asia,kings-row,Grandmaster,에코,DAMAGE,12.9,50.7
2026-02-11,competitive,Asia,kings-row,Grandmaster,엠레,DAMAGE,-1.0,-1.0
2026-02-11,competitive,Asia,kings-row,Grandmaster,오리사,TANK,6.0,53.2
2026-02-11,competitive,Asia,kings-row,Grandmaster,우양,SUPPORT,34.9,51.6
2026-02-11,competitive,Asia,kings-row,Grandmaster,위도우메이커,DAMAGE,9.0,45.7
2026-02-11,competitive,Asia,kings-row,Grandmaster,윈스턴,TANK,13.5,48.5
2026-02-11,competitive,Asia,kings-row,Grandmaster,일리아리,SUPPORT,22.8,59.1
2026-02-11,competitive,Asia,kings-row,Grandmaster,자리야,TANK,15.5,55.3
2026-02-11,competitive,Asia,kings-row,Grandmaster,정커퀸,TANK,2.2,42.7
2026-02-11,competitive,Asia,kings-row,Grandmaster,정크랫,DAMAGE,4.7,57.1
2026-02-11,competitive,Asia,kings-row,Grandmaster,제트팩 캣,SUPPORT,-1.0,-1.0
2026-02-11,competitive,Asia,kings-row,Grandmaster,젠야타,SUPPORT,13.0,47.1
2026-02-11,competitive,Asia,kings-row,Grandmaster,주노,SUPPORT,2.2,48.1
2026-02-11,competitive,Asia,kings-row,Grandmaster,캐서디,DAMAGE,16.6,44.4
2026-02-11,competitive,Asia,kings-row,Grandmaster,키리코,SUPPORT,26.2,46.3
2026-02-11,competitive,Asia,kings-row,Grandmaster,토르비욘,DAMAGE,2.1,42.3
2026-02-11,competitive,Asia,kings-row,Grandmaster,트레이서,DAMAGE,18.5,50.2
2026-02-11,competitive,Asia,kings-row,Grandmaster,파라,DAMAGE,6.6,55.2
2026-02-11,competitive,Asia,kings-row,Grandmaster,프레야,DAMAGE,9.9,50.1
2026-02-11,competitive,Asia,kings-row,Grandmaster,한조,DAMAGE,16.0,51.8
2026-02-11,competitive,Asia,kings-row,Grandmaster,해저드,TANK,2.1,59.7
2026-02-11,competitive,Asia,paraiso,All,D.Va,TANK,11.8,51.3
2026-02-11,competitive,Asia,paraiso,All,겐지,DAMAGE,17.1,52.3
2026-02-11,competitive,Asia,paraiso,All,도미나,TANK,-1.0,-1.0
2026-02-11,competitive,Asia,paraiso,All,둠피스트,TANK,5.9,51.1
2026-02-11,competitive,Asia,paraiso,All,라마트라,TANK,6.1,44.6
2026-02-11,competitive,Asia,paraiso,All,라이프위버,SUPPORT,6.2,42.6
2026-02-11,competitive,Asia,paraiso,All,라인하르트,TANK,7.5,45.8
2026-02-11,competitive,Asia,paraiso,All,레킹볼,TANK,3.3,47.8
2026-02-11,competitive,Asia,paraiso,All,로드호그,TANK,5.5,40.0
2026-02-11,competitive,Asia,paraiso,All,루시우,SUPPORT,4.3,42.9
2026-02-11,competitive,Asia,paraiso,All,리퍼,DAMAGE,11.7,48.3
2026-02-11,competitive,Asia,paraiso,All,마우가,TANK,3.3,42.9
2026-02-11,competitive,Asia,paraiso,All,메르시,SUPPORT,12.7,48.1
2026-02-11,competitive,Asia,paraiso,All,메이,DAMAGE,7.4,46.1
2026-02-11,competitive,Asia,paraiso,All,모이라,SUPPORT,15.1,44.1
2026-02-11,competitive,Asia,paraiso,All,미즈키,SUPPORT,-1.0,-1.0
2026-02-11,competitive,Asia,paraiso,All,바스티온,DAMAGE,12.8,46.2
2026-02-11,competitive,Asia,paraiso,All,바티스트,SUPPORT,11.6,46.0
2026-02-11,competitive,Asia,paraiso,All,벤데타,DAMAGE,3.8,55.3
2026-02-11,competitive,Asia,paraiso,All,벤처,DAMAGE,5.1,50.3
2026-02-11,competitive,Asia,paraiso,All,브리기테,SUPPORT,3.7,44.9
2026-02-11,competitive,Asia,paraiso,All,소전,DAMAGE,16.3,44.3
2026-02-11,competitive,Asia,paraiso,All,솔저: 76,DAMAGE,21.2,47.7
2026-02-11,competitive,Asia,paraiso,All,솜브라,DAMAGE,4.0,50.8
2026-02-11,competitive,Asia,paraiso,All,시그마,TANK,19.2,54.3
2026-02-11,competitive,Asia,paraiso,All,시메트라,DAMAGE,5.1,49.1
2026-02-11,competitive,Asia,paraiso,All,아나,SUPPORT,55.1,51.8
2026-02-11,competitive,Asia,paraiso,All,안란,DAMAGE,0.0,5.2
2026-02-11,competitive,Asia,paraiso,All,애쉬,DAMAGE,23.4,52.1
2026-02-11,competitive,Asia,paraiso,All,에코,DAMAGE,7.7,52.0
2026-02-11,competitive,Asia,paraiso,All,엠레,DAMAGE,-1.0,-1.0
2026-02-11,competitive,Asia,paraiso,All,오리사,TANK,11.1,42.8
2026-02-11,competitive,Asia,paraiso,All,우양,SUPPORT,16.7,51.6
2026-02-11,competitive,Asia,paraiso,All,위도우메이커,DAMAGE,3.5,46.1
2026-02-11,competitive,Asia,paraiso,All,윈스턴,TANK,11.9,51.2
2026-02-11,competitive,Asia,paraiso,All,일리아리,SUPPORT,17.4,54.3
2026-02-11,competitive,Asia,paraiso,All,자리야,TANK,7.5,49.1
2026-02-11,competitive,Asia,paraiso,All,정커퀸,TANK,3.3,49.3
2026-02-11,competitive,Asia,paraiso,All,정크랫,DAMAGE,7.2,46.7
2026-02-11,competitive,Asia,paraiso,All,제트팩 캣,SUPPORT,-1.0,-1.0
2026-02-11,competitive,Asia,paraiso,All,젠야타,SUPPORT,13.0,49.7
2026-02-11,competitive,Asia,paraiso,All,주노,SUPPORT,10.4,48.4
2026-02-11,competitive,Asia,paraiso,All,캐서디,DAMAGE,20.8,45.5
2026-02-11,competitive,Asia,paraiso,All,키리코,SUPPORT,33.6,46.2
2026-02-11,competitive,Asia,paraiso,All,토르비욘,DAMAGE,5.5,47.3
2026-02-11,competitive,Asia,paraiso,All,트레이서,DAMAGE,4.9,47.9
2026-02-11,competitive,Asia,paraiso,All,파라,DAMAGE,6.6,50.2
2026-02-11,competitive,Asia,paraiso,All,프레야,DAMAGE,7.0,49.1
2026-02-11,competitive,Asia,paraiso,All,한조,DAMAGE,9.2,47.5
2026-02-11,competitive,Asia,paraiso,All,해저드,TANK,3.6,49.0
2026-02-11,competitive,Asia,paraiso,Bronze,D.Va,TANK,11.7,47.4
2026-02-11,competitive,Asia,paraiso,Bronze,겐지,DAMAGE,10.9,54.8
2026-02-11,competitive,Asia,paraiso,Bronze,도미나,TANK,-1.0,-1.0
2026-02-11,competitive,Asia,paraiso,Bronze,둠피스트,TANK,2.9,54.5
2026-02-11,competitive,Asia,paraiso,Bronze,라마트라,TANK,9.7,47.9
2026-02-11,competitive,Asia,paraiso,Bronze,라이프위버,SUPPORT,5.4,43.4
2026-02-11,competitive,Asia,paraiso,Bronze,라인하르트,TANK,8.9,50.3
2026-02-11,competitive,Asia,paraiso,Bronze,레킹볼,TANK,2.9,51.2
2026-02-11,competitive,Asia,paraiso,Bronze,로드호그,TANK,6.0,45.9
2026-02-11,competitive,Asia,paraiso,Bronze,루시우,SUPPORT,7.6,45.7
2026-02-11,competitive,Asia,paraiso,Bronze,리퍼,DAMAGE,12.8,51.4
2026-02-11,competitive,Asia,paraiso,Bronze,마우가,TANK,4.4,41.8
2026-02-11,competitive,Asia,paraiso,Bronze,메르시,SUPPORT,15.2,45.3
2026-02-11,competitive,Asia,paraiso,Bronze,메이,DAMAGE,7.2,47.8
2026-02-11,competitive,Asia,paraiso,Bronze,모이라,SUPPORT,22.9,47.7
2026-02-11,competitive,Asia,paraiso,Bronze,미즈키,SUPPORT,-1.0,-1.0
2026-02-11,competitive,Asia,paraiso,Bronze,바스티온,DAMAGE,23.1,47.0
2026-02-11,competitive,Asia,paraiso,Bronze,바티스트,SUPPORT,10.0,44.6
2026-02-11,competitive,Asia,paraiso,Bronze,벤데타,DAMAGE,2.9,53.2
2026-02-11,competitive,Asia,paraiso,Bronze,벤처,DAMAGE,4.4,49.5
2026-02-11,competitive,Asia,paraiso,Bronze,브리기테,SUPPORT,2.4,47.1
2026-02-11,competitive,Asia,paraiso,Bronze,소전,DAMAGE,20.5,42.8
2026-02-11,competitive,Asia,paraiso,Bronze,솔저: 76,DAMAGE,24.0,47.1
2026-02-11,competitive,Asia,paraiso,Bronze,솜브라,DAMAGE,2.7,55.6
2026-02-11,competitive,Asia,paraiso,Bronze,시그마,TANK,20.2,53.1
2026-02-11,competitive,Asia,paraiso,Bronze,시메트라,DAMAGE,4.9,52.0
2026-02-11,competitive,Asia,paraiso,Bronze,아나,SUPPORT,36.1,52.8
2026-02-11,competitive,Asia,paraiso,Bronze,안란,DAMAGE,-1.0,-1.0
2026-02-11,competitive,Asia,paraiso,Bronze,애쉬,DAMAGE,16.4,52.0
2026-02-11,competitive,Asia,paraiso,Bronze,에코,DAMAGE,5.7,50.0
2026-02-11,competitive,Asia,paraiso,Bronze,엠레,DAMAGE,-1.0,-1.0
2026-02-11,competitive,Asia,paraiso,Bronze,오리사,TANK,16.0,42.1
2026-02-11,competitive,Asia,paraiso,Bronze,우양,SUPPORT,17.4,49.7
2026-02-11,competitive,Asia,paraiso,Bronze,위도우메이커,DAMAGE,3.6,48.5
2026-02-11,competitive,Asia,paraiso,Bronze,윈스턴,TANK,6.4,53.5
2026-02-11,competitive,Asia,paraiso,Bronze,일리아리,SUPPORT,16.9,54.0
2026-02-11,competitive,Asia,paraiso,Bronze,자리야,TANK,5.0,55.9
2026-02-11,competitive,Asia,paraiso,Bronze,정커퀸,TANK,3.2,54.4
2026-02-11,competitive,Asia,paraiso,Bronze,정크랫,DAMAGE,11.9,46.4
2026-02-11,competitive,Asia,paraiso,Bronze,제트팩 캣,SUPPORT,-1.0,-1.0
2026-02-11,competitive,Asia,paraiso,Bronze,젠야타,SUPPORT,13.9,52.3
2026-02-11,competitive,Asia,paraiso,Bronze,주노,SUPPORT,19.1,47.8
2026-02-11,competitive,Asia,paraiso,Bronze,캐서디,DAMAGE,15.5,48.9
2026-02-11,competitive,Asia,paraiso,Bronze,키리코,SUPPORT,33.0,47.1
2026-02-11,competitive,Asia,paraiso,Bronze,토르비욘,DAMAGE,6.3,47.6
2026-02-11,competitive,Asia,paraiso,Bronze,트레이서,DAMAGE,3.7,50.8
2026-02-11,competitive,Asia,paraiso,Bronze,파라,DAMAGE,8.8,49.2
2026-02-11,competitive,Asia,paraiso,Bronze,프레야,DAMAGE,6.5,49.4
2026-02-11,competitive,Asia,paraiso,Bronze,한조,DAMAGE,8.3,50.6
2026-02-11,competitive,Asia,paraiso,Bronze,해저드,TANK,2.7,48.2
2026-02-11,competitive,Asia,paraiso,Silver,D.Va,TANK,11.0,50.6
2026-02-11,competitive,Asia,paraiso,Silver,겐지,DAMAGE,13.5,53.4
2026-02-11,competitive,Asia,paraiso,Silver,도미나,TANK,-1.0,-1.0
2026-02-11,competitive,Asia,paraiso,Silver,둠피스트,TANK,4.3,55.0
2026-02-11,competitive,Asia,paraiso,Silver,라마트라,TANK,8.3,45.9
2026-02-11,competitive,Asia,paraiso,Silver,라이프위버,SUPPORT,6.3,43.1
2026-02-11,competitive,Asia,paraiso,Silver,라인하르트,TANK,8.8,48.4
2026-02-11,competitive,Asia,paraiso,Silver,레킹볼,TANK,3.0,50.8
2026-02-11,competitive,Asia,paraiso,Silver,로드호그,TANK,5.3,41.8
2026-02-11,competitive,Asia,paraiso,Silver,루시우,SUPPORT,6.1,43.6
2026-02-11,competitive,Asia,paraiso,Silver,리퍼,DAMAGE,13.4,48.2
2026-02-11,competitive,Asia,paraiso,Silver,마우가,TANK,4.0,41.7
2026-02-11,competitive,Asia,paraiso,Silver,메르시,SUPPORT,15.0,46.2
2026-02-11,competitive,Asia,paraiso,Silver,메이,DAMAGE,8.1,46.6
2026-02-11,competitive,Asia,paraiso,Silver,모이라,SUPPORT,21.2,43.9
2026-02-11,competitive,Asia,paraiso,Silver,미즈키,SUPPORT,-1.0,-1.0
2026-02-11,competitive,Asia,paraiso,Silver,바스티온,DAMAGE,16.9,46.9
2026-02-11,competitive,Asia,paraiso,Silver,바티스트,SUPPORT,10.9,47.1
2026-02-11,competitive,Asia,paraiso,Silver,벤데타,DAMAGE,3.7,57.1
2026-02-11,competitive,Asia,paraiso,Silver,벤처,DAMAGE,4.8,50.5
2026-02-11,competitive,Asia,paraiso,Silver,브리기테,SUPPORT,3.0,43.8
2026-02-11,competitive,Asia,paraiso,Silver,소전,DAMAGE,18.2,43.6
2026-02-11,competitive,Asia,paraiso,Silver,솔저: 76,DAMAGE,24.4,48.0
2026-02-11,competitive,Asia,paraiso,Silver,솜브라,DAMAGE,3.1,52.5
2026-02-11,competitive,Asia,paraiso,Silver,시그마,TANK,20.1,53.9
2026-02-11,competitive,Asia,paraiso,Silver,시메트라,DAMAGE,5.4,49.9
2026-02-11,competitive,Asia,paraiso,Silver,아나,SUPPORT,45.9,51.5
2026-02-11,competitive,Asia,paraiso,Silver,안란,DAMAGE,-1.0,-1.0
2026-02-11,competitive,Asia,paraiso,Silver,애쉬,DAMAGE,19.4,52.8
2026-02-11,competitive,Asia,paraiso,Silver,에코,DAMAGE,5.9,50.3
2026-02-11,competitive,Asia,paraiso,Silver,엠레,DAMAGE,-1.0,-1.0
2026-02-11,competitive,Asia,paraiso,Silver,오리사,TANK,14.1,42.8
2026-02-11,competitive,Asia,paraiso,Silver,우양,SUPPORT,15.4,51.8
2026-02-11,competitive,Asia,paraiso,Silver,위도우메이커,DAMAGE,3.3,45.7
2026-02-11,competitive,Asia,paraiso,Silver,윈스턴,TANK,8.1,50.2
2026-02-11,competitive,Asia,paraiso,Silver,일리아리,SUPPORT,16.5,55.6
2026-02-11,competitive,Asia,paraiso,Silver,자리야,TANK,6.6,50.9
2026-02-11,competitive,Asia,paraiso,Silver,정커퀸,TANK,3.6,47.2
2026-02-11,competitive,Asia,paraiso,Silver,정크랫,DAMAGE,9.9,45.2
2026-02-11,competitive,Asia,paraiso,Silver,제트팩 캣,SUPPORT,-1.0,-1.0
2026-02-11,competitive,Asia,paraiso,Silver,젠야타,SUPPORT,12.0,49.9
2026-02-11,competitive,Asia,paraiso,Silver,주노,SUPPORT,14.0,49.4
2026-02-11,competitive,Asia,paraiso,Silver,캐서디,DAMAGE,18.5,46.4
2026-02-11,competitive,Asia,paraiso,Silver,키리코,SUPPORT,33.8,47.0
2026-02-11,competitive,Asia,paraiso,Silver,토르비욘,DAMAGE,5.8,49.4
2026-02-11,competitive,Asia,paraiso,Silver,트레이서,DAMAGE,3.9,50.2
2026-02-11,competitive,Asia,paraiso,Silver,파라,DAMAGE,7.5,49.3
2026-02-11,competitive,Asia,paraiso,Silver,프레야,DAMAGE,6.2,49.6
2026-02-11,competitive,Asia,paraiso,Silver,한조,DAMAGE,8.1,48.1
2026-02-11,competitive,Asia,paraiso,Silver,해저드,TANK,2.9,49.0
2026-02-11,competitive,Asia,paraiso,Gold,D.Va,TANK,11.5,52.0
2026-02-11,competitive,Asia,paraiso,Gold,겐지,DAMAGE,16.8,52.3
2026-02-11,competitive,Asia,paraiso,Gold,도미나,TANK,-1.0,-1.0
2026-02-11,competitive,Asia,paraiso,Gold,둠피스트,TANK,5.2,49.9
2026-02-11,competitive,Asia,paraiso,Gold,라마트라,TANK,6.2,44.8
2026-02-11,competitive,Asia,paraiso,Gold,라이프위버,SUPPORT,6.7,45.2
2026-02-11,competitive,Asia,paraiso,Gold,라인하르트,TANK,8.0,44.3
2026-02-11,competitive,Asia,paraiso,Gold,레킹볼,TANK,3.1,47.6
2026-02-11,competitive,Asia,paraiso,Gold,로드호그,TANK,5.5,40.1
2026-02-11,competitive,Asia,paraiso,Gold,루시우,SUPPORT,4.2,43.0
2026-02-11,competitive,Asia,paraiso,Gold,리퍼,DAMAGE,12.3,48.9
2026-02-11,competitive,Asia,paraiso,Gold,마우가,TANK,3.2,45.6
2026-02-11,competitive,Asia,paraiso,Gold,메르시,SUPPORT,13.0,48.8
2026-02-11,competitive,Asia,paraiso,Gold,메이,DAMAGE,8.1,44.3
2026-02-11,competitive,Asia,paraiso,Gold,모이라,SUPPORT,16.2,42.8
2026-02-11,competitive,Asia,paraiso,Gold,미즈키,SUPPORT,-1.0,-1.0
2026-02-11,competitive,Asia,paraiso,Gold,바스티온,DAMAGE,12.2,46.0
2026-02-11,competitive,Asia,paraiso,Gold,바티스트,SUPPORT,11.2,45.0
2026-02-11,competitive,Asia,paraiso,Gold,벤데타,DAMAGE,4.0,54.3
2026-02-11,competitive,Asia,paraiso,Gold,벤처,DAMAGE,5.1,51.1
2026-02-11,competitive,Asia,paraiso,Gold,브리기테,SUPPORT,3.3,46.7
2026-02-11,competitive,Asia,paraiso,Gold,소전,DAMAGE,15.6,43.5
2026-02-11,competitive,Asia,paraiso,Gold,솔저: 76,DAMAGE,22.7,47.9
2026-02-11,competitive,Asia,paraiso,Gold,솜브라,DAMAGE,3.9,50.1
2026-02-11,competitive,Asia,paraiso,Gold,시그마,TANK,19.5,53.7
2026-02-11,competitive,Asia,paraiso,Gold,시메트라,DAMAGE,5.4,50.1
2026-02-11,competitive,Asia,paraiso,Gold,아나,SUPPORT,55.9,51.3
2026-02-11,competitive,Asia,paraiso,Gold,안란,DAMAGE,-1.0,-1.0
2026-02-11,competitive,Asia,paraiso,Gold,애쉬,DAMAGE,23.8,51.1
2026-02-11,competitive,Asia,paraiso,Gold,에코,DAMAGE,6.8,51.3
2026-02-11,competitive,Asia,paraiso,Gold,엠레,DAMAGE,-1.0,-1.0
2026-02-11,competitive,Asia,paraiso,Gold,오리사,TANK,11.6,43.2
2026-02-11,competitive,Asia,paraiso,Gold,우양,SUPPORT,15.7,51.3
2026-02-11,competitive,Asia,paraiso,Gold,위도우메이커,DAMAGE,3.3,46.5
2026-02-11,competitive,Asia,paraiso,Gold,윈스턴,TANK,11.0,50.6
2026-02-11,competitive,Asia,paraiso,Gold,일리아리,SUPPORT,16.6,52.8
2026-02-11,competitive,Asia,paraiso,Gold,자리야,TANK,8.1,47.6
2026-02-11,competitive,Asia,paraiso,Gold,정커퀸,TANK,3.6,50.5
2026-02-11,competitive,Asia,paraiso,Gold,정크랫,DAMAGE,7.0,47.1
2026-02-11,competitive,Asia,paraiso,Gold,제트팩 캣,SUPPORT,-1.0,-1.0
2026-02-11,competitive,Asia,paraiso,Gold,젠야타,SUPPORT,12.6,50.1
2026-02-11,competitive,Asia,paraiso,Gold,주노,SUPPORT,9.9,48.7
2026-02-11,competitive,Asia,paraiso,Gold,캐서디,DAMAGE,21.0,45.6
2026-02-11,competitive,Asia,paraiso,Gold,키리코,SUPPORT,34.6,46.6
2026-02-11,competitive,Asia,paraiso,Gold,토르비욘,DAMAGE,5.6,47.2
2026-02-11,competitive,Asia,paraiso,Gold,트레이서,DAMAGE,4.3,47.7
2026-02-11,competitive,Asia,paraiso,Gold,파라,DAMAGE,6.5,51.3
2026-02-11,competitive,Asia,paraiso,Gold,프레야,DAMAGE,6.7,47.9
2026-02-11,competitive,Asia,paraiso,Gold,한조,DAMAGE,8.9,48.6
2026-02-11,competitive,Asia,paraiso,Gold,해저드,TANK,3.5,50.9
2026-02-11,competitive,Asia,paraiso,Platinum,D.Va,TANK,12.5,51.2
2026-02-11,competitive,Asia,paraiso,Platinum,겐지,DAMAGE,20.4,52.0
2026-02-11,competitive,Asia,paraiso,Platinum,도미나,TANK,-1.0,-1.0
2026-02-11,competitive,Asia,paraiso,Platinum,둠피스트,TANK,7.3,51.2
2026-02-11,competitive,Asia,paraiso,Platinum,라마트라,TANK,4.4,42.6
2026-02-11,competitive,Asia,paraiso,Platinum,라이프위버,SUPPORT,6.6,40.3
2026-02-11,competitive,Asia,paraiso,Platinum,라인하르트,TANK,6.5,44.2
2026-02-11,competitive,Asia,paraiso,Platinum,레킹볼,TANK,3.6,43.9
2026-02-11,competitive,Asia,paraiso,Platinum,로드호그,TANK,5.7,37.7
2026-02-11,competitive,Asia,paraiso,Platinum,루시우,SUPPORT,2.7,39.6
2026-02-11,competitive,Asia,paraiso,Platinum,리퍼,DAMAGE,10.8,46.5
2026-02-11,competitive,Asia,paraiso,Platinum,마우가,TANK,2.7,40.9
2026-02-11,competitive,Asia,paraiso,Platinum,메르시,SUPPORT,11.0,49.4
2026-02-11,competitive,Asia,paraiso,Platinum,메이,DAMAGE,7.0,48.4
2026-02-11,competitive,Asia,paraiso,Platinum,모이라,SUPPORT,10.2,43.8
2026-02-11,competitive,Asia,paraiso,Platinum,미즈키,SUPPORT,-1.0,-1.0
2026-02-11,competitive,Asia,paraiso,Platinum,바스티온,DAMAGE,9.0,44.7
2026-02-11,competitive,Asia,paraiso,Platinum,바티스트,SUPPORT,12.0,46.0
2026-02-11,competitive,Asia,paraiso,Platinum,벤데타,DAMAGE,3.8,56.6
2026-02-11,competitive,Asia,paraiso,Platinum,벤처,DAMAGE,5.3,49.8
2026-02-11,competitive,Asia,paraiso,Platinum,브리기테,SUPPORT,4.2,44.0
2026-02-11,competitive,Asia,paraiso,Platinum,소전,DAMAGE,14.7,45.5
2026-02-11,competitive,Asia,paraiso,Platinum,솔저: 76,DAMAGE,18.8,47.5
2026-02-11,competitive,Asia,paraiso,Platinum,솜브라,DAMAGE,4.6,50.4
2026-02-11,competitive,Asia,paraiso,Platinum,시그마,TANK,18.2,55.5
2026-02-11,competitive,Asia,paraiso,Platinum,시메트라,DAMAGE,4.9,47.6
2026-02-11,competitive,Asia,paraiso,Platinum,아나,SUPPORT,64.0,52.3
2026-02-11,competitive,Asia,paraiso,Platinum,안란,DAMAGE,-1.0,-1.0
2026-02-11,competitive,Asia,paraiso,Platinum,애쉬,DAMAGE,26.5,52.0
2026-02-11,competitive,Asia,paraiso,Platinum,에코,DAMAGE,8.5,53.3
2026-02-11,competitive,Asia,paraiso,Platinum,엠레,DAMAGE,-1.0,-1.0
2026-02-11,competitive,Asia,paraiso,Platinum,오리사,TANK,8.6,43.5
2026-02-11,competitive,Asia,paraiso,Platinum,우양,SUPPORT,16.8,52.1
2026-02-11,competitive,Asia,paraiso,Platinum,위도우메이커,DAMAGE,3.5,45.0
2026-02-11,competitive,Asia,paraiso,Platinum,윈스턴,TANK,14.8,51.9
2026-02-11,competitive,Asia,paraiso,Platinum,일리아리,SUPPORT,17.9,55.3
2026-02-11,competitive,Asia,paraiso,Platinum,자리야,TANK,8.2,48.2
2026-02-11,competitive,Asia,paraiso,Platinum,정커퀸,TANK,3.2,47.6
2026-02-11,competitive,Asia,paraiso,Platinum,정크랫,DAMAGE,4.9,48.4
2026-02-11,competitive,Asia,paraiso,Platinum,제트팩 캣,SUPPORT,-1.0,-1.0
2026-02-11,competitive,Asia,paraiso,Platinum,젠야타,SUPPORT,13.8,48.4
2026-02-11,competitive,Asia,paraiso,Platinum,주노,SUPPORT,7.3,46.8
2026-02-11,competitive,Asia,paraiso,Platinum,캐서디,DAMAGE,23.6,44.7
2026-02-11,competitive,Asia,paraiso,Platinum,키리코,SUPPORT,33.6,45.7
2026-02-11,competitive,Asia,paraiso,Platinum,토르비욘,DAMAGE,5.3,45.8
2026-02-11,competitive,Asia,paraiso,Platinum,트레이서,DAMAGE,5.4,45.9
2026-02-11,competitive,Asia,paraiso,Platinum,파라,DAMAGE,5.6,49.3
2026-02-11,competitive,Asia,paraiso,Platinum,프레야,DAMAGE,7.4,50.0
2026-02-11,competitive,Asia,paraiso,Platinum,한조,DAMAGE,10.0,46.1
2026-02-11,competitive,Asia,paraiso,Platinum,해저드,TANK,4.3,47.0
2026-02-11,competitive,Asia,paraiso,Diamond,D.Va,TANK,13.1,53.5
2026-02-11,competitive,Asia,paraiso,Diamond,겐지,DAMAGE,22.4,50.4
2026-02-11,competitive,Asia,paraiso,Diamond,도미나,TANK,-1.0,-1.0
2026-02-11,competitive,Asia,paraiso,Diamond,둠피스트,TANK,9.4,51.3
2026-02-11,competitive,Asia,paraiso,Diamond,라마트라,TANK,2.8,33.3
2026-02-11,competitive,Asia,paraiso,Diamond,라이프위버,SUPPORT,5.3,39.8
2026-02-11,competitive,Asia,paraiso,Diamond,라인하르트,TANK,4.7,41.1
2026-02-11,competitive,Asia,paraiso,Diamond,레킹볼,TANK,4.3,48.7
2026-02-11,competitive,Asia,paraiso,Diamond,로드호그,TANK,5.3,35.1
2026-02-11,competitive,Asia,paraiso,Diamond,루시우,SUPPORT,2.1,41.0
2026-02-11,competitive,Asia,paraiso,Diamond,리퍼,DAMAGE,8.5,47.6
2026-02-11,competitive,Asia,paraiso,Diamond,마우가,TANK,2.3,45.6
2026-02-11,competitive,Asia,paraiso,Diamond,메르시,SUPPORT,9.3,51.4
2026-02-11,competitive,Asia,paraiso,Diamond,메이,DAMAGE,5.7,43.4
2026-02-11,competitive,Asia,paraiso,Diamond,모이라,SUPPORT,5.3,44.2
2026-02-11,competitive,Asia,paraiso,Diamond,미즈키,SUPPORT,-1.0,-1.0
2026-02-11,competitive,Asia,paraiso,Diamond,바스티온,DAMAGE,7.0,45.7
2026-02-11,competitive,Asia,paraiso,Diamond,바티스트,SUPPORT,13.8,46.7
2026-02-11,competitive,Asia,paraiso,Diamond,벤데타,DAMAGE,3.8,54.0
2026-02-11,competitive,Asia,paraiso,Diamond,벤처,DAMAGE,5.5,49.1
2026-02-11,competitive,Asia,paraiso,Diamond,브리기테,SUPPORT,5.7,47.4
2026-02-11,competitive,Asia,paraiso,Diamond,소전,DAMAGE,14.5,46.5
2026-02-11,competitive,Asia,paraiso,Diamond,솔저: 76,DAMAGE,15.1,47.6
2026-02-11,competitive,Asia,paraiso,Diamond,솜브라,DAMAGE,5.4,49.3
2026-02-11,competitive,Asia,paraiso,Diamond,시그마,TANK,18.1,55.0
2026-02-11,competitive,Asia,paraiso,Diamond,시메트라,DAMAGE,4.2,46.3
2026-02-11,competitive,Asia,paraiso,Diamond,아나,SUPPORT,67.4,52.0
2026-02-11,competitive,Asia,paraiso,Diamond,안란,DAMAGE,0.0,5.2
2026-02-11,competitive,Asia,paraiso,Diamond,애쉬,DAMAGE,28.2,53.7
2026-02-11,competitive,Asia,paraiso,Diamond,에코,DAMAGE,12.0,52.8
2026-02-11,competitive,Asia,paraiso,Diamond,엠레,DAMAGE,-1.0,-1.0
2026-02-11,competitive,Asia,paraiso,Diamond,오리사,TANK,5.7,38.4
2026-02-11,competitive,Asia,paraiso,Diamond,우양,SUPPORT,20.4,53.0
2026-02-11,competitive,Asia,paraiso,Diamond,위도우메이커,DAMAGE,4.0,46.1
2026-02-11,competitive,Asia,paraiso,Diamond,윈스턴,TANK,19.5,51.0
2026-02-11,competitive,Asia,paraiso,Diamond,일리아리,SUPPORT,20.3,53.2
2026-02-11,competitive,Asia,paraiso,Diamond,자리야,TANK,7.6,48.0
2026-02-11,competitive,Asia,paraiso,Diamond,정커퀸,TANK,2.4,49.4
2026-02-11,competitive,Asia,paraiso,Diamond,정크랫,DAMAGE,3.8,47.0
2026-02-11,competitive,Asia,paraiso,Diamond,제트팩 캣,SUPPORT,-1.0,-1.0
2026-02-11,competitive,Asia,paraiso,Diamond,젠야타,SUPPORT,13.9,48.0
2026-02-11,competitive,Asia,paraiso,Diamond,주노,SUPPORT,4.6,49.9
2026-02-11,competitive,Asia,paraiso,Diamond,캐서디,DAMAGE,23.6,43.9
2026-02-11,competitive,Asia,paraiso,Diamond,키리코,SUPPORT,31.8,42.3
2026-02-11,competitive,Asia,paraiso,Diamond,토르비욘,DAMAGE,4.3,44.2
2026-02-11,competitive,Asia,paraiso,Diamond,트레이서,DAMAGE,7.5,47.1
2026-02-11,competitive,Asia,paraiso,Diamond,파라,DAMAGE,5.1,54.0
2026-02-11,competitive,Asia,paraiso,Diamond,프레야,DAMAGE,8.5,48.6
2026-02-11,competitive,Asia,paraiso,Diamond,한조,DAMAGE,10.7,45.6
2026-02-11,competitive,Asia,paraiso,Diamond,해저드,TANK,4.8,50.2
2026-02-11,competitive,Asia,paraiso,Master,D.Va,TANK,11.9,60.2
2026-02-11,competitive,Asia,paraiso,Master,겐지,DAMAGE,23.9,50.1
2026-02-11,competitive,Asia,paraiso,Master,도미나,TANK,-1.0,-1.0
2026-02-11,competitive,Asia,paraiso,Master,둠피스트,TANK,11.5,38.6
2026-02-11,competitive,Asia,paraiso,Master,라마트라,TANK,2.0,34.9
2026-02-11,competitive,Asia,paraiso,Master,라이프위버,SUPPORT,4.1,37.7
2026-02-11,competitive,Asia,paraiso,Master,라인하르트,TANK,3.4,39.1
2026-02-11,competitive,Asia,paraiso,Master,레킹볼,TANK,3.2,50.7
2026-02-11,competitive,Asia,paraiso,Master,로드호그,TANK,4.9,38.6
2026-02-11,competitive,Asia,paraiso,Master,루시우,SUPPORT,2.0,34.5
2026-02-11,competitive,Asia,paraiso,Master,리퍼,DAMAGE,7.9,50.0
2026-02-11,competitive,Asia,paraiso,Master,마우가,TANK,2.0,34.5
2026-02-11,competitive,Asia,paraiso,Master,메르시,SUPPORT,8.8,54.8
2026-02-11,competitive,Asia,paraiso,Master,메이,DAMAGE,4.5,45.1
2026-02-11,competitive,Asia,paraiso,Master,모이라,SUPPORT,3.9,48.5
2026-02-11,competitive,Asia,paraiso,Master,미즈키,SUPPORT,-1.0,-1.0
2026-02-11,competitive,Asia,paraiso,Master,바스티온,DAMAGE,5.4,49.0
2026-02-11,competitive,Asia,paraiso,Master,바티스트,SUPPORT,16.2,49.9
2026-02-11,competitive,Asia,paraiso,Master,벤데타,DAMAGE,3.8,47.8
2026-02-11,competitive,Asia,paraiso,Master,벤처,DAMAGE,6.3,52.7
2026-02-11,competitive,Asia,paraiso,Master,브리기테,SUPPORT,7.5,33.1
2026-02-11,competitive,Asia,paraiso,Master,소전,DAMAGE,13.5,49.5
2026-02-11,competitive,Asia,paraiso,Master,솔저: 76,DAMAGE,10.9,45.4
2026-02-11,competitive,Asia,paraiso,Master,솜브라,DAMAGE,6.7,47.4
2026-02-11,competitive,Asia,paraiso,Master,시그마,TANK,17.9,54.9
2026-02-11,competitive,Asia,paraiso,Master,시메트라,DAMAGE,3.9,45.2
2026-02-11,competitive,Asia,paraiso,Master,아나,SUPPORT,66.3,49.4
2026-02-11,competitive,Asia,paraiso,Master,안란,DAMAGE,-1.0,-1.0
2026-02-11,competitive,Asia,paraiso,Master,애쉬,DAMAGE,30.5,52.9
2026-02-11,competitive,Asia,paraiso,Master,에코,DAMAGE,15.9,57.5
2026-02-11,competitive,Asia,paraiso,Master,엠레,DAMAGE,-1.0,-1.0
2026-02-11,competitive,Asia,paraiso,Master,오리사,TANK,5.2,44.9
2026-02-11,competitive,Asia,paraiso,Master,우양,SUPPORT,23.9,47.7
2026-02-11,competitive,Asia,paraiso,Master,위도우메이커,DAMAGE,4.4,41.8
2026-02-11,competitive,Asia,paraiso,Master,윈스턴,TANK,22.9,50.7
2026-02-11,competitive,Asia,paraiso,Master,일리아리,SUPPORT,22.8,55.9
2026-02-11,competitive,Asia,paraiso,Master,자리야,TANK,8.7,54.3
2026-02-11,competitive,Asia,paraiso,Master,정커퀸,TANK,2.2,55.7
2026-02-11,competitive,Asia,paraiso,Master,정크랫,DAMAGE,2.4,54.7
2026-02-11,competitive,Asia,paraiso,Master,제트팩 캣,SUPPORT,-1.0,-1.0
2026-02-11,competitive,Asia,paraiso,Master,젠야타,SUPPORT,12.3,53.0
2026-02-11,competitive,Asia,paraiso,Master,주노,SUPPORT,2.5,46.1
2026-02-11,competitive,Asia,paraiso,Master,캐서디,DAMAGE,21.5,42.9
2026-02-11,competitive,Asia,paraiso,Master,키리코,SUPPORT,29.6,47.2
2026-02-11,competitive,Asia,paraiso,Master,토르비욘,DAMAGE,3.2,53.1
2026-02-11,competitive,Asia,paraiso,Master,트레이서,DAMAGE,10.4,45.9
2026-02-11,competitive,Asia,paraiso,Master,파라,DAMAGE,5.2,44.3
2026-02-11,competitive,Asia,paraiso,Master,프레야,DAMAGE,8.3,48.6
2026-02-11,competitive,Asia,paraiso,Master,한조,DAMAGE,11.4,44.2
2026-02-11,competitive,Asia,paraiso,Master,해저드,TANK,4.3,45.7
2026-02-11,competitive,Asia,paraiso,Grandmaster,D.Va,TANK,11.8,51.9
2026-02-11,competitive,Asia,paraiso,Grandmaster,겐지,DAMAGE,12.1,49.7
2026-02-11,competitive,Asia,paraiso,Grandmaster,도미나,TANK,-1.0,-1.0
2026-02-11,competitive,Asia,paraiso,Grandmaster,둠피스트,TANK,8.9,36.3
2026-02-11,competitive,Asia,paraiso,Grandmaster,라마트라,TANK,1.2,35.0
2026-02-11,competitive,Asia,paraiso,Grandmaster,라이프위버,SUPPORT,1.2,0.0
2026-02-11,competitive,Asia,paraiso,Grandmaster,라인하르트,TANK,2.4,34.7
2026-02-11,competitive,Asia,paraiso,Grandmaster,레킹볼,TANK,5.9,65.3
2026-02-11,competitive,Asia,paraiso,Grandmaster,로드호그,TANK,5.1,37.4
2026-02-11,competitive,Asia,paraiso,Grandmaster,루시우,SUPPORT,3.0,42.2
2026-02-11,competitive,Asia,paraiso,Grandmaster,리퍼,DAMAGE,6.5,63.1
2026-02-11,competitive,Asia,paraiso,Grandmaster,마우가,TANK,1.8,49.6
2026-02-11,competitive,Asia,paraiso,Grandmaster,메르시,SUPPORT,6.5,32.7
2026-02-11,competitive,Asia,paraiso,Grandmaster,메이,DAMAGE,6.9,39.1
2026-02-11,competitive,Asia,paraiso,Grandmaster,모이라,SUPPORT,1.5,42.9
2026-02-11,competitive,Asia,paraiso,Grandmaster,미즈키,SUPPORT,-1.0,-1.0
2026-02-11,competitive,Asia,paraiso,Grandmaster,바스티온,DAMAGE,2.8,48.0
2026-02-11,competitive,Asia,paraiso,Grandmaster,바티스트,SUPPORT,24.7,48.1
2026-02-11,competitive,Asia,paraiso,Grandmaster,벤데타,DAMAGE,4.9,57.5
2026-02-11,competitive,Asia,paraiso,Grandmaster,벤처,DAMAGE,3.9,38.3
2026-02-11,competitive,Asia,paraiso,Grandmaster,브리기테,SUPPORT,9.2,48.9
2026-02-11,competitive,Asia,paraiso,Grandmaster,소전,DAMAGE,11.3,50.3
2026-02-11,competitive,Asia,paraiso,Grandmaster,솔저: 76,DAMAGE,9.0,51.5
2026-02-11,competitive,Asia,paraiso,Grandmaster,솜브라,DAMAGE,5.6,68.5
2026-02-11,competitive,Asia,paraiso,Grandmaster,시그마,TANK,23.3,52.9
2026-02-11,competitive,Asia,paraiso,Grandmaster,시메트라,DAMAGE,8.3,37.3
2026-02-11,competitive,Asia,paraiso,Grandmaster,아나,SUPPORT,58.7,55.4
2026-02-11,competitive,Asia,paraiso,Grandmaster,안란,DAMAGE,-1.0,-1.0
2026-02-11,competitive,Asia,paraiso,Grandmaster,애쉬,DAMAGE,34.6,49.8
2026-02-11,competitive,Asia,paraiso,Grandmaster,에코,DAMAGE,21.7,47.7
2026-02-11,competitive,Asia,paraiso,Grandmaster,엠레,DAMAGE,-1.0,-1.0
2026-02-11,competitive,Asia,paraiso,Grandmaster,오리사,TANK,2.7,48.2
2026-02-11,competitive,Asia,paraiso,Grandmaster,우양,SUPPORT,26.1,58.5
2026-02-11,competitive,Asia,paraiso,Grandmaster,위도우메이커,DAMAGE,6.6,56.6
2026-02-11,competitive,Asia,paraiso,Grandmaster,윈스턴,TANK,18.2,58.8
2026-02-11,competitive,Asia,paraiso,Grandmaster,일리아리,SUPPORT,30.9,59.6
2026-02-11,competitive,Asia,paraiso,Grandmaster,자리야,TANK,14.8,39.6
2026-02-11,competitive,Asia,paraiso,Grandmaster,정커퀸,TANK,0.2,100.0
2026-02-11,competitive,Asia,paraiso,Grandmaster,정크랫,DAMAGE,3.0,30.5
2026-02-11,competitive,Asia,paraiso,Grandmaster,제트팩 캣,SUPPORT,-1.0,-1.0
2026-02-11,competitive,Asia,paraiso,Grandmaster,젠야타,SUPPORT,9.0,41.8
2026-02-11,competitive,Asia,paraiso,Grandmaster,주노,SUPPORT,3.4,16.0
2026-02-11,competitive,Asia,paraiso,Grandmaster,캐서디,DAMAGE,14.8,30.0
2026-02-11,competitive,Asia,paraiso,Grandmaster,키리코,SUPPORT,25.9,49.4
2026-02-11,competitive,Asia,paraiso,Grandmaster,토르비욘,DAMAGE,2.1,53.9
2026-02-11,competitive,Asia,paraiso,Grandmaster,트레이서,DAMAGE,17.6,59.7
2026-02-11,competitive,Asia,paraiso,Grandmaster,파라,DAMAGE,6.2,61.8
2026-02-11,competitive,Asia,paraiso,Grandmaster,프레야,DAMAGE,11.3,53.7
2026-02-11,competitive,Asia,paraiso,Grandmaster,한조,DAMAGE,10.8,48.8
2026-02-11,competitive,Asia,paraiso,Grandmaster,해저드,TANK,3.8,59.1
2026-02-11,competitive,Asia,hollywood,All,D.Va,TANK,9.7,49.2
2026-02-11,competitive,Asia,hollywood,All,겐지,DAMAGE,17.9,52.1
2026-02-11,competitive,Asia,hollywood,All,도미나,TANK,-1.0,-1.0
2026-02-11,competitive,Asia,hollywood,All,둠피스트,TANK,6.3,50.5
2026-02-11,competitive,Asia,hollywood,All,라마트라,TANK,6.1,45.1
2026-02-11,competitive,Asia,hollywood,All,라이프위버,SUPPORT,5.5,41.9
2026-02-11,competitive,Asia,hollywood,All,라인하르트,TANK,8.6,44.8
2026-02-11,competitive,Asia,hollywood,All,레킹볼,TANK,3.4,48.2
2026-02-11,competitive,Asia,hollywood,All,로드호그,TANK,5.3,38.9
2026-02-11,competitive,Asia,hollywood,All,루시우,SUPPORT,4.0,42.5
2026-02-11,competitive,Asia,hollywood,All,리퍼,DAMAGE,11.2,48.8
2026-02-11,competitive,Asia,hollywood,All,마우가,TANK,2.9,43.4
2026-02-11,competitive,Asia,hollywood,All,메르시,SUPPORT,12.3,47.3
2026-02-11,competitive,Asia,hollywood,All,메이,DAMAGE,8.3,47.4
2026-02-11,competitive,Asia,hollywood,All,모이라,SUPPORT,13.8,43.5
2026-02-11,competitive,Asia,hollywood,All,미즈키,SUPPORT,-1.0,-1.0
2026-02-11,competitive,Asia,hollywood,All,바스티온,DAMAGE,12.1,46.0
2026-02-11,competitive,Asia,hollywood,All,바티스트,SUPPORT,11.1,45.4
2026-02-11,competitive,Asia,hollywood,All,벤데타,DAMAGE,3.8,55.8
2026-02-11,competitive,Asia,hollywood,All,벤처,DAMAGE,5.3,51.0
2026-02-11,competitive,Asia,hollywood,All,브리기테,SUPPORT,3.5,45.3
2026-02-11,competitive,Asia,hollywood,All,소전,DAMAGE,14.8,44.5
2026-02-11,competitive,Asia,hollywood,All,솔저: 76,DAMAGE,18.6,46.2
2026-02-11,competitive,Asia,hollywood,All,솜브라,DAMAGE,3.6,50.3
2026-02-11,competitive,Asia,hollywood,All,시그마,TANK,19.1,54.7
2026-02-11,competitive,Asia,hollywood,All,시메트라,DAMAGE,5.5,50.8
2026-02-11,competitive,Asia,hollywood,All,아나,SUPPORT,60.0,51.5
2026-02-11,competitive,Asia,hollywood,All,안란,DAMAGE,0.0,64.3
2026-02-11,competitive,Asia,hollywood,All,애쉬,DAMAGE,22.9,52.2
2026-02-11,competitive,Asia,hollywood,All,에코,DAMAGE,6.0,52.0
2026-02-11,competitive,Asia,hollywood,All,엠레,DAMAGE,-1.0,-1.0
2026-02-11,competitive,Asia,hollywood,All,오리사,TANK,10.7,43.1
2026-02-11,competitive,Asia,hollywood,All,우양,SUPPORT,17.1,51.6
2026-02-11,competitive,Asia,hollywood,All,위도우메이커,DAMAGE,5.9,46.6
2026-02-11,competitive,Asia,hollywood,All,윈스턴,TANK,12.2,50.8
2026-02-11,competitive,Asia,hollywood,All,일리아리,SUPPORT,18.2,55.3
2026-02-11,competitive,Asia,hollywood,All,자리야,TANK,9.6,51.6
2026-02-11,competitive,Asia,hollywood,All,정커퀸,TANK,3.1,49.3
2026-02-11,competitive,Asia,hollywood,All,정크랫,DAMAGE,8.2,46.8
2026-02-11,competitive,Asia,hollywood,All,제트팩 캣,SUPPORT,-1.0,-1.0
2026-02-11,competitive,Asia,hollywood,All,젠야타,SUPPORT,15.1,51.6
2026-02-11,competitive,Asia,hollywood,All,주노,SUPPORT,8.5,48.0
2026-02-11,competitive,Asia,hollywood,All,캐서디,DAMAGE,21.3,44.8
2026-02-11,competitive,Asia,hollywood,All,키리코,SUPPORT,30.9,44.7
2026-02-11,competitive,Asia,hollywood,All,토르비욘,DAMAGE,5.1,45.7
2026-02-11,competitive,Asia,hollywood,All,트레이서,DAMAGE,5.8,48.6
2026-02-11,competitive,Asia,hollywood,All,파라,DAMAGE,5.7,50.5
2026-02-11,competitive,Asia,hollywood,All,프레야,DAMAGE,6.3,47.2
2026-02-11,competitive,Asia,hollywood,All,한조,DAMAGE,11.6,49.2
2026-02-11,competitive,Asia,hollywood,All,해저드,TANK,3.0,48.0
2026-02-11,competitive,Asia,hollywood,Bronze,D.Va,TANK,10.9,44.4
2026-02-11,competitive,Asia,hollywood,Bronze,겐지,DAMAGE,11.2,53.4
2026-02-11,competitive,Asia,hollywood,Bronze,도미나,TANK,-1.0,-1.0
2026-02-11,competitive,Asia,hollywood,Bronze,둠피스트,TANK,3.1,61.1
2026-02-11,competitive,Asia,hollywood,Bronze,라마트라,TANK,9.3,47.6
2026-02-11,competitive,Asia,hollywood,Bronze,라이프위버,SUPPORT,4.7,45.7
2026-02-11,competitive,Asia,hollywood,Bronze,라인하르트,TANK,9.7,51.0
2026-02-11,competitive,Asia,hollywood,Bronze,레킹볼,TANK,3.1,49.2
2026-02-11,competitive,Asia,hollywood,Bronze,로드호그,TANK,5.4,45.0
2026-02-11,competitive,Asia,hollywood,Bronze,루시우,SUPPORT,7.7,44.0
2026-02-11,competitive,Asia,hollywood,Bronze,리퍼,DAMAGE,11.7,50.2
2026-02-11,competitive,Asia,hollywood,Bronze,마우가,TANK,4.6,39.8
2026-02-11,competitive,Asia,hollywood,Bronze,메르시,SUPPORT,15.4,45.1
2026-02-11,competitive,Asia,hollywood,Bronze,메이,DAMAGE,7.4,49.1
2026-02-11,competitive,Asia,hollywood,Bronze,모이라,SUPPORT,23.6,45.8
2026-02-11,competitive,Asia,hollywood,Bronze,미즈키,SUPPORT,-1.0,-1.0
2026-02-11,competitive,Asia,hollywood,Bronze,바스티온,DAMAGE,22.1,45.3
2026-02-11,competitive,Asia,hollywood,Bronze,바티스트,SUPPORT,9.5,47.8
2026-02-11,competitive,Asia,hollywood,Bronze,벤데타,DAMAGE,3.3,53.4
2026-02-11,competitive,Asia,hollywood,Bronze,벤처,DAMAGE,4.2,50.3
2026-02-11,competitive,Asia,hollywood,Bronze,브리기테,SUPPORT,2.4,48.7
2026-02-11,competitive,Asia,hollywood,Bronze,소전,DAMAGE,18.9,42.3
2026-02-11,competitive,Asia,hollywood,Bronze,솔저: 76,DAMAGE,23.9,45.6
2026-02-11,competitive,Asia,hollywood,Bronze,솜브라,DAMAGE,2.6,50.5
2026-02-11,competitive,Asia,hollywood,Bronze,시그마,TANK,20.7,53.2
2026-02-11,competitive,Asia,hollywood,Bronze,시메트라,DAMAGE,5.2,55.6
2026-02-11,competitive,Asia,hollywood,Bronze,아나,SUPPORT,37.9,50.4
2026-02-11,competitive,Asia,hollywood,Bronze,안란,DAMAGE,-1.0,-1.0
2026-02-11,competitive,Asia,hollywood,Bronze,애쉬,DAMAGE,17.8,52.1
2026-02-11,competitive,Asia,hollywood,Bronze,에코,DAMAGE,4.9,49.8
2026-02-11,competitive,Asia,hollywood,Bronze,엠레,DAMAGE,-1.0,-1.0
2026-02-11,competitive,Asia,hollywood,Bronze,오리사,TANK,16.3,43.1
2026-02-11,competitive,Asia,hollywood,Bronze,우양,SUPPORT,17.0,51.4
2026-02-11,competitive,Asia,hollywood,Bronze,위도우메이커,DAMAGE,5.1,48.7
2026-02-11,competitive,Asia,hollywood,Bronze,윈스턴,TANK,6.0,52.6
2026-02-11,competitive,Asia,hollywood,Bronze,일리아리,SUPPORT,17.6,54.2
2026-02-11,competitive,Asia,hollywood,Bronze,자리야,TANK,5.6,55.4
2026-02-11,competitive,Asia,hollywood,Bronze,정커퀸,TANK,3.0,49.1
2026-02-11,competitive,Asia,hollywood,Bronze,정크랫,DAMAGE,13.1,47.2
2026-02-11,competitive,Asia,hollywood,Bronze,제트팩 캣,SUPPORT,-1.0,-1.0
2026-02-11,competitive,Asia,hollywood,Bronze,젠야타,SUPPORT,13.9,51.4
2026-02-11,competitive,Asia,hollywood,Bronze,주노,SUPPORT,18.1,49.1
2026-02-11,competitive,Asia,hollywood,Bronze,캐서디,DAMAGE,15.3,47.0
2026-02-11,competitive,Asia,hollywood,Bronze,키리코,SUPPORT,32.1,46.0
2026-02-11,competitive,Asia,hollywood,Bronze,토르비욘,DAMAGE,5.9,48.2
2026-02-11,competitive,Asia,hollywood,Bronze,트레이서,DAMAGE,3.7,48.7
2026-02-11,competitive,Asia,hollywood,Bronze,파라,DAMAGE,8.7,53.8
2026-02-11,competitive,Asia,hollywood,Bronze,프레야,DAMAGE,5.8,49.3
2026-02-11,competitive,Asia,hollywood,Bronze,한조,DAMAGE,9.2,50.7
2026-02-11,competitive,Asia,hollywood,Bronze,해저드,TANK,2.3,43.1
2026-02-11,competitive,Asia,hollywood,Silver,D.Va,TANK,10.2,49.0
2026-02-11,competitive,Asia,hollywood,Silver,겐지,DAMAGE,14.1,52.8
2026-02-11,competitive,Asia,hollywood,Silver,도미나,TANK,-1.0,-1.0
2026-02-11,competitive,Asia,hollywood,Silver,둠피스트,TANK,4.0,55.8
2026-02-11,competitive,Asia,hollywood,Silver,라마트라,TANK,8.0,45.7
2026-02-11,competitive,Asia,hollywood,Silver,라이프위버,SUPPORT,6.1,44.2
2026-02-11,competitive,Asia,hollywood,Silver,라인하르트,TANK,10.1,47.0
2026-02-11,competitive,Asia,hollywood,Silver,레킹볼,TANK,3.2,50.1
2026-02-11,competitive,Asia,hollywood,Silver,로드호그,TANK,5.2,40.4
2026-02-11,competitive,Asia,hollywood,Silver,루시우,SUPPORT,6.1,43.0
2026-02-11,competitive,Asia,hollywood,Silver,리퍼,DAMAGE,13.3,49.5
2026-02-11,competitive,Asia,hollywood,Silver,마우가,TANK,3.8,43.6
2026-02-11,competitive,Asia,hollywood,Silver,메르시,SUPPORT,16.4,46.8
2026-02-11,competitive,Asia,hollywood,Silver,메이,DAMAGE,8.7,47.2
2026-02-11,competitive,Asia,hollywood,Silver,모이라,SUPPORT,20.8,43.7
2026-02-11,competitive,Asia,hollywood,Silver,미즈키,SUPPORT,-1.0,-1.0
2026-02-11,competitive,Asia,hollywood,Silver,바스티온,DAMAGE,16.5,46.7
2026-02-11,competitive,Asia,hollywood,Silver,바티스트,SUPPORT,10.1,45.8
2026-02-11,competitive,Asia,hollywood,Silver,벤데타,DAMAGE,3.8,57.2
2026-02-11,competitive,Asia,hollywood,Silver,벤처,DAMAGE,4.9,51.8
2026-02-11,competitive,Asia,hollywood,Silver,브리기테,SUPPORT,2.7,46.2
2026-02-11,competitive,Asia,hollywood,Silver,소전,DAMAGE,16.0,45.1
2026-02-11,competitive,Asia,hollywood,Silver,솔저: 76,DAMAGE,24.1,45.4
2026-02-11,competitive,Asia,hollywood,Silver,솜브라,DAMAGE,2.9,51.9
2026-02-11,competitive,Asia,hollywood,Silver,시그마,TANK,20.1,54.0
2026-02-11,competitive,Asia,hollywood,Silver,시메트라,DAMAGE,5.7,51.6
2026-02-11,competitive,Asia,hollywood,Silver,아나,SUPPORT,48.6,51.5
2026-02-11,competitive,Asia,hollywood,Silver,안란,DAMAGE,0.0,56.0
2026-02-11,competitive,Asia,hollywood,Silver,애쉬,DAMAGE,19.1,52.9
2026-02-11,competitive,Asia,hollywood,Silver,에코,DAMAGE,4.8,50.9
2026-02-11,competitive,Asia,hollywood,Silver,엠레,DAMAGE,-1.0,-1.0
2026-02-11,competitive,Asia,hollywood,Silver,오리사,TANK,14.0,43.8
2026-02-11,competitive,Asia,hollywood,Silver,우양,SUPPORT,15.3,52.4
2026-02-11,competitive,Asia,hollywood,Silver,위도우메이커,DAMAGE,5.0,48.7
2026-02-11,competitive,Asia,hollywood,Silver,윈스턴,TANK,7.9,50.3
2026-02-11,competitive,Asia,hollywood,Silver,일리아리,SUPPORT,16.8,56.1
2026-02-11,competitive,Asia,hollywood,Silver,자리야,TANK,7.8,51.9
2026-02-11,competitive,Asia,hollywood,Silver,정커퀸,TANK,3.2,50.7
2026-02-11,competitive,Asia,hollywood,Silver,정크랫,DAMAGE,11.6,45.4
2026-02-11,competitive,Asia,hollywood,Silver,제트팩 캣,SUPPORT,-1.0,-1.0
2026-02-11,competitive,Asia,hollywood,Silver,젠야타,SUPPORT,13.2,51.3
2026-02-11,competitive,Asia,hollywood,Silver,주노,SUPPORT,12.8,47.8
2026-02-11,competitive,Asia,hollywood,Silver,캐서디,DAMAGE,17.9,47.4
2026-02-11,competitive,Asia,hollywood,Silver,키리코,SUPPORT,31.0,46.3
2026-02-11,competitive,Asia,hollywood,Silver,토르비욘,DAMAGE,5.6,46.0
2026-02-11,competitive,Asia,hollywood,Silver,트레이서,DAMAGE,3.8,48.1
2026-02-11,competitive,Asia,hollywood,Silver,파라,DAMAGE,6.9,49.4
2026-02-11,competitive,Asia,hollywood,Silver,프레야,DAMAGE,5.7,47.3
2026-02-11,competitive,Asia,hollywood,Silver,한조,DAMAGE,9.8,49.8
2026-02-11,competitive,Asia,hollywood,Silver,해저드,TANK,2.7,47.9
2026-02-11,competitive,Asia,hollywood,Gold,D.Va,TANK,10.0,49.3
2026-02-11,competitive,Asia,hollywood,Gold,겐지,DAMAGE,17.4,52.4
2026-02-11,competitive,Asia,hollywood,Gold,도미나,TANK,-1.0,-1.0
2026-02-11,competitive,Asia,hollywood,Gold,둠피스트,TANK,5.0,50.7
2026-02-11,competitive,Asia,hollywood,Gold,라마트라,TANK,6.5,44.9
2026-02-11,competitive,Asia,hollywood,Gold,라이프위버,SUPPORT,6.0,44.0
2026-02-11,competitive,Asia,hollywood,Gold,라인하르트,TANK,9.7,45.0
2026-02-11,competitive,Asia,hollywood,Gold,레킹볼,TANK,3.4,48.5
2026-02-11,competitive,Asia,hollywood,Gold,로드호그,TANK,5.5,39.4
2026-02-11,competitive,Asia,hollywood,Gold,루시우,SUPPORT,4.3,43.5
2026-02-11,competitive,Asia,hollywood,Gold,리퍼,DAMAGE,12.4,48.6
2026-02-11,competitive,Asia,hollywood,Gold,마우가,TANK,3.1,43.0
2026-02-11,competitive,Asia,hollywood,Gold,메르시,SUPPORT,13.6,46.8
2026-02-11,competitive,Asia,hollywood,Gold,메이,DAMAGE,9.0,47.9
2026-02-11,competitive,Asia,hollywood,Gold,모이라,SUPPORT,16.4,44.0
2026-02-11,competitive,Asia,hollywood,Gold,미즈키,SUPPORT,-1.0,-1.0
2026-02-11,competitive,Asia,hollywood,Gold,바스티온,DAMAGE,12.5,45.9
2026-02-11,competitive,Asia,hollywood,Gold,바티스트,SUPPORT,10.5,43.9
2026-02-11,competitive,Asia,hollywood,Gold,벤데타,DAMAGE,3.9,57.2
2026-02-11,competitive,Asia,hollywood,Gold,벤처,DAMAGE,5.2,51.1
2026-02-11,competitive,Asia,hollywood,Gold,브리기테,SUPPORT,3.0,45.8
2026-02-11,competitive,Asia,hollywood,Gold,소전,DAMAGE,14.3,43.3
2026-02-11,competitive,Asia,hollywood,Gold,솔저: 76,DAMAGE,20.8,46.0
2026-02-11,competitive,Asia,hollywood,Gold,솜브라,DAMAGE,3.0,52.8
2026-02-11,competitive,Asia,hollywood,Gold,시그마,TANK,18.8,54.5
2026-02-11,competitive,Asia,hollywood,Gold,시메트라,DAMAGE,5.9,50.8
2026-02-11,competitive,Asia,hollywood,Gold,아나,SUPPORT,58.8,50.4
2026-02-11,competitive,Asia,hollywood,Gold,안란,DAMAGE,0.0,100.0
2026-02-11,competitive,Asia,hollywood,Gold,애쉬,DAMAGE,22.2,51.7
2026-02-11,competitive,Asia,hollywood,Gold,에코,DAMAGE,5.4,51.9
2026-02-11,competitive,Asia,hollywood,Gold,엠레,DAMAGE,-1.0,-1.0
2026-02-11,competitive,Asia,hollywood,Gold,오리사,TANK,11.8,43.3
2026-02-11,competitive,Asia,hollywood,Gold,우양,SUPPORT,15.2,51.8
2026-02-11,competitive,Asia,hollywood,Gold,위도우메이커,DAMAGE,5.5,46.5
2026-02-11,competitive,Asia,hollywood,Gold,윈스턴,TANK,10.7,49.9
2026-02-11,competitive,Asia,hollywood,Gold,일리아리,SUPPORT,16.8,55.0
2026-02-11,competitive,Asia,hollywood,Gold,자리야,TANK,9.5,51.4
2026-02-11,competitive,Asia,hollywood,Gold,정커퀸,TANK,3.2,50.4
2026-02-11,competitive,Asia,hollywood,Gold,정크랫,DAMAGE,9.0,46.5
2026-02-11,competitive,Asia,hollywood,Gold,제트팩 캣,SUPPORT,-1.0,-1.0
2026-02-11,competitive,Asia,hollywood,Gold,젠야타,SUPPORT,14.3,51.5
2026-02-11,competitive,Asia,hollywood,Gold,주노,SUPPORT,9.3,48.7
2026-02-11,competitive,Asia,hollywood,Gold,캐서디,DAMAGE,20.7,44.7
2026-02-11,competitive,Asia,hollywood,Gold,키리코,SUPPORT,31.7,45.3
2026-02-11,competitive,Asia,hollywood,Gold,토르비욘,DAMAGE,5.4,46.8
2026-02-11,competitive,Asia,hollywood,Gold,트레이서,DAMAGE,4.3,48.1
2026-02-11,competitive,Asia,hollywood,Gold,파라,DAMAGE,5.9,49.5
2026-02-11,competitive,Asia,hollywood,Gold,프레야,DAMAGE,6.1,46.9
2026-02-11,competitive,Asia,hollywood,Gold,한조,DAMAGE,11.1,48.9
2026-02-11,competitive,Asia,hollywood,Gold,해저드,TANK,2.9,48.6
2026-02-11,competitive,Asia,hollywood,Platinum,D.Va,TANK,9.6,49.4
2026-02-11,competitive,Asia,hollywood,Platinum,겐지,DAMAGE,20.1,52.1
2026-02-11,competitive,Asia,hollywood,Platinum,도미나,TANK,-1.0,-1.0
2026-02-11,competitive,Asia,hollywood,Platinum,둠피스트,TANK,7.1,50.4
2026-02-11,competitive,Asia,hollywood,Platinum,라마트라,TANK,5.1,44.7
2026-02-11,competitive,Asia,hollywood,Platinum,라이프위버,SUPPORT,5.6,41.0
2026-02-11,competitive,Asia,hollywood,Platinum,라인하르트,TANK,7.9,42.8
2026-02-11,competitive,Asia,hollywood,Platinum,레킹볼,TANK,3.6,48.2
2026-02-11,competitive,Asia,hollywood,Platinum,로드호그,TANK,5.5,39.2
2026-02-11,competitive,Asia,hollywood,Platinum,루시우,SUPPORT,2.7,42.0
2026-02-11,competitive,Asia,hollywood,Platinum,리퍼,DAMAGE,10.8,48.1
2026-02-11,competitive,Asia,hollywood,Platinum,마우가,TANK,2.4,43.9
2026-02-11,competitive,Asia,hollywood,Platinum,메르시,SUPPORT,10.4,48.6
2026-02-11,competitive,Asia,hollywood,Platinum,메이,DAMAGE,8.6,46.8
2026-02-11,competitive,Asia,hollywood,Platinum,모이라,SUPPORT,10.1,42.0
2026-02-11,competitive,Asia,hollywood,Platinum,미즈키,SUPPORT,-1.0,-1.0
2026-02-11,competitive,Asia,hollywood,Platinum,바스티온,DAMAGE,9.8,45.8
2026-02-11,competitive,Asia,hollywood,Platinum,바티스트,SUPPORT,11.1,44.9
2026-02-11,competitive,Asia,hollywood,Platinum,벤데타,DAMAGE,3.7,55.4
2026-02-11,competitive,Asia,hollywood,Platinum,벤처,DAMAGE,5.5,50.2
2026-02-11,competitive,Asia,hollywood,Platinum,브리기테,SUPPORT,3.8,44.8
2026-02-11,competitive,Asia,hollywood,Platinum,소전,DAMAGE,13.8,45.4
2026-02-11,competitive,Asia,hollywood,Platinum,솔저: 76,DAMAGE,16.5,46.9
2026-02-11,competitive,Asia,hollywood,Platinum,솜브라,DAMAGE,4.0,50.0
2026-02-11,competitive,Asia,hollywood,Platinum,시그마,TANK,18.6,54.7
2026-02-11,competitive,Asia,hollywood,Platinum,시메트라,DAMAGE,5.5,50.0
2026-02-11,competitive,Asia,hollywood,Platinum,아나,SUPPORT,67.6,52.3
2026-02-11,competitive,Asia,hollywood,Platinum,안란,DAMAGE,0.0,60.8
2026-02-11,competitive,Asia,hollywood,Platinum,애쉬,DAMAGE,24.7,52.2
2026-02-11,competitive,Asia,hollywood,Platinum,에코,DAMAGE,6.2,51.9
2026-02-11,competitive,Asia,hollywood,Platinum,엠레,DAMAGE,-1.0,-1.0
2026-02-11,competitive,Asia,hollywood,Platinum,오리사,TANK,9.1,42.6
2026-02-11,competitive,Asia,hollywood,Platinum,우양,SUPPORT,17.0,51.3
2026-02-11,competitive,Asia,hollywood,Platinum,위도우메이커,DAMAGE,6.4,46.7
2026-02-11,competitive,Asia,hollywood,Platinum,윈스턴,TANK,14.1,51.1
2026-02-11,competitive,Asia,hollywood,Platinum,일리아리,SUPPORT,18.6,55.0
2026-02-11,competitive,Asia,hollywood,Platinum,자리야,TANK,10.5,50.3
2026-02-11,competitive,Asia,hollywood,Platinum,정커퀸,TANK,3.2,49.2
2026-02-11,competitive,Asia,hollywood,Platinum,정크랫,DAMAGE,6.5,49.0
2026-02-11,competitive,Asia,hollywood,Platinum,제트팩 캣,SUPPORT,-1.0,-1.0
2026-02-11,competitive,Asia,hollywood,Platinum,젠야타,SUPPORT,15.9,52.7
2026-02-11,competitive,Asia,hollywood,Platinum,주노,SUPPORT,6.1,47.0
2026-02-11,competitive,Asia,hollywood,Platinum,캐서디,DAMAGE,23.5,43.6
2026-02-11,competitive,Asia,hollywood,Platinum,키리코,SUPPORT,31.1,43.8
2026-02-11,competitive,Asia,hollywood,Platinum,토르비욘,DAMAGE,4.9,45.0
2026-02-11,competitive,Asia,hollywood,Platinum,트레이서,DAMAGE,5.7,48.0
2026-02-11,competitive,Asia,hollywood,Platinum,파라,DAMAGE,5.2,50.5
2026-02-11,competitive,Asia,hollywood,Platinum,프레야,DAMAGE,6.4,47.1
2026-02-11,competitive,Asia,hollywood,Platinum,한조,DAMAGE,12.3,48.9
2026-02-11,competitive,Asia,hollywood,Platinum,해저드,TANK,3.3,48.6
2026-02-11,competitive,Asia,hollywood,Diamond,D.Va,TANK,9.0,51.1
2026-02-11,competitive,Asia,hollywood,Diamond,겐지,DAMAGE,21.9,50.7
2026-02-11,competitive,Asia,hollywood,Diamond,도미나,TANK,-1.0,-1.0
2026-02-11,competitive,Asia,hollywood,Diamond,둠피스트,TANK,10.4,48.6
2026-02-11,competitive,Asia,hollywood,Diamond,라마트라,TANK,4.0,43.1
2026-02-11,competitive,Asia,hollywood,Diamond,라이프위버,SUPPORT,4.7,35.4
2026-02-11,competitive,Asia,hollywood,Diamond,라인하르트,TANK,6.3,42.2
2026-02-11,competitive,Asia,hollywood,Diamond,레킹볼,TANK,3.7,44.9
2026-02-11,competitive,Asia,hollywood,Diamond,로드호그,TANK,5.0,33.0
2026-02-11,competitive,Asia,hollywood,Diamond,루시우,SUPPORT,2.1,37.0
2026-02-11,competitive,Asia,hollywood,Diamond,리퍼,DAMAGE,8.1,47.3
2026-02-11,competitive,Asia,hollywood,Diamond,마우가,TANK,2.0,47.2
2026-02-11,competitive,Asia,hollywood,Diamond,메르시,SUPPORT,8.2,48.7
2026-02-11,competitive,Asia,hollywood,Diamond,메이,DAMAGE,7.2,47.6
2026-02-11,competitive,Asia,hollywood,Diamond,모이라,SUPPORT,5.7,43.2
2026-02-11,competitive,Asia,hollywood,Diamond,미즈키,SUPPORT,-1.0,-1.0
2026-02-11,competitive,Asia,hollywood,Diamond,바스티온,DAMAGE,7.8,45.4
2026-02-11,competitive,Asia,hollywood,Diamond,바티스트,SUPPORT,12.3,46.6
2026-02-11,competitive,Asia,hollywood,Diamond,벤데타,DAMAGE,3.9,53.9
2026-02-11,competitive,Asia,hollywood,Diamond,벤처,DAMAGE,6.1,50.7
2026-02-11,competitive,Asia,hollywood,Diamond,브리기테,SUPPORT,4.9,43.1
2026-02-11,competitive,Asia,hollywood,Diamond,소전,DAMAGE,14.5,45.4
2026-02-11,competitive,Asia,hollywood,Diamond,솔저: 76,DAMAGE,12.0,47.7
2026-02-11,competitive,Asia,hollywood,Diamond,솜브라,DAMAGE,5.0,49.3
2026-02-11,competitive,Asia,hollywood,Diamond,시그마,TANK,18.0,56.4
2026-02-11,competitive,Asia,hollywood,Diamond,시메트라,DAMAGE,4.7,48.8
2026-02-11,competitive,Asia,hollywood,Diamond,아나,SUPPORT,69.9,52.9
2026-02-11,competitive,Asia,hollywood,Diamond,안란,DAMAGE,-1.0,-1.0
2026-02-11,competitive,Asia,hollywood,Diamond,애쉬,DAMAGE,26.2,51.9
2026-02-11,competitive,Asia,hollywood,Diamond,에코,DAMAGE,8.2,52.5
2026-02-11,competitive,Asia,hollywood,Diamond,엠레,DAMAGE,-1.0,-1.0
2026-02-11,competitive,Asia,hollywood,Diamond,오리사,TANK,6.9,41.4
2026-02-11,competitive,Asia,hollywood,Diamond,우양,SUPPORT,20.7,51.2
2026-02-11,competitive,Asia,hollywood,Diamond,위도우메이커,DAMAGE,6.7,45.1
2026-02-11,competitive,Asia,hollywood,Diamond,윈스턴,TANK,17.2,51.1
2026-02-11,competitive,Asia,hollywood,Diamond,일리아리,SUPPORT,20.7,55.8
2026-02-11,competitive,Asia,hollywood,Diamond,자리야,TANK,11.3,52.0
2026-02-11,competitive,Asia,hollywood,Diamond,정커퀸,TANK,2.7,46.0
2026-02-11,competitive,Asia,hollywood,Diamond,정크랫,DAMAGE,4.5,45.8
2026-02-11,competitive,Asia,hollywood,Diamond,제트팩 캣,SUPPORT,-1.0,-1.0
2026-02-11,competitive,Asia,hollywood,Diamond,젠야타,SUPPORT,18.2,50.6
2026-02-11,competitive,Asia,hollywood,Diamond,주노,SUPPORT,3.7,48.0
2026-02-11,competitive,Asia,hollywood,Diamond,캐서디,DAMAGE,24.9,44.1
2026-02-11,competitive,Asia,hollywood,Diamond,키리코,SUPPORT,28.9,42.6
2026-02-11,competitive,Asia,hollywood,Diamond,토르비욘,DAMAGE,4.2,43.1
2026-02-11,competitive,Asia,hollywood,Diamond,트레이서,DAMAGE,9.2,50.3
2026-02-11,competitive,Asia,hollywood,Diamond,파라,DAMAGE,4.3,51.6
2026-02-11,competitive,Asia,hollywood,Diamond,프레야,DAMAGE,6.9,45.9
2026-02-11,competitive,Asia,hollywood,Diamond,한조,DAMAGE,13.8,49.9
2026-02-11,competitive,Asia,hollywood,Diamond,해저드,TANK,3.4,46.5
2026-02-11,competitive,Asia,hollywood,Master,D.Va,TANK,7.5,50.6
2026-02-11,competitive,Asia,hollywood,Master,겐지,DAMAGE,21.5,50.7
2026-02-11,competitive,Asia,hollywood,Master,도미나,TANK,-1.0,-1.0
2026-02-11,competitive,Asia,hollywood,Master,둠피스트,TANK,12.6,43.2
2026-02-11,competitive,Asia,hollywood,Master,라마트라,TANK,3.3,42.4
2026-02-11,competitive,Asia,hollywood,Master,라이프위버,SUPPORT,3.4,29.4
2026-02-11,competitive,Asia,hollywood,Master,라인하르트,TANK,4.9,38.2
2026-02-11,competitive,Asia,hollywood,Master,레킹볼,TANK,3.3,49.7
2026-02-11,competitive,Asia,hollywood,Master,로드호그,TANK,4.8,33.3
2026-02-11,competitive,Asia,hollywood,Master,루시우,SUPPORT,2.0,38.4
2026-02-11,competitive,Asia,hollywood,Master,리퍼,DAMAGE,7.0,53.0
2026-02-11,competitive,Asia,hollywood,Master,마우가,TANK,1.6,46.0
2026-02-11,competitive,Asia,hollywood,Master,메르시,SUPPORT,6.8,45.4
2026-02-11,competitive,Asia,hollywood,Master,메이,DAMAGE,5.5,47.1
2026-02-11,competitive,Asia,hollywood,Master,모이라,SUPPORT,3.2,40.4
2026-02-11,competitive,Asia,hollywood,Master,미즈키,SUPPORT,-1.0,-1.0
2026-02-11,competitive,Asia,hollywood,Master,바스티온,DAMAGE,6.1,47.0
2026-02-11,competitive,Asia,hollywood,Master,바티스트,SUPPORT,15.5,47.4
2026-02-11,competitive,Asia,hollywood,Master,벤데타,DAMAGE,3.4,49.9
2026-02-11,competitive,Asia,hollywood,Master,벤처,DAMAGE,6.1,53.5
2026-02-11,competitive,Asia,hollywood,Master,브리기테,SUPPORT,6.1,48.4
2026-02-11,competitive,Asia,hollywood,Master,소전,DAMAGE,15.5,45.9
2026-02-11,competitive,Asia,hollywood,Master,솔저: 76,DAMAGE,8.3,47.5
2026-02-11,competitive,Asia,hollywood,Master,솜브라,DAMAGE,5.5,44.7
2026-02-11,competitive,Asia,hollywood,Master,시그마,TANK,18.9,57.0
2026-02-11,competitive,Asia,hollywood,Master,시메트라,DAMAGE,4.0,51.2
2026-02-11,competitive,Asia,hollywood,Master,아나,SUPPORT,68.1,53.4
2026-02-11,competitive,Asia,hollywood,Master,안란,DAMAGE,-1.0,-1.0
2026-02-11,competitive,Asia,hollywood,Master,애쉬,DAMAGE,28.7,53.7
2026-02-11,competitive,Asia,hollywood,Master,에코,DAMAGE,9.7,55.9
2026-02-11,competitive,Asia,hollywood,Master,엠레,DAMAGE,-1.0,-1.0
2026-02-11,competitive,Asia,hollywood,Master,오리사,TANK,5.7,42.9
2026-02-11,competitive,Asia,hollywood,Master,우양,SUPPORT,25.3,51.0
2026-02-11,competitive,Asia,hollywood,Master,위도우메이커,DAMAGE,7.5,43.2
2026-02-11,competitive,Asia,hollywood,Master,윈스턴,TANK,20.5,52.7
2026-02-11,competitive,Asia,hollywood,Master,일리아리,SUPPORT,23.1,56.6
2026-02-11,competitive,Asia,hollywood,Master,자리야,TANK,11.4,55.6
2026-02-11,competitive,Asia,hollywood,Master,정커퀸,TANK,2.3,45.8
2026-02-11,competitive,Asia,hollywood,Master,정크랫,DAMAGE,3.6,47.5
2026-02-11,competitive,Asia,hollywood,Master,제트팩 캣,SUPPORT,-1.0,-1.0
2026-02-11,competitive,Asia,hollywood,Master,젠야타,SUPPORT,16.7,50.2
2026-02-11,competitive,Asia,hollywood,Master,주노,SUPPORT,1.9,44.1
2026-02-11,competitive,Asia,hollywood,Master,캐서디,DAMAGE,23.4,43.8
2026-02-11,competitive,Asia,hollywood,Master,키리코,SUPPORT,28.0,44.5
2026-02-11,competitive,Asia,hollywood,Master,토르비욘,DAMAGE,3.6,42.5
2026-02-11,competitive,Asia,hollywood,Master,트레이서,DAMAGE,15.7,47.9
2026-02-11,competitive,Asia,hollywood,Master,파라,DAMAGE,3.9,52.4
2026-02-11,competitive,Asia,hollywood,Master,프레야,DAMAGE,6.9,49.6
2026-02-11,competitive,Asia,hollywood,Master,한조,DAMAGE,14.1,46.9
2026-02-11,competitive,Asia,hollywood,Master,해저드,TANK,3.2,51.5
2026-02-11,competitive,Asia,hollywood,Grandmaster,D.Va,TANK,7.2,59.2
2026-02-11,competitive,Asia,hollywood,Grandmaster,겐지,DAMAGE,16.6,51.3
2026-02-11,competitive,Asia,hollywood,Grandmaster,도미나,TANK,-1.0,-1.0
2026-02-11,competitive,Asia,hollywood,Grandmaster,둠피스트,TANK,9.3,43.2
2026-02-11,competitive,Asia,hollywood,Grandmaster,라마트라,TANK,2.7,33.9
2026-02-11,competitive,Asia,hollywood,Grandmaster,라이프위버,SUPPORT,1.6,20.9
2026-02-11,competitive,Asia,hollywood,Grandmaster,라인하르트,TANK,3.6,30.0
2026-02-11,competitive,Asia,hollywood,Grandmaster,레킹볼,TANK,4.0,45.8
2026-02-11,competitive,Asia,hollywood,Grandmaster,로드호그,TANK,3.5,46.8
2026-02-11,competitive,Asia,hollywood,Grandmaster,루시우,SUPPORT,3.3,36.5
2026-02-11,competitive,Asia,hollywood,Grandmaster,리퍼,DAMAGE,3.9,50.4
2026-02-11,competitive,Asia,hollywood,Grandmaster,마우가,TANK,1.0,13.1
2026-02-11,competitive,Asia,hollywood,Grandmaster,메르시,SUPPORT,5.1,48.8
2026-02-11,competitive,Asia,hollywood,Grandmaster,메이,DAMAGE,5.5,46.9
2026-02-11,competitive,Asia,hollywood,Grandmaster,모이라,SUPPORT,2.9,35.4
2026-02-11,competitive,Asia,hollywood,Grandmaster,미즈키,SUPPORT,-1.0,-1.0
2026-02-11,competitive,Asia,hollywood,Grandmaster,바스티온,DAMAGE,4.3,42.4
2026-02-11,competitive,Asia,hollywood,Grandmaster,바티스트,SUPPORT,23.4,52.6
2026-02-11,competitive,Asia,hollywood,Grandmaster,벤데타,DAMAGE,5.1,59.6
2026-02-11,competitive,Asia,hollywood,Grandmaster,벤처,DAMAGE,5.0,52.5
2026-02-11,competitive,Asia,hollywood,Grandmaster,브리기테,SUPPORT,6.8,45.3
2026-02-11,competitive,Asia,hollywood,Grandmaster,소전,DAMAGE,15.0,40.7
2026-02-11,competitive,Asia,hollywood,Grandmaster,솔저: 76,DAMAGE,5.9,43.9
2026-02-11,competitive,Asia,hollywood,Grandmaster,솜브라,DAMAGE,4.5,41.8
2026-02-11,competitive,Asia,hollywood,Grandmaster,시그마,TANK,27.5,57.9
2026-02-11,competitive,Asia,hollywood,Grandmaster,시메트라,DAMAGE,4.4,58.4
2026-02-11,competitive,Asia,hollywood,Grandmaster,아나,SUPPORT,58.0,52.1
2026-02-11,competitive,Asia,hollywood,Grandmaster,안란,DAMAGE,-1.0,-1.0
2026-02-11,competitive,Asia,hollywood,Grandmaster,애쉬,DAMAGE,33.2,55.4
2026-02-11,competitive,Asia,hollywood,Grandmaster,에코,DAMAGE,10.4,53.4
2026-02-11,competitive,Asia,hollywood,Grandmaster,엠레,DAMAGE,-1.0,-1.0
2026-02-11,competitive,Asia,hollywood,Grandmaster,오리사,TANK,4.4,41.1
2026-02-11,competitive,Asia,hollywood,Grandmaster,우양,SUPPORT,32.4,50.7
2026-02-11,competitive,Asia,hollywood,Grandmaster,위도우메이커,DAMAGE,7.6,40.0
2026-02-11,competitive,Asia,hollywood,Grandmaster,윈스턴,TANK,19.8,47.9
2026-02-11,competitive,Asia,hollywood,Grandmaster,일리아리,SUPPORT,25.4,54.3
2026-02-11,competitive,Asia,hollywood,Grandmaster,자리야,TANK,13.1,59.8
2026-02-11,competitive,Asia,hollywood,Grandmaster,정커퀸,TANK,1.5,42.6
2026-02-11,competitive,Asia,hollywood,Grandmaster,정크랫,DAMAGE,5.3,43.4
2026-02-11,competitive,Asia,hollywood,Grandmaster,제트팩 캣,SUPPORT,-1.0,-1.0
2026-02-11,competitive,Asia,hollywood,Grandmaster,젠야타,SUPPORT,12.6,49.2
2026-02-11,competitive,Asia,hollywood,Grandmaster,주노,SUPPORT,1.5,35.7
2026-02-11,competitive,Asia,hollywood,Grandmaster,캐서디,DAMAGE,19.5,46.0
2026-02-11,competitive,Asia,hollywood,Grandmaster,키리코,SUPPORT,27.1,45.6
2026-02-11,competitive,Asia,hollywood,Grandmaster,토르비욘,DAMAGE,2.8,38.3
2026-02-11,competitive,Asia,hollywood,Grandmaster,트레이서,DAMAGE,24.1,51.7
2026-02-11,competitive,Asia,hollywood,Grandmaster,파라,DAMAGE,3.4,56.5
2026-02-11,competitive,Asia,hollywood,Grandmaster,프레야,DAMAGE,8.8,49.9
2026-02-11,competitive,Asia,hollywood,Grandmaster,한조,DAMAGE,14.9,47.3
2026-02-11,competitive,Asia,hollywood,Grandmaster,해저드,TANK,2.4,50.3
2026-02-11,competitive,Asia,new-queen-street,All,D.Va,TANK,8.5,50.1
2026-02-11,competitive,Asia,new-queen-street,All,겐지,DAMAGE,18.5,51.2
2026-02-11,competitive,Asia,new-queen-street,All,도미나,TANK,-1.0,-1.0
2026-02-11,competitive,Asia,new-queen-street,All,둠피스트,TANK,8.6,51.5
2026-02-11,competitive,Asia,new-queen-street,All,라마트라,TANK,6.0,47.5
2026-02-11,competitive,Asia,new-queen-street,All,라이프위버,SUPPORT,4.6,43.6
2026-02-11,competitive,Asia,new-queen-street,All,라인하르트,TANK,9.2,50.2
2026-02-11,competitive,Asia,new-queen-street,All,레킹볼,TANK,5.7,52.3
2026-02-11,competitive,Asia,new-queen-street,All,로드호그,TANK,5.0,42.4
2026-02-11,competitive,Asia,new-queen-street,All,루시우,SUPPORT,5.9,48.5
2026-02-11,competitive,Asia,new-queen-street,All,리퍼,DAMAGE,9.7,51.4
2026-02-11,competitive,Asia,new-queen-street,All,마우가,TANK,3.6,47.0
2026-02-11,competitive,Asia,new-queen-street,All,메르시,SUPPORT,8.2,48.1
2026-02-11,competitive,Asia,new-queen-street,All,메이,DAMAGE,5.9,50.7
2026-02-11,competitive,Asia,new-queen-street,All,모이라,SUPPORT,16.3,47.6
2026-02-11,competitive,Asia,new-queen-street,All,미즈키,SUPPORT,-1.0,-1.0
2026-02-11,competitive,Asia,new-queen-street,All,바스티온,DAMAGE,9.4,48.4
2026-02-11,competitive,Asia,new-queen-street,All,바티스트,SUPPORT,8.8,47.6
2026-02-11,competitive,Asia,new-queen-street,All,벤데타,DAMAGE,4.4,54.9
2026-02-11,competitive,Asia,new-queen-street,All,벤처,DAMAGE,5.4,51.5
2026-02-11,competitive,Asia,new-queen-street,All,브리기테,SUPPORT,5.7,46.7
2026-02-11,competitive,Asia,new-queen-street,All,소전,DAMAGE,20.7,47.6
2026-02-11,competitive,Asia,new-queen-street,All,솔저: 76,DAMAGE,29.3,54.6
2026-02-11,competitive,Asia,new-queen-street,All,솜브라,DAMAGE,6.4,52.1
2026-02-11,competitive,Asia,new-queen-street,All,시그마,TANK,14.3,55.1
2026-02-11,competitive,Asia,new-queen-street,All,시메트라,DAMAGE,2.4,51.0
2026-02-11,competitive,Asia,new-queen-street,All,아나,SUPPORT,52.3,48.9
2026-02-11,competitive,Asia,new-queen-street,All,안란,DAMAGE,0.0,100.0
2026-02-11,competitive,Asia,new-queen-street,All,애쉬,DAMAGE,15.0,51.1
2026-02-11,competitive,Asia,new-queen-street,All,에코,DAMAGE,5.9,51.0
2026-02-11,competitive,Asia,new-queen-street,All,엠레,DAMAGE,-1.0,-1.0
2026-02-11,competitive,Asia,new-queen-street,All,오리사,TANK,11.0,44.6
2026-02-11,competitive,Asia,new-queen-street,All,우양,SUPPORT,22.2,55.6
2026-02-11,competitive,Asia,new-queen-street,All,위도우메이커,DAMAGE,1.7,42.7
2026-02-11,competitive,Asia,new-queen-street,All,윈스턴,TANK,10.1,50.0
2026-02-11,competitive,Asia,new-queen-street,All,일리아리,SUPPORT,13.3,56.3
2026-02-11,competitive,Asia,new-queen-street,All,자리야,TANK,8.0,50.1
2026-02-11,competitive,Asia,new-queen-street,All,정커퀸,TANK,6.6,55.2
2026-02-11,competitive,Asia,new-queen-street,All,정크랫,DAMAGE,3.9,46.0
2026-02-11,competitive,Asia,new-queen-street,All,제트팩 캣,SUPPORT,-1.0,-1.0
2026-02-11,competitive,Asia,new-queen-street,All,젠야타,SUPPORT,10.9,53.4
2026-02-11,competitive,Asia,new-queen-street,All,주노,SUPPORT,11.5,49.5
2026-02-11,competitive,Asia,new-queen-street,All,캐서디,DAMAGE,28.8,45.8
2026-02-11,competitive,Asia,new-queen-street,All,키리코,SUPPORT,40.2,47.8
2026-02-11,competitive,Asia,new-queen-street,All,토르비욘,DAMAGE,3.1,50.8
2026-02-11,competitive,Asia,new-queen-street,All,트레이서,DAMAGE,13.3,50.2
2026-02-11,competitive,Asia,new-queen-street,All,파라,DAMAGE,4.1,49.0
2026-02-11,competitive,Asia,new-queen-street,All,프레야,DAMAGE,5.6,45.8
2026-02-11,competitive,Asia,new-queen-street,All,한조,DAMAGE,6.6,49.5
2026-02-11,competitive,Asia,new-queen-street,All,해저드,TANK,3.4,49.3
2026-02-11,competitive,Asia,new-queen-street,Bronze,D.Va,TANK,10.1,48.6
2026-02-11,competitive,Asia,new-queen-street,Bronze,겐지,DAMAGE,12.9,55.0
2026-02-11,competitive,Asia,new-queen-street,Bronze,도미나,TANK,-1.0,-1.0
2026-02-11,competitive,Asia,new-queen-street,Bronze,둠피스트,TANK,4.3,52.9
2026-02-11,competitive,Asia,new-queen-street,Bronze,라마트라,TANK,10.1,48.2
2026-02-11,competitive,Asia,new-queen-street,Bronze,라이프위버,SUPPORT,4.9,42.0
2026-02-11,competitive,Asia,new-queen-street,Bronze,라인하르트,TANK,9.5,51.7
2026-02-11,competitive,Asia,new-queen-street,Bronze,레킹볼,TANK,4.4,55.6
2026-02-11,competitive,Asia,new-queen-street,Bronze,로드호그,TANK,6.2,45.5
2026-02-11,competitive,Asia,new-queen-street,Bronze,루시우,SUPPORT,8.1,50.1
2026-02-11,competitive,Asia,new-queen-street,Bronze,리퍼,DAMAGE,12.4,49.4
2026-02-11,competitive,Asia,new-queen-street,Bronze,마우가,TANK,4.7,47.5
2026-02-11,competitive,Asia,new-queen-street,Bronze,메르시,SUPPORT,12.1,48.4
2026-02-11,competitive,Asia,new-queen-street,Bronze,메이,DAMAGE,6.9,52.8
2026-02-11,competitive,Asia,new-queen-street,Bronze,모이라,SUPPORT,24.7,47.4
2026-02-11,competitive,Asia,new-queen-street,Bronze,미즈키,SUPPORT,-1.0,-1.0
2026-02-11,competitive,Asia,new-queen-street,Bronze,바스티온,DAMAGE,19.9,45.9
2026-02-11,competitive,Asia,new-queen-street,Bronze,바티스트,SUPPORT,9.0,47.0
2026-02-11,competitive,Asia,new-queen-street,Bronze,벤데타,DAMAGE,4.1,60.2
2026-02-11,competitive,Asia,new-queen-street,Bronze,벤처,DAMAGE,5.3,54.7
2026-02-11,competitive,Asia,new-queen-street,Bronze,브리기테,SUPPORT,3.4,53.6
2026-02-11,competitive,Asia,new-queen-street,Bronze,소전,DAMAGE,21.6,47.5
2026-02-11,competitive,Asia,new-queen-street,Bronze,솔저: 76,DAMAGE,28.0,52.9
2026-02-11,competitive,Asia,new-queen-street,Bronze,솜브라,DAMAGE,3.9,53.0
2026-02-11,competitive,Asia,new-queen-street,Bronze,시그마,TANK,17.2,55.0
2026-02-11,competitive,Asia,new-queen-street,Bronze,시메트라,DAMAGE,2.5,52.9
2026-02-11,competitive,Asia,new-queen-street,Bronze,아나,SUPPORT,34.3,50.0
2026-02-11,competitive,Asia,new-queen-street,Bronze,안란,DAMAGE,0.0,100.0
2026-02-11,competitive,Asia,new-queen-street,Bronze,애쉬,DAMAGE,14.5,48.5
2026-02-11,competitive,Asia,new-queen-street,Bronze,에코,DAMAGE,5.7,47.2
2026-02-11,competitive,Asia,new-queen-street,Bronze,엠레,DAMAGE,-1.0,-1.0
2026-02-11,competitive,Asia,new-queen-street,Bronze,오리사,TANK,15.3,43.2
2026-02-11,competitive,Asia,new-queen-street,Bronze,우양,SUPPORT,18.9,54.7
2026-02-11,competitive,Asia,new-queen-street,Bronze,위도우메이커,DAMAGE,2.5,51.0
2026-02-11,competitive,Asia,new-queen-street,Bronze,윈스턴,TANK,5.7,47.4
2026-02-11,competitive,Asia,new-queen-street,Bronze,일리아리,SUPPORT,10.9,56.4
2026-02-11,competitive,Asia,new-queen-street,Bronze,자리야,TANK,5.3,54.4
2026-02-11,competitive,Asia,new-queen-street,Bronze,정커퀸,TANK,4.3,56.1
2026-02-11,competitive,Asia,new-queen-street,Bronze,정크랫,DAMAGE,8.7,46.2
2026-02-11,competitive,Asia,new-queen-street,Bronze,제트팩 캣,SUPPORT,-1.0,-1.0
2026-02-11,competitive,Asia,new-queen-street,Bronze,젠야타,SUPPORT,12.2,53.7
2026-02-11,competitive,Asia,new-queen-street,Bronze,주노,SUPPORT,24.2,48.1
2026-02-11,competitive,Asia,new-queen-street,Bronze,캐서디,DAMAGE,20.0,50.1
2026-02-11,competitive,Asia,new-queen-street,Bronze,키리코,SUPPORT,37.3,48.5
2026-02-11,competitive,Asia,new-queen-street,Bronze,토르비욘,DAMAGE,4.2,48.2
2026-02-11,competitive,Asia,new-queen-street,Bronze,트레이서,DAMAGE,6.4,51.6
2026-02-11,competitive,Asia,new-queen-street,Bronze,파라,DAMAGE,7.5,50.8
2026-02-11,competitive,Asia,new-queen-street,Bronze,프레야,DAMAGE,6.2,43.9
2026-02-11,competitive,Asia,new-queen-street,Bronze,한조,DAMAGE,6.9,48.8
2026-02-11,competitive,Asia,new-queen-street,Bronze,해저드,TANK,3.1,52.1
2026-02-11,competitive,Asia,new-queen-street,Silver,D.Va,TANK,9.3,48.6
2026-02-11,competitive,Asia,new-queen-street,Silver,겐지,DAMAGE,15.7,51.4
2026-02-11,competitive,Asia,new-queen-street,Silver,도미나,TANK,-1.0,-1.0
2026-02-11,competitive,Asia,new-queen-street,Silver,둠피스트,TANK,5.9,52.6
2026-02-11,competitive,Asia,new-queen-street,Silver,라마트라,TANK,8.2,49.0
2026-02-11,competitive,Asia,new-queen-street,Silver,라이프위버,SUPPORT,6.0,44.6
2026-02-11,competitive,Asia,new-queen-street,Silver,라인하르트,TANK,10.3,51.9
2026-02-11,competitive,Asia,new-queen-street,Silver,레킹볼,TANK,4.5,53.8
2026-02-11,competitive,Asia,new-queen-street,Silver,로드호그,TANK,5.3,44.6
2026-02-11,competitive,Asia,new-queen-street,Silver,루시우,SUPPORT,7.3,48.1
2026-02-11,competitive,Asia,new-queen-street,Silver,리퍼,DAMAGE,12.4,51.9
2026-02-11,competitive,Asia,new-queen-street,Silver,마우가,TANK,4.2,46.3
2026-02-11,competitive,Asia,new-queen-street,Silver,메르시,SUPPORT,11.8,47.0
2026-02-11,competitive,Asia,new-queen-street,Silver,메이,DAMAGE,7.1,51.2
2026-02-11,competitive,Asia,new-queen-street,Silver,모이라,SUPPORT,23.1,47.7
2026-02-11,competitive,Asia,new-queen-street,Silver,미즈키,SUPPORT,-1.0,-1.0
2026-02-11,competitive,Asia,new-queen-street,Silver,바스티온,DAMAGE,13.2,47.3
2026-02-11,competitive,Asia,new-queen-street,Silver,바티스트,SUPPORT,8.1,47.0
2026-02-11,competitive,Asia,new-queen-street,Silver,벤데타,DAMAGE,4.8,55.6
2026-02-11,competitive,Asia,new-queen-street,Silver,벤처,DAMAGE,5.0,52.1
2026-02-11,competitive,Asia,new-queen-street,Silver,브리기테,SUPPORT,4.2,48.2
2026-02-11,competitive,Asia,new-queen-street,Silver,소전,DAMAGE,20.6,46.1
2026-02-11,competitive,Asia,new-queen-street,Silver,솔저: 76,DAMAGE,30.1,54.3
2026-02-11,competitive,Asia,new-queen-street,Silver,솜브라,DAMAGE,4.6,55.5
2026-02-11,competitive,Asia,new-queen-street,Silver,시그마,TANK,15.7,53.1
2026-02-11,competitive,Asia,new-queen-street,Silver,시메트라,DAMAGE,2.5,52.1
2026-02-11,competitive,Asia,new-queen-street,Silver,아나,SUPPORT,43.8,49.8
2026-02-11,competitive,Asia,new-queen-street,Silver,안란,DAMAGE,-1.0,-1.0
2026-02-11,competitive,Asia,new-queen-street,Silver,애쉬,DAMAGE,15.6,52.1
2026-02-11,competitive,Asia,new-queen-street,Silver,에코,DAMAGE,5.8,49.4
2026-02-11,competitive,Asia,new-queen-street,Silver,엠레,DAMAGE,-1.0,-1.0
2026-02-11,competitive,Asia,new-queen-street,Silver,오리사,TANK,14.0,44.3
2026-02-11,competitive,Asia,new-queen-street,Silver,우양,SUPPORT,17.9,56.4
2026-02-11,competitive,Asia,new-queen-street,Silver,위도우메이커,DAMAGE,1.9,43.3
2026-02-11,competitive,Asia,new-queen-street,Silver,윈스턴,TANK,6.4,49.6
2026-02-11,competitive,Asia,new-queen-street,Silver,일리아리,SUPPORT,10.6,55.3
2026-02-11,competitive,Asia,new-queen-street,Silver,자리야,TANK,7.0,53.6
2026-02-11,competitive,Asia,new-queen-street,Silver,정커퀸,TANK,6.4,56.3
2026-02-11,competitive,Asia,new-queen-street,Silver,정크랫,DAMAGE,6.3,45.3
2026-02-11,competitive,Asia,new-queen-street,Silver,제트팩 캣,SUPPORT,-1.0,-1.0
2026-02-11,competitive,Asia,new-queen-street,Silver,젠야타,SUPPORT,11.4,53.6
2026-02-11,competitive,Asia,new-queen-street,Silver,주노,SUPPORT,17.4,49.6
2026-02-11,competitive,Asia,new-queen-street,Silver,캐서디,DAMAGE,24.2,46.4
2026-02-11,competitive,Asia,new-queen-street,Silver,키리코,SUPPORT,38.4,48.6
2026-02-11,competitive,Asia,new-queen-street,Silver,토르비욘,DAMAGE,3.4,49.3
2026-02-11,competitive,Asia,new-queen-street,Silver,트레이서,DAMAGE,8.2,51.8
2026-02-11,competitive,Asia,new-queen-street,Silver,파라,DAMAGE,5.7,48.4
2026-02-11,competitive,Asia,new-queen-street,Silver,프레야,DAMAGE,6.0,45.8
2026-02-11,competitive,Asia,new-queen-street,Silver,한조,DAMAGE,7.0,50.4
2026-02-11,competitive,Asia,new-queen-street,Silver,해저드,TANK,3.0,45.4
2026-02-11,competitive,Asia,new-queen-street,Gold,D.Va,TANK,8.2,50.5
2026-02-11,competitive,Asia,new-queen-street,Gold,겐지,DAMAGE,18.7,51.2
2026-02-11,competitive,Asia,new-queen-street,Gold,도미나,TANK,-1.0,-1.0
2026-02-11,competitive,Asia,new-queen-street,Gold,둠피스트,TANK,7.2,52.2
2026-02-11,competitive,Asia,new-queen-street,Gold,라마트라,TANK,6.7,47.5
2026-02-11,competitive,Asia,new-queen-street,Gold,라이프위버,SUPPORT,5.2,44.4
2026-02-11,competitive,Asia,new-queen-street,Gold,라인하르트,TANK,10.4,51.1
2026-02-11,competitive,Asia,new-queen-street,Gold,레킹볼,TANK,5.1,53.8
2026-02-11,competitive,Asia,new-queen-street,Gold,로드호그,TANK,5.1,41.9
2026-02-11,competitive,Asia,new-queen-street,Gold,루시우,SUPPORT,5.9,47.9
2026-02-11,competitive,Asia,new-queen-street,Gold,리퍼,DAMAGE,11.1,51.7
2026-02-11,competitive,Asia,new-queen-street,Gold,마우가,TANK,3.8,46.7
2026-02-11,competitive,Asia,new-queen-street,Gold,메르시,SUPPORT,9.4,48.8
2026-02-11,competitive,Asia,new-queen-street,Gold,메이,DAMAGE,6.4,51.3
2026-02-11,competitive,Asia,new-queen-street,Gold,모이라,SUPPORT,19.6,48.8
2026-02-11,competitive,Asia,new-queen-street,Gold,미즈키,SUPPORT,-1.0,-1.0
2026-02-11,competitive,Asia,new-queen-street,Gold,바스티온,DAMAGE,9.9,48.8
2026-02-11,competitive,Asia,new-queen-street,Gold,바티스트,SUPPORT,8.4,45.7
2026-02-11,competitive,Asia,new-queen-street,Gold,벤데타,DAMAGE,4.7,54.8
2026-02-11,competitive,Asia,new-queen-street,Gold,벤처,DAMAGE,5.4,50.5
2026-02-11,competitive,Asia,new-queen-street,Gold,브리기테,SUPPORT,5.0,46.6
2026-02-11,competitive,Asia,new-queen-street,Gold,소전,DAMAGE,19.6,47.2
2026-02-11,competitive,Asia,new-queen-street,Gold,솔저: 76,DAMAGE,29.7,54.3
2026-02-11,competitive,Asia,new-queen-street,Gold,솜브라,DAMAGE,5.4,51.4
2026-02-11,competitive,Asia,new-queen-street,Gold,시그마,TANK,14.1,54.8
2026-02-11,competitive,Asia,new-queen-street,Gold,시메트라,DAMAGE,2.4,53.1
2026-02-11,competitive,Asia,new-queen-street,Gold,아나,SUPPORT,51.8,48.2
2026-02-11,competitive,Asia,new-queen-street,Gold,안란,DAMAGE,-1.0,-1.0
2026-02-11,competitive,Asia,new-queen-street,Gold,애쉬,DAMAGE,16.4,51.5
2026-02-11,competitive,Asia,new-queen-street,Gold,에코,DAMAGE,5.8,51.2
2026-02-11,competitive,Asia,new-queen-street,Gold,엠레,DAMAGE,-1.0,-1.0
2026-02-11,competitive,Asia,new-queen-street,Gold,오리사,TANK,12.2,43.9
2026-02-11,competitive,Asia,new-queen-street,Gold,우양,SUPPORT,19.3,56.0
2026-02-11,competitive,Asia,new-queen-street,Gold,위도우메이커,DAMAGE,1.6,40.6
2026-02-11,competitive,Asia,new-queen-street,Gold,윈스턴,TANK,8.2,49.9
2026-02-11,competitive,Asia,new-queen-street,Gold,일리아리,SUPPORT,11.1,57.2
2026-02-11,competitive,Asia,new-queen-street,Gold,자리야,TANK,8.7,49.8
2026-02-11,competitive,Asia,new-queen-street,Gold,정커퀸,TANK,7.2,55.7
2026-02-11,competitive,Asia,new-queen-street,Gold,정크랫,DAMAGE,4.1,43.9
2026-02-11,competitive,Asia,new-queen-street,Gold,제트팩 캣,SUPPORT,-1.0,-1.0
2026-02-11,competitive,Asia,new-queen-street,Gold,젠야타,SUPPORT,11.0,54.2
2026-02-11,competitive,Asia,new-queen-street,Gold,주노,SUPPORT,13.3,48.8
2026-02-11,competitive,Asia,new-queen-street,Gold,캐서디,DAMAGE,28.8,46.2
2026-02-11,competitive,Asia,new-queen-street,Gold,키리코,SUPPORT,40.0,48.3
2026-02-11,competitive,Asia,new-queen-street,Gold,토르비욘,DAMAGE,3.1,54.2
2026-02-11,competitive,Asia,new-queen-street,Gold,트레이서,DAMAGE,10.2,49.7
2026-02-11,competitive,Asia,new-queen-street,Gold,파라,DAMAGE,4.3,47.9
2026-02-11,competitive,Asia,new-queen-street,Gold,프레야,DAMAGE,5.6,46.5
2026-02-11,competitive,Asia,new-queen-street,Gold,한조,DAMAGE,6.9,48.9
2026-02-11,competitive,Asia,new-queen-street,Gold,해저드,TANK,3.2,49.2
2026-02-11,competitive,Asia,new-queen-street,Platinum,D.Va,TANK,8.1,50.5
2026-02-11,competitive,Asia,new-queen-street,Platinum,겐지,DAMAGE,20.4,51.1
2026-02-11,competitive,Asia,new-queen-street,Platinum,도미나,TANK,-1.0,-1.0
2026-02-11,competitive,Asia,new-queen-street,Platinum,둠피스트,TANK,9.1,52.2
2026-02-11,competitive,Asia,new-queen-street,Platinum,라마트라,TANK,5.3,47.9
2026-02-11,competitive,Asia,new-queen-street,Platinum,라이프위버,SUPPORT,4.8,45.1
2026-02-11,competitive,Asia,new-queen-street,Platinum,라인하르트,TANK,9.1,48.7
2026-02-11,competitive,Asia,new-queen-street,Platinum,레킹볼,TANK,6.1,52.2
2026-02-11,competitive,Asia,new-queen-street,Platinum,로드호그,TANK,5.1,42.3
2026-02-11,competitive,Asia,new-queen-street,Platinum,루시우,SUPPORT,5.1,48.4
2026-02-11,competitive,Asia,new-queen-street,Platinum,리퍼,DAMAGE,8.8,51.0
2026-02-11,competitive,Asia,new-queen-street,Platinum,마우가,TANK,3.4,48.5
2026-02-11,competitive,Asia,new-queen-street,Platinum,메르시,SUPPORT,7.2,48.1
2026-02-11,competitive,Asia,new-queen-street,Platinum,메이,DAMAGE,5.9,50.1
2026-02-11,competitive,Asia,new-queen-street,Platinum,모이라,SUPPORT,14.4,47.3
2026-02-11,competitive,Asia,new-queen-street,Platinum,미즈키,SUPPORT,-1.0,-1.0
2026-02-11,competitive,Asia,new-queen-street,Platinum,바스티온,DAMAGE,7.6,49.6
2026-02-11,competitive,Asia,new-queen-street,Platinum,바티스트,SUPPORT,8.5,46.9
2026-02-11,competitive,Asia,new-queen-street,Platinum,벤데타,DAMAGE,4.2,53.9
2026-02-11,competitive,Asia,new-queen-street,Platinum,벤처,DAMAGE,5.5,50.8
2026-02-11,competitive,Asia,new-queen-street,Platinum,브리기테,SUPPORT,6.1,44.6
2026-02-11,competitive,Asia,new-queen-street,Platinum,소전,DAMAGE,19.6,47.6
2026-02-11,competitive,Asia,new-queen-street,Platinum,솔저: 76,DAMAGE,29.7,54.6
2026-02-11,competitive,Asia,new-queen-street,Platinum,솜브라,DAMAGE,6.8,53.4
2026-02-11,competitive,Asia,new-queen-street,Platinum,시그마,TANK,13.8,56.0
2026-02-11,competitive,Asia,new-queen-street,Platinum,시메트라,DAMAGE,2.4,49.3
2026-02-11,competitive,Asia,new-queen-street,Platinum,아나,SUPPORT,57.6,48.9
2026-02-11,competitive,Asia,new-queen-street,Platinum,안란,DAMAGE,-1.0,-1.0
2026-02-11,competitive,Asia,new-queen-street,Platinum,애쉬,DAMAGE,14.7,50.3
2026-02-11,competitive,Asia,new-queen-street,Platinum,에코,DAMAGE,5.7,50.3
2026-02-11,competitive,Asia,new-queen-street,Platinum,엠레,DAMAGE,-1.0,-1.0
2026-02-11,competitive,Asia,new-queen-street,Platinum,오리사,TANK,10.1,45.2
2026-02-11,competitive,Asia,new-queen-street,Platinum,우양,SUPPORT,22.1,56.4
2026-02-11,competitive,Asia,new-queen-street,Platinum,위도우메이커,DAMAGE,1.5,44.0
2026-02-11,competitive,Asia,new-queen-street,Platinum,윈스턴,TANK,10.4,49.6
2026-02-11,competitive,Asia,new-queen-street,Platinum,일리아리,SUPPORT,13.4,55.8
2026-02-11,competitive,Asia,new-queen-street,Platinum,자리야,TANK,8.7,48.3
2026-02-11,competitive,Asia,new-queen-street,Platinum,정커퀸,TANK,7.3,53.9
2026-02-11,competitive,Asia,new-queen-street,Platinum,정크랫,DAMAGE,2.6,46.4
2026-02-11,competitive,Asia,new-queen-street,Platinum,제트팩 캣,SUPPORT,-1.0,-1.0
2026-02-11,competitive,Asia,new-queen-street,Platinum,젠야타,SUPPORT,10.9,52.5
2026-02-11,competitive,Asia,new-queen-street,Platinum,주노,SUPPORT,9.1,51.1
2026-02-11,competitive,Asia,new-queen-street,Platinum,캐서디,DAMAGE,32.1,45.9
2026-02-11,competitive,Asia,new-queen-street,Platinum,키리코,SUPPORT,40.8,47.6
2026-02-11,competitive,Asia,new-queen-street,Platinum,토르비욘,DAMAGE,3.1,51.3
2026-02-11,competitive,Asia,new-queen-street,Platinum,트레이서,DAMAGE,13.7,51.0
2026-02-11,competitive,Asia,new-queen-street,Platinum,파라,DAMAGE,3.4,49.8
2026-02-11,competitive,Asia,new-queen-street,Platinum,프레야,DAMAGE,5.6,45.8
2026-02-11,competitive,Asia,new-queen-street,Platinum,한조,DAMAGE,6.5,48.8
2026-02-11,competitive,Asia,new-queen-street,Platinum,해저드,TANK,3.5,49.3
2026-02-11,competitive,Asia,new-queen-street,Diamond,D.Va,TANK,8.2,51.8
2026-02-11,competitive,Asia,new-queen-street,Diamond,겐지,DAMAGE,20.2,50.7
2026-02-11,competitive,Asia,new-queen-street,Diamond,도미나,TANK,-1.0,-1.0
2026-02-11,competitive,Asia,new-queen-street,Diamond,둠피스트,TANK,12.0,50.3
2026-02-11,competitive,Asia,new-queen-street,Diamond,라마트라,TANK,3.8,42.5
2026-02-11,competitive,Asia,new-queen-street,Diamond,라이프위버,SUPPORT,3.2,39.2
2026-02-11,competitive,Asia,new-queen-street,Diamond,라인하르트,TANK,8.0,50.1
2026-02-11,competitive,Asia,new-queen-street,Diamond,레킹볼,TANK,6.9,49.4
2026-02-11,competitive,Asia,new-queen-street,Diamond,로드호그,TANK,4.6,39.0
2026-02-11,competitive,Asia,new-queen-street,Diamond,루시우,SUPPORT,5.4,49.5
2026-02-11,competitive,Asia,new-queen-street,Diamond,리퍼,DAMAGE,7.2,52.8
2026-02-11,competitive,Asia,new-queen-street,Diamond,마우가,TANK,3.0,44.5
2026-02-11,competitive,Asia,new-queen-street,Diamond,메르시,SUPPORT,5.1,47.9
2026-02-11,competitive,Asia,new-queen-street,Diamond,메이,DAMAGE,4.5,48.5
2026-02-11,competitive,Asia,new-queen-street,Diamond,모이라,SUPPORT,9.0,45.7
2026-02-11,competitive,Asia,new-queen-street,Diamond,미즈키,SUPPORT,-1.0,-1.0
2026-02-11,competitive,Asia,new-queen-street,Diamond,바스티온,DAMAGE,6.1,50.4
2026-02-11,competitive,Asia,new-queen-street,Diamond,바티스트,SUPPORT,9.3,51.0
2026-02-11,competitive,Asia,new-queen-street,Diamond,벤데타,DAMAGE,4.1,54.6
2026-02-11,competitive,Asia,new-queen-street,Diamond,벤처,DAMAGE,5.5,51.5
2026-02-11,competitive,Asia,new-queen-street,Diamond,브리기테,SUPPORT,7.3,47.5
2026-02-11,competitive,Asia,new-queen-street,Diamond,소전,DAMAGE,21.3,48.3
2026-02-11,competitive,Asia,new-queen-street,Diamond,솔저: 76,DAMAGE,29.2,56.0
2026-02-11,competitive,Asia,new-queen-street,Diamond,솜브라,DAMAGE,8.6,51.1
2026-02-11,competitive,Asia,new-queen-street,Diamond,시그마,TANK,12.9,55.6
2026-02-11,competitive,Asia,new-queen-street,Diamond,시메트라,DAMAGE,2.1,47.4
2026-02-11,competitive,Asia,new-queen-street,Diamond,아나,SUPPORT,58.3,48.5
2026-02-11,competitive,Asia,new-queen-street,Diamond,안란,DAMAGE,-1.0,-1.0
2026-02-11,competitive,Asia,new-queen-street,Diamond,애쉬,DAMAGE,13.5,51.7
2026-02-11,competitive,Asia,new-queen-street,Diamond,에코,DAMAGE,6.2,55.1
2026-02-11,competitive,Asia,new-queen-street,Diamond,엠레,DAMAGE,-1.0,-1.0
2026-02-11,competitive,Asia,new-queen-street,Diamond,오리사,TANK,8.0,47.4
2026-02-11,competitive,Asia,new-queen-street,Diamond,우양,SUPPORT,27.2,54.2
2026-02-11,competitive,Asia,new-queen-street,Diamond,위도우메이커,DAMAGE,1.3,37.6
2026-02-11,competitive,Asia,new-queen-street,Diamond,윈스턴,TANK,14.3,50.2
2026-02-11,competitive,Asia,new-queen-street,Diamond,일리아리,SUPPORT,16.8,56.3
2026-02-11,competitive,Asia,new-queen-street,Diamond,자리야,TANK,8.0,49.5
2026-02-11,competitive,Asia,new-queen-street,Diamond,정커퀸,TANK,6.3,56.5
2026-02-11,competitive,Asia,new-queen-street,Diamond,정크랫,DAMAGE,2.4,51.9
2026-02-11,competitive,Asia,new-queen-street,Diamond,제트팩 캣,SUPPORT,-1.0,-1.0
2026-02-11,competitive,Asia,new-queen-street,Diamond,젠야타,SUPPORT,11.0,53.5
2026-02-11,competitive,Asia,new-queen-street,Diamond,주노,SUPPORT,6.0,48.8
2026-02-11,competitive,Asia,new-queen-street,Diamond,캐서디,DAMAGE,32.0,44.5
2026-02-11,competitive,Asia,new-queen-street,Diamond,키리코,SUPPORT,41.5,46.8
2026-02-11,competitive,Asia,new-queen-street,Diamond,토르비욘,DAMAGE,2.9,48.4
2026-02-11,competitive,Asia,new-queen-street,Diamond,트레이서,DAMAGE,18.8,47.9
2026-02-11,competitive,Asia,new-queen-street,Diamond,파라,DAMAGE,2.7,48.5
2026-02-11,competitive,Asia,new-queen-street,Diamond,프레야,DAMAGE,5.3,44.4
2026-02-11,competitive,Asia,new-queen-street,Diamond,한조,DAMAGE,6.1,50.8
2026-02-11,competitive,Asia,new-queen-street,Diamond,해저드,TANK,3.8,50.8
2026-02-11,competitive,Asia,new-queen-street,Master,D.Va,TANK,8.1,50.5
2026-02-11,competitive,Asia,new-queen-street,Master,겐지,DAMAGE,18.5,49.9
2026-02-11,competitive,Asia,new-queen-street,Master,도미나,TANK,-1.0,-1.0
2026-02-11,competitive,Asia,new-queen-street,Master,둠피스트,TANK,13.9,49.9
2026-02-11,competitive,Asia,new-queen-street,Master,라마트라,TANK,2.6,48.3
2026-02-11,competitive,Asia,new-queen-street,Master,라이프위버,SUPPORT,2.4,38.3
2026-02-11,competitive,Asia,new-queen-street,Master,라인하르트,TANK,5.9,42.6
2026-02-11,competitive,Asia,new-queen-street,Master,레킹볼,TANK,7.4,51.8
2026-02-11,competitive,Asia,new-queen-street,Master,로드호그,TANK,4.1,45.1
2026-02-11,competitive,Asia,new-queen-street,Master,루시우,SUPPORT,5.3,46.7
2026-02-11,competitive,Asia,new-queen-street,Master,리퍼,DAMAGE,6.2,50.9
2026-02-11,competitive,Asia,new-queen-street,Master,마우가,TANK,2.8,46.6
2026-02-11,competitive,Asia,new-queen-street,Master,메르시,SUPPORT,4.3,50.0
2026-02-11,competitive,Asia,new-queen-street,Master,메이,DAMAGE,3.7,50.2
2026-02-11,competitive,Asia,new-queen-street,Master,모이라,SUPPORT,5.8,44.1
2026-02-11,competitive,Asia,new-queen-street,Master,미즈키,SUPPORT,-1.0,-1.0
2026-02-11,competitive,Asia,new-queen-street,Master,바스티온,DAMAGE,4.3,45.8
2026-02-11,competitive,Asia,new-queen-street,Master,바티스트,SUPPORT,11.1,49.4
2026-02-11,competitive,Asia,new-queen-street,Master,벤데타,DAMAGE,4.1,54.5
2026-02-11,competitive,Asia,new-queen-street,Master,벤처,DAMAGE,5.7,54.8
2026-02-11,competitive,Asia,new-queen-street,Master,브리기테,SUPPORT,8.2,47.0
2026-02-11,competitive,Asia,new-queen-street,Master,소전,DAMAGE,26.9,51.0
2026-02-11,competitive,Asia,new-queen-street,Master,솔저: 76,DAMAGE,26.3,55.1
2026-02-11,competitive,Asia,new-queen-street,Master,솜브라,DAMAGE,8.9,47.6
2026-02-11,competitive,Asia,new-queen-street,Master,시그마,TANK,14.1,55.7
2026-02-11,competitive,Asia,new-queen-street,Master,시메트라,DAMAGE,2.3,55.4
2026-02-11,competitive,Asia,new-queen-street,Master,아나,SUPPORT,53.9,48.5
2026-02-11,competitive,Asia,new-queen-street,Master,안란,DAMAGE,-1.0,-1.0
2026-02-11,competitive,Asia,new-queen-street,Master,애쉬,DAMAGE,13.3,52.1
2026-02-11,competitive,Asia,new-queen-street,Master,에코,DAMAGE,6.9,50.5
2026-02-11,competitive,Asia,new-queen-street,Master,엠레,DAMAGE,-1.0,-1.0
2026-02-11,competitive,Asia,new-queen-street,Master,오리사,TANK,6.6,42.1
2026-02-11,competitive,Asia,new-queen-street,Master,우양,SUPPORT,34.0,54.8
2026-02-11,competitive,Asia,new-queen-street,Master,위도우메이커,DAMAGE,1.7,42.1
2026-02-11,competitive,Asia,new-queen-street,Master,윈스턴,TANK,18.8,51.7
2026-02-11,competitive,Asia,new-queen-street,Master,일리아리,SUPPORT,20.7,56.7
2026-02-11,competitive,Asia,new-queen-street,Master,자리야,TANK,7.4,50.7
2026-02-11,competitive,Asia,new-queen-street,Master,정커퀸,TANK,4.4,51.6
2026-02-11,competitive,Asia,new-queen-street,Master,정크랫,DAMAGE,1.9,52.8
2026-02-11,competitive,Asia,new-queen-street,Master,제트팩 캣,SUPPORT,-1.0,-1.0
2026-02-11,competitive,Asia,new-queen-street,Master,젠야타,SUPPORT,8.8,53.2
2026-02-11,competitive,Asia,new-queen-street,Master,주노,SUPPORT,3.6,48.3
2026-02-11,competitive,Asia,new-queen-street,Master,캐서디,DAMAGE,27.7,42.5
2026-02-11,competitive,Asia,new-queen-street,Master,키리코,SUPPORT,41.9,46.1
2026-02-11,competitive,Asia,new-queen-street,Master,토르비욘,DAMAGE,2.6,48.4
2026-02-11,competitive,Asia,new-queen-street,Master,트레이서,DAMAGE,25.6,50.0
2026-02-11,competitive,Asia,new-queen-street,Master,파라,DAMAGE,2.8,48.7
2026-02-11,competitive,Asia,new-queen-street,Master,프레야,DAMAGE,4.7,49.1
2026-02-11,competitive,Asia,new-queen-street,Master,한조,DAMAGE,5.9,50.7
2026-02-11,competitive,Asia,new-queen-street,Master,해저드,TANK,4.0,52.7
2026-02-11,competitive,Asia,new-queen-street,Grandmaster,D.Va,TANK,10.9,44.1
2026-02-11,competitive,Asia,new-queen-street,Grandmaster,겐지,DAMAGE,11.5,50.2
2026-02-11,competitive,Asia,new-queen-street,Grandmaster,도미나,TANK,-1.0,-1.0
2026-02-11,competitive,Asia,new-queen-street,Grandmaster,둠피스트,TANK,11.8,42.9
2026-02-11,competitive,Asia,new-queen-street,Grandmaster,라마트라,TANK,2.3,39.7
2026-02-11,competitive,Asia,new-queen-street,Grandmaster,라이프위버,SUPPORT,0.8,14.4
2026-02-11,competitive,Asia,new-queen-street,Grandmaster,라인하르트,TANK,5.0,54.4
2026-02-11,competitive,Asia,new-queen-street,Grandmaster,레킹볼,TANK,9.3,49.1
2026-02-11,competitive,Asia,new-queen-street,Grandmaster,로드호그,TANK,2.6,29.6
2026-02-11,competitive,Asia,new-queen-street,Grandmaster,루시우,SUPPORT,7.3,52.6
2026-02-11,competitive,Asia,new-queen-street,Grandmaster,리퍼,DAMAGE,3.4,40.2
2026-02-11,competitive,Asia,new-queen-street,Grandmaster,마우가,TANK,1.0,62.2
2026-02-11,competitive,Asia,new-queen-street,Grandmaster,메르시,SUPPORT,2.8,33.4
2026-02-11,competitive,Asia,new-queen-street,Grandmaster,메이,DAMAGE,3.7,57.4
2026-02-11,competitive,Asia,new-queen-street,Grandmaster,모이라,SUPPORT,3.4,44.9
2026-02-11,competitive,Asia,new-queen-street,Grandmaster,미즈키,SUPPORT,-1.0,-1.0
2026-02-11,competitive,Asia,new-queen-street,Grandmaster,바스티온,DAMAGE,2.9,42.5
2026-02-11,competitive,Asia,new-queen-street,Grandmaster,바티스트,SUPPORT,15.6,52.2
2026-02-11,competitive,Asia,new-queen-street,Grandmaster,벤데타,DAMAGE,6.6,54.4
2026-02-11,competitive,Asia,new-queen-street,Grandmaster,벤처,DAMAGE,4.8,50.1
2026-02-11,competitive,Asia,new-queen-street,Grandmaster,브리기테,SUPPORT,9.0,51.4
2026-02-11,competitive,Asia,new-queen-street,Grandmaster,소전,DAMAGE,30.0,47.2
2026-02-11,competitive,Asia,new-queen-street,Grandmaster,솔저: 76,DAMAGE,25.4,54.1
2026-02-11,competitive,Asia,new-queen-street,Grandmaster,솜브라,DAMAGE,8.3,47.5
2026-02-11,competitive,Asia,new-queen-street,Grandmaster,시그마,TANK,19.2,61.6
2026-02-11,competitive,Asia,new-queen-street,Grandmaster,시메트라,DAMAGE,3.8,48.2
2026-02-11,competitive,Asia,new-queen-street,Grandmaster,아나,SUPPORT,50.0,49.7
2026-02-11,competitive,Asia,new-queen-street,Grandmaster,안란,DAMAGE,-1.0,-1.0
2026-02-11,competitive,Asia,new-queen-street,Grandmaster,애쉬,DAMAGE,18.3,51.4
2026-02-11,competitive,Asia,new-queen-street,Grandmaster,에코,DAMAGE,7.0,52.9
2026-02-11,competitive,Asia,new-queen-street,Grandmaster,엠레,DAMAGE,-1.0,-1.0
2026-02-11,competitive,Asia,new-queen-street,Grandmaster,오리사,TANK,3.9,46.4
2026-02-11,competitive,Asia,new-queen-street,Grandmaster,우양,SUPPORT,36.8,53.1
2026-02-11,competitive,Asia,new-queen-street,Grandmaster,위도우메이커,DAMAGE,2.5,37.5
2026-02-11,competitive,Asia,new-queen-street,Grandmaster,윈스턴,TANK,20.5,52.3
2026-02-11,competitive,Asia,new-queen-street,Grandmaster,일리아리,SUPPORT,24.4,58.0
2026-02-11,competitive,Asia,new-queen-street,Grandmaster,자리야,TANK,8.4,51.8
2026-02-11,competitive,Asia,new-queen-street,Grandmaster,정커퀸,TANK,2.1,54.4
2026-02-11,competitive,Asia,new-queen-street,Grandmaster,정크랫,DAMAGE,2.2,35.4
2026-02-11,competitive,Asia,new-queen-street,Grandmaster,제트팩 캣,SUPPORT,-1.0,-1.0
2026-02-11,competitive,Asia,new-queen-street,Grandmaster,젠야타,SUPPORT,6.0,52.1
2026-02-11,competitive,Asia,new-queen-street,Grandmaster,주노,SUPPORT,1.5,44.3
2026-02-11,competitive,Asia,new-queen-street,Grandmaster,캐서디,DAMAGE,18.5,43.5
2026-02-11,competitive,Asia,new-queen-street,Grandmaster,키리코,SUPPORT,42.4,44.9
2026-02-11,competitive,Asia,new-queen-street,Grandmaster,토르비욘,DAMAGE,1.6,48.7
2026-02-11,competitive,Asia,new-queen-street,Grandmaster,트레이서,DAMAGE,35.0,56.3
2026-02-11,competitive,Asia,new-queen-street,Grandmaster,파라,DAMAGE,2.9,57.3
2026-02-11,competitive,Asia,new-queen-street,Grandmaster,프레야,DAMAGE,6.2,46.8
2026-02-11,competitive,Asia,new-queen-street,Grandmaster,한조,DAMAGE,5.5,51.0
2026-02-11,competitive,Asia,new-queen-street,Grandmaster,해저드,TANK,2.9,45.2
2026-02-11,competitive,Asia,runasapi,All,D.Va,TANK,7.7,48.8
2026-02-11,competitive,Asia,runasapi,All,겐지,DAMAGE,17.9,50.5
2026-02-11,competitive,Asia,runasapi,All,도미나,TANK,-1.0,-1.0
2026-02-11,competitive,Asia,runasapi,All,둠피스트,TANK,8.4,50.2
2026-02-11,competitive,Asia,runasapi,All,라마트라,TANK,6.5,47.6
2026-02-11,competitive,Asia,runasapi,All,라이프위버,SUPPORT,4.4,44.4
2026-02-11,competitive,Asia,runasapi,All,라인하르트,TANK,9.3,50.9
2026-02-11,competitive,Asia,runasapi,All,레킹볼,TANK,5.2,51.9
2026-02-11,competitive,Asia,runasapi,All,로드호그,TANK,4.8,42.2
2026-02-11,competitive,Asia,runasapi,All,루시우,SUPPORT,6.9,48.8
2026-02-11,competitive,Asia,runasapi,All,리퍼,DAMAGE,10.1,51.6
2026-02-11,competitive,Asia,runasapi,All,마우가,TANK,3.7,45.7
2026-02-11,competitive,Asia,runasapi,All,메르시,SUPPORT,7.7,46.7
2026-02-11,competitive,Asia,runasapi,All,메이,DAMAGE,6.2,50.7
2026-02-11,competitive,Asia,runasapi,All,모이라,SUPPORT,15.7,47.8
2026-02-11,competitive,Asia,runasapi,All,미즈키,SUPPORT,-1.0,-1.0
2026-02-11,competitive,Asia,runasapi,All,바스티온,DAMAGE,10.1,49.7
2026-02-11,competitive,Asia,runasapi,All,바티스트,SUPPORT,9.2,47.2
2026-02-11,competitive,Asia,runasapi,All,벤데타,DAMAGE,4.6,54.9
2026-02-11,competitive,Asia,runasapi,All,벤처,DAMAGE,6.0,53.1
2026-02-11,competitive,Asia,runasapi,All,브리기테,SUPPORT,6.2,47.9
2026-02-11,competitive,Asia,runasapi,All,소전,DAMAGE,22.0,46.9
2026-02-11,competitive,Asia,runasapi,All,솔저: 76,DAMAGE,25.3,53.4
2026-02-11,competitive,Asia,runasapi,All,솜브라,DAMAGE,6.0,52.5
2026-02-11,competitive,Asia,runasapi,All,시그마,TANK,15.0,56.3
2026-02-11,competitive,Asia,runasapi,All,시메트라,DAMAGE,2.8,51.3
2026-02-11,competitive,Asia,runasapi,All,아나,SUPPORT,50.4,47.9
2026-02-11,competitive,Asia,runasapi,All,안란,DAMAGE,0.0,66.4
2026-02-11,competitive,Asia,runasapi,All,애쉬,DAMAGE,14.0,50.2
2026-02-11,competitive,Asia,runasapi,All,에코,DAMAGE,6.0,51.3
2026-02-11,competitive,Asia,runasapi,All,엠레,DAMAGE,-1.0,-1.0
2026-02-11,competitive,Asia,runasapi,All,오리사,TANK,11.1,43.8
2026-02-11,competitive,Asia,runasapi,All,우양,SUPPORT,23.2,55.8
2026-02-11,competitive,Asia,runasapi,All,위도우메이커,DAMAGE,1.5,38.1
2026-02-11,competitive,Asia,runasapi,All,윈스턴,TANK,9.4,50.5
2026-02-11,competitive,Asia,runasapi,All,일리아리,SUPPORT,13.8,57.2
2026-02-11,competitive,Asia,runasapi,All,자리야,TANK,8.4,50.5
2026-02-11,competitive,Asia,runasapi,All,정커퀸,TANK,7.1,54.8
2026-02-11,competitive,Asia,runasapi,All,정크랫,DAMAGE,4.2,46.9
2026-02-11,competitive,Asia,runasapi,All,제트팩 캣,SUPPORT,-1.0,-1.0
2026-02-11,competitive,Asia,runasapi,All,젠야타,SUPPORT,10.4,51.9
2026-02-11,competitive,Asia,runasapi,All,주노,SUPPORT,12.4,50.7
2026-02-11,competitive,Asia,runasapi,All,캐서디,DAMAGE,30.3,47.6
2026-02-11,competitive,Asia,runasapi,All,키리코,SUPPORT,39.8,48.0
2026-02-11,competitive,Asia,runasapi,All,토르비욘,DAMAGE,3.2,51.3
2026-02-11,competitive,Asia,runasapi,All,트레이서,DAMAGE,13.8,51.9
2026-02-11,competitive,Asia,runasapi,All,파라,DAMAGE,4.2,46.7
2026-02-11,competitive,Asia,runasapi,All,프레야,DAMAGE,5.8,45.6
2026-02-11,competitive,Asia,runasapi,All,한조,DAMAGE,6.0,49.3
2026-02-11,competitive,Asia,runasapi,All,해저드,TANK,3.4,50.7
2026-02-11,competitive,Asia,runasapi,Bronze,D.Va,TANK,10.7,46.8
2026-02-11,competitive,Asia,runasapi,Bronze,겐지,DAMAGE,12.3,51.5
2026-02-11,competitive,Asia,runasapi,Bronze,도미나,TANK,-1.0,-1.0
2026-02-11,competitive,Asia,runasapi,Bronze,둠피스트,TANK,4.1,59.2
2026-02-11,competitive,Asia,runasapi,Bronze,라마트라,TANK,9.5,46.6
2026-02-11,competitive,Asia,runasapi,Bronze,라이프위버,SUPPORT,5.0,42.5
2026-02-11,competitive,Asia,runasapi,Bronze,라인하르트,TANK,9.2,50.4
2026-02-11,competitive,Asia,runasapi,Bronze,레킹볼,TANK,4.5,60.1
2026-02-11,competitive,Asia,runasapi,Bronze,로드호그,TANK,5.8,44.1
2026-02-11,competitive,Asia,runasapi,Bronze,루시우,SUPPORT,8.8,50.2
2026-02-11,competitive,Asia,runasapi,Bronze,리퍼,DAMAGE,12.2,55.0
2026-02-11,competitive,Asia,runasapi,Bronze,마우가,TANK,4.8,45.0
2026-02-11,competitive,Asia,runasapi,Bronze,메르시,SUPPORT,11.4,46.9
2026-02-11,competitive,Asia,runasapi,Bronze,메이,DAMAGE,6.7,52.4
2026-02-11,competitive,Asia,runasapi,Bronze,모이라,SUPPORT,24.0,45.1
2026-02-11,competitive,Asia,runasapi,Bronze,미즈키,SUPPORT,-1.0,-1.0
2026-02-11,competitive,Asia,runasapi,Bronze,바스티온,DAMAGE,20.1,46.6
2026-02-11,competitive,Asia,runasapi,Bronze,바티스트,SUPPORT,8.3,47.4
2026-02-11,competitive,Asia,runasapi,Bronze,벤데타,DAMAGE,3.4,56.5
2026-02-11,competitive,Asia,runasapi,Bronze,벤처,DAMAGE,5.1,51.9
2026-02-11,competitive,Asia,runasapi,Bronze,브리기테,SUPPORT,3.6,52.0
2026-02-11,competitive,Asia,runasapi,Bronze,소전,DAMAGE,23.1,44.0
2026-02-11,competitive,Asia,runasapi,Bronze,솔저: 76,DAMAGE,27.8,51.2
2026-02-11,competitive,Asia,runasapi,Bronze,솜브라,DAMAGE,3.5,62.7
2026-02-11,competitive,Asia,runasapi,Bronze,시그마,TANK,17.5,57.2
2026-02-11,competitive,Asia,runasapi,Bronze,시메트라,DAMAGE,2.8,54.5
2026-02-11,competitive,Asia,runasapi,Bronze,아나,SUPPORT,33.4,49.6
2026-02-11,competitive,Asia,runasapi,Bronze,안란,DAMAGE,-1.0,-1.0
2026-02-11,competitive,Asia,runasapi,Bronze,애쉬,DAMAGE,13.2,50.5
2026-02-11,competitive,Asia,runasapi,Bronze,에코,DAMAGE,5.8,45.8
2026-02-11,competitive,Asia,runasapi,Bronze,엠레,DAMAGE,-1.0,-1.0
2026-02-11,competitive,Asia,runasapi,Bronze,오리사,TANK,16.1,42.2
2026-02-11,competitive,Asia,runasapi,Bronze,우양,SUPPORT,20.2,58.7
2026-02-11,competitive,Asia,runasapi,Bronze,위도우메이커,DAMAGE,2.6,49.6
2026-02-11,competitive,Asia,runasapi,Bronze,윈스턴,TANK,5.1,52.8
2026-02-11,competitive,Asia,runasapi,Bronze,일리아리,SUPPORT,11.0,54.0
2026-02-11,competitive,Asia,runasapi,Bronze,자리야,TANK,5.0,53.4
2026-02-11,competitive,Asia,runasapi,Bronze,정커퀸,TANK,4.9,54.1
2026-02-11,competitive,Asia,runasapi,Bronze,정크랫,DAMAGE,9.1,47.3
2026-02-11,competitive,Asia,runasapi,Bronze,제트팩 캣,SUPPORT,-1.0,-1.0
2026-02-11,competitive,Asia,runasapi,Bronze,젠야타,SUPPORT,13.0,52.7
2026-02-11,competitive,Asia,runasapi,Bronze,주노,SUPPORT,23.4,48.0
2026-02-11,competitive,Asia,runasapi,Bronze,캐서디,DAMAGE,20.4,50.9
2026-02-11,competitive,Asia,runasapi,Bronze,키리코,SUPPORT,38.0,49.6
2026-02-11,competitive,Asia,runasapi,Bronze,토르비욘,DAMAGE,4.5,49.1
2026-02-11,competitive,Asia,runasapi,Bronze,트레이서,DAMAGE,7.3,55.2
2026-02-11,competitive,Asia,runasapi,Bronze,파라,DAMAGE,7.1,45.9
2026-02-11,competitive,Asia,runasapi,Bronze,프레야,DAMAGE,6.5,45.2
2026-02-11,competitive,Asia,runasapi,Bronze,한조,DAMAGE,6.5,54.3
2026-02-11,competitive,Asia,runasapi,Bronze,해저드,TANK,2.7,44.8
2026-02-11,competitive,Asia,runasapi,Silver,D.Va,TANK,8.7,50.0
2026-02-11,competitive,Asia,runasapi,Silver,겐지,DAMAGE,14.9,51.4
2026-02-11,competitive,Asia,runasapi,Silver,도미나,TANK,-1.0,-1.0
2026-02-11,competitive,Asia,runasapi,Silver,둠피스트,TANK,5.6,52.8
2026-02-11,competitive,Asia,runasapi,Silver,라마트라,TANK,8.6,47.2
2026-02-11,competitive,Asia,runasapi,Silver,라이프위버,SUPPORT,5.9,45.4
2026-02-11,competitive,Asia,runasapi,Silver,라인하르트,TANK,10.0,51.2
2026-02-11,competitive,Asia,runasapi,Silver,레킹볼,TANK,4.2,52.8
2026-02-11,competitive,Asia,runasapi,Silver,로드호그,TANK,4.7,42.5
2026-02-11,competitive,Asia,runasapi,Silver,루시우,SUPPORT,7.6,46.7
2026-02-11,competitive,Asia,runasapi,Silver,리퍼,DAMAGE,13.0,51.5
2026-02-11,competitive,Asia,runasapi,Silver,마우가,TANK,4.6,49.0
2026-02-11,competitive,Asia,runasapi,Silver,메르시,SUPPORT,11.9,45.1
2026-02-11,competitive,Asia,runasapi,Silver,메이,DAMAGE,7.1,50.0
2026-02-11,competitive,Asia,runasapi,Silver,모이라,SUPPORT,22.1,48.6
2026-02-11,competitive,Asia,runasapi,Silver,미즈키,SUPPORT,-1.0,-1.0
2026-02-11,competitive,Asia,runasapi,Silver,바스티온,DAMAGE,14.3,49.7
2026-02-11,competitive,Asia,runasapi,Silver,바티스트,SUPPORT,8.5,48.6
2026-02-11,competitive,Asia,runasapi,Silver,벤데타,DAMAGE,4.9,55.4
2026-02-11,competitive,Asia,runasapi,Silver,벤처,DAMAGE,5.2,51.9
2026-02-11,competitive,Asia,runasapi,Silver,브리기테,SUPPORT,4.4,46.4
2026-02-11,competitive,Asia,runasapi,Silver,소전,DAMAGE,21.1,44.8
2026-02-11,competitive,Asia,runasapi,Silver,솔저: 76,DAMAGE,27.6,52.2
2026-02-11,competitive,Asia,runasapi,Silver,솜브라,DAMAGE,4.2,54.2
2026-02-11,competitive,Asia,runasapi,Silver,시그마,TANK,16.5,56.0
2026-02-11,competitive,Asia,runasapi,Silver,시메트라,DAMAGE,2.8,51.1
2026-02-11,competitive,Asia,runasapi,Silver,아나,SUPPORT,43.0,48.5
2026-02-11,competitive,Asia,runasapi,Silver,안란,DAMAGE,0.0,0.0
2026-02-11,competitive,Asia,runasapi,Silver,애쉬,DAMAGE,14.9,50.5
2026-02-11,competitive,Asia,runasapi,Silver,에코,DAMAGE,5.7,52.2
2026-02-11,competitive,Asia,runasapi,Silver,엠레,DAMAGE,-1.0,-1.0
2026-02-11,competitive,Asia,runasapi,Silver,오리사,TANK,14.4,44.2
2026-02-11,competitive,Asia,runasapi,Silver,우양,SUPPORT,17.6,55.4
2026-02-11,competitive,Asia,runasapi,Silver,위도우메이커,DAMAGE,1.9,43.2
2026-02-11,competitive,Asia,runasapi,Silver,윈스턴,TANK,6.3,47.5
2026-02-11,competitive,Asia,runasapi,Silver,일리아리,SUPPORT,11.2,58.0
2026-02-11,competitive,Asia,runasapi,Silver,자리야,TANK,7.1,50.3
2026-02-11,competitive,Asia,runasapi,Silver,정커퀸,TANK,6.3,53.6
2026-02-11,competitive,Asia,runasapi,Silver,정크랫,DAMAGE,6.7,45.2
2026-02-11,competitive,Asia,runasapi,Silver,제트팩 캣,SUPPORT,-1.0,-1.0
2026-02-11,competitive,Asia,runasapi,Silver,젠야타,SUPPORT,10.5,54.0
2026-02-11,competitive,Asia,runasapi,Silver,주노,SUPPORT,18.7,50.4
2026-02-11,competitive,Asia,runasapi,Silver,캐서디,DAMAGE,25.3,50.1
2026-02-11,competitive,Asia,runasapi,Silver,키리코,SUPPORT,38.6,49.1
2026-02-11,competitive,Asia,runasapi,Silver,토르비욘,DAMAGE,3.3,51.3
2026-02-11,competitive,Asia,runasapi,Silver,트레이서,DAMAGE,8.6,54.2
2026-02-11,competitive,Asia,runasapi,Silver,파라,DAMAGE,5.7,46.9
2026-02-11,competitive,Asia,runasapi,Silver,프레야,DAMAGE,6.1,46.2
2026-02-11,competitive,Asia,runasapi,Silver,한조,DAMAGE,6.6,48.3
2026-02-11,competitive,Asia,runasapi,Silver,해저드,TANK,3.0,53.1
2026-02-11,competitive,Asia,runasapi,Gold,D.Va,TANK,7.4,47.2
2026-02-11,competitive,Asia,runasapi,Gold,겐지,DAMAGE,17.6,50.1
2026-02-11,competitive,Asia,runasapi,Gold,도미나,TANK,-1.0,-1.0
2026-02-11,competitive,Asia,runasapi,Gold,둠피스트,TANK,7.0,48.8
2026-02-11,competitive,Asia,runasapi,Gold,라마트라,TANK,7.3,48.8
2026-02-11,competitive,Asia,runasapi,Gold,라이프위버,SUPPORT,5.3,44.5
2026-02-11,competitive,Asia,runasapi,Gold,라인하르트,TANK,10.6,51.9
2026-02-11,competitive,Asia,runasapi,Gold,레킹볼,TANK,4.6,54.4
2026-02-11,competitive,Asia,runasapi,Gold,로드호그,TANK,5.1,43.7
2026-02-11,competitive,Asia,runasapi,Gold,루시우,SUPPORT,6.6,49.7
2026-02-11,competitive,Asia,runasapi,Gold,리퍼,DAMAGE,11.5,52.7
2026-02-11,competitive,Asia,runasapi,Gold,마우가,TANK,3.9,44.7
2026-02-11,competitive,Asia,runasapi,Gold,메르시,SUPPORT,9.0,45.7
2026-02-11,competitive,Asia,runasapi,Gold,메이,DAMAGE,6.8,50.1
2026-02-11,competitive,Asia,runasapi,Gold,모이라,SUPPORT,18.9,47.5
2026-02-11,competitive,Asia,runasapi,Gold,미즈키,SUPPORT,-1.0,-1.0
2026-02-11,competitive,Asia,runasapi,Gold,바스티온,DAMAGE,11.1,50.2
2026-02-11,competitive,Asia,runasapi,Gold,바티스트,SUPPORT,8.6,46.3
2026-02-11,competitive,Asia,runasapi,Gold,벤데타,DAMAGE,4.7,56.5
2026-02-11,competitive,Asia,runasapi,Gold,벤처,DAMAGE,6.0,54.8
2026-02-11,competitive,Asia,runasapi,Gold,브리기테,SUPPORT,5.7,50.9
2026-02-11,competitive,Asia,runasapi,Gold,소전,DAMAGE,20.6,46.3
2026-02-11,competitive,Asia,runasapi,Gold,솔저: 76,DAMAGE,26.5,53.5
2026-02-11,competitive,Asia,runasapi,Gold,솜브라,DAMAGE,5.4,52.6
2026-02-11,competitive,Asia,runasapi,Gold,시그마,TANK,14.9,55.4
2026-02-11,competitive,Asia,runasapi,Gold,시메트라,DAMAGE,2.9,53.0
2026-02-11,competitive,Asia,runasapi,Gold,아나,SUPPORT,50.4,47.3
2026-02-11,competitive,Asia,runasapi,Gold,안란,DAMAGE,0.0,100.0
2026-02-11,competitive,Asia,runasapi,Gold,애쉬,DAMAGE,15.5,50.9
2026-02-11,competitive,Asia,runasapi,Gold,에코,DAMAGE,5.8,51.4
2026-02-11,competitive,Asia,runasapi,Gold,엠레,DAMAGE,-1.0,-1.0
2026-02-11,competitive,Asia,runasapi,Gold,오리사,TANK,12.5,43.6
2026-02-11,competitive,Asia,runasapi,Gold,우양,SUPPORT,19.9,56.3
2026-02-11,competitive,Asia,runasapi,Gold,위도우메이커,DAMAGE,1.4,37.5
2026-02-11,competitive,Asia,runasapi,Gold,윈스턴,TANK,7.4,51.0
2026-02-11,competitive,Asia,runasapi,Gold,일리아리,SUPPORT,11.0,58.7
2026-02-11,competitive,Asia,runasapi,Gold,자리야,TANK,8.6,51.8
2026-02-11,competitive,Asia,runasapi,Gold,정커퀸,TANK,7.6,55.5
2026-02-11,competitive,Asia,runasapi,Gold,정크랫,DAMAGE,4.3,45.5
2026-02-11,competitive,Asia,runasapi,Gold,제트팩 캣,SUPPORT,-1.0,-1.0
2026-02-11,competitive,Asia,runasapi,Gold,젠야타,SUPPORT,10.7,52.8
2026-02-11,competitive,Asia,runasapi,Gold,주노,SUPPORT,14.3,50.8
2026-02-11,competitive,Asia,runasapi,Gold,캐서디,DAMAGE,29.9,48.6
2026-02-11,competitive,Asia,runasapi,Gold,키리코,SUPPORT,39.7,48.5
2026-02-11,competitive,Asia,runasapi,Gold,토르비욘,DAMAGE,3.2,52.3
2026-02-11,competitive,Asia,runasapi,Gold,트레이서,DAMAGE,9.9,49.9
2026-02-11,competitive,Asia,runasapi,Gold,파라,DAMAGE,4.5,45.5
2026-02-11,competitive,Asia,runasapi,Gold,프레야,DAMAGE,5.8,44.6
2026-02-11,competitive,Asia,runasapi,Gold,한조,DAMAGE,6.7,46.8
2026-02-11,competitive,Asia,runasapi,Gold,해저드,TANK,3.0,48.2
2026-02-11,competitive,Asia,runasapi,Platinum,D.Va,TANK,7.1,49.1
2026-02-11,competitive,Asia,runasapi,Platinum,겐지,DAMAGE,19.6,50.9
2026-02-11,competitive,Asia,runasapi,Platinum,도미나,TANK,-1.0,-1.0
2026-02-11,competitive,Asia,runasapi,Platinum,둠피스트,TANK,8.6,51.6
2026-02-11,competitive,Asia,runasapi,Platinum,라마트라,TANK,6.0,45.8
2026-02-11,competitive,Asia,runasapi,Platinum,라이프위버,SUPPORT,4.3,45.2
2026-02-11,competitive,Asia,runasapi,Platinum,라인하르트,TANK,9.6,51.4
2026-02-11,competitive,Asia,runasapi,Platinum,레킹볼,TANK,5.4,49.3
2026-02-11,competitive,Asia,runasapi,Platinum,로드호그,TANK,4.7,41.2
2026-02-11,competitive,Asia,runasapi,Platinum,루시우,SUPPORT,6.0,48.3
2026-02-11,competitive,Asia,runasapi,Platinum,리퍼,DAMAGE,9.4,51.0
2026-02-11,competitive,Asia,runasapi,Platinum,마우가,TANK,3.6,45.9
2026-02-11,competitive,Asia,runasapi,Platinum,메르시,SUPPORT,6.5,46.4
2026-02-11,competitive,Asia,runasapi,Platinum,메이,DAMAGE,6.3,50.3
2026-02-11,competitive,Asia,runasapi,Platinum,모이라,SUPPORT,14.3,48.6
2026-02-11,competitive,Asia,runasapi,Platinum,미즈키,SUPPORT,-1.0,-1.0
2026-02-11,competitive,Asia,runasapi,Platinum,바스티온,DAMAGE,8.3,50.0
2026-02-11,competitive,Asia,runasapi,Platinum,바티스트,SUPPORT,9.1,45.7
2026-02-11,competitive,Asia,runasapi,Platinum,벤데타,DAMAGE,4.6,54.3
2026-02-11,competitive,Asia,runasapi,Platinum,벤처,DAMAGE,6.3,53.4
2026-02-11,competitive,Asia,runasapi,Platinum,브리기테,SUPPORT,6.6,46.4
2026-02-11,competitive,Asia,runasapi,Platinum,소전,DAMAGE,20.4,47.4
2026-02-11,competitive,Asia,runasapi,Platinum,솔저: 76,DAMAGE,25.3,54.5
2026-02-11,competitive,Asia,runasapi,Platinum,솜브라,DAMAGE,6.7,53.4
2026-02-11,competitive,Asia,runasapi,Platinum,시그마,TANK,14.3,55.9
2026-02-11,competitive,Asia,runasapi,Platinum,시메트라,DAMAGE,2.8,49.4
2026-02-11,competitive,Asia,runasapi,Platinum,아나,SUPPORT,55.5,47.9
2026-02-11,competitive,Asia,runasapi,Platinum,안란,DAMAGE,-1.0,-1.0
2026-02-11,competitive,Asia,runasapi,Platinum,애쉬,DAMAGE,14.6,49.5
2026-02-11,competitive,Asia,runasapi,Platinum,에코,DAMAGE,5.8,51.1
2026-02-11,competitive,Asia,runasapi,Platinum,엠레,DAMAGE,-1.0,-1.0
2026-02-11,competitive,Asia,runasapi,Platinum,오리사,TANK,10.6,44.5
2026-02-11,competitive,Asia,runasapi,Platinum,우양,SUPPORT,22.5,55.6
2026-02-11,competitive,Asia,runasapi,Platinum,위도우메이커,DAMAGE,1.3,36.6
2026-02-11,competitive,Asia,runasapi,Platinum,윈스턴,TANK,9.6,51.6
2026-02-11,competitive,Asia,runasapi,Platinum,일리아리,SUPPORT,14.1,57.6
2026-02-11,competitive,Asia,runasapi,Platinum,자리야,TANK,8.8,48.8
2026-02-11,competitive,Asia,runasapi,Platinum,정커퀸,TANK,8.1,55.8
2026-02-11,competitive,Asia,runasapi,Platinum,정크랫,DAMAGE,3.1,46.7
2026-02-11,competitive,Asia,runasapi,Platinum,제트팩 캣,SUPPORT,-1.0,-1.0
2026-02-11,competitive,Asia,runasapi,Platinum,젠야타,SUPPORT,10.6,51.9
2026-02-11,competitive,Asia,runasapi,Platinum,주노,SUPPORT,10.9,51.7
2026-02-11,competitive,Asia,runasapi,Platinum,캐서디,DAMAGE,33.5,46.3
2026-02-11,competitive,Asia,runasapi,Platinum,키리코,SUPPORT,39.6,47.9
2026-02-11,competitive,Asia,runasapi,Platinum,토르비욘,DAMAGE,3.3,52.3
2026-02-11,competitive,Asia,runasapi,Platinum,트레이서,DAMAGE,13.5,51.9
2026-02-11,competitive,Asia,runasapi,Platinum,파라,DAMAGE,3.7,47.5
2026-02-11,competitive,Asia,runasapi,Platinum,프레야,DAMAGE,5.7,44.7
2026-02-11,competitive,Asia,runasapi,Platinum,한조,DAMAGE,5.9,49.7
2026-02-11,competitive,Asia,runasapi,Platinum,해저드,TANK,3.5,50.5
2026-02-11,competitive,Asia,runasapi,Diamond,D.Va,TANK,7.4,48.7
2026-02-11,competitive,Asia,runasapi,Diamond,겐지,DAMAGE,20.3,50.3
2026-02-11,competitive,Asia,runasapi,Diamond,도미나,TANK,-1.0,-1.0
2026-02-11,competitive,Asia,runasapi,Diamond,둠피스트,TANK,12.3,51.3
2026-02-11,competitive,Asia,runasapi,Diamond,라마트라,TANK,4.7,51.4
2026-02-11,competitive,Asia,runasapi,Diamond,라이프위버,SUPPORT,3.2,43.4
2026-02-11,competitive,Asia,runasapi,Diamond,라인하르트,TANK,7.7,49.0
2026-02-11,competitive,Asia,runasapi,Diamond,레킹볼,TANK,6.0,49.8
2026-02-11,competitive,Asia,runasapi,Diamond,로드호그,TANK,4.6,38.8
2026-02-11,competitive,Asia,runasapi,Diamond,루시우,SUPPORT,6.6,51.1
2026-02-11,competitive,Asia,runasapi,Diamond,리퍼,DAMAGE,8.0,50.6
2026-02-11,competitive,Asia,runasapi,Diamond,마우가,TANK,3.1,44.3
2026-02-11,competitive,Asia,runasapi,Diamond,메르시,SUPPORT,4.8,50.4
2026-02-11,competitive,Asia,runasapi,Diamond,메이,DAMAGE,5.0,53.3
2026-02-11,competitive,Asia,runasapi,Diamond,모이라,SUPPORT,9.4,47.2
2026-02-11,competitive,Asia,runasapi,Diamond,미즈키,SUPPORT,-1.0,-1.0
2026-02-11,competitive,Asia,runasapi,Diamond,바스티온,DAMAGE,6.7,50.6
2026-02-11,competitive,Asia,runasapi,Diamond,바티스트,SUPPORT,9.2,47.6
2026-02-11,competitive,Asia,runasapi,Diamond,벤데타,DAMAGE,4.3,51.9
2026-02-11,competitive,Asia,runasapi,Diamond,벤처,DAMAGE,6.6,54.1
2026-02-11,competitive,Asia,runasapi,Diamond,브리기테,SUPPORT,7.8,47.3
2026-02-11,competitive,Asia,runasapi,Diamond,소전,DAMAGE,23.2,48.4
2026-02-11,competitive,Asia,runasapi,Diamond,솔저: 76,DAMAGE,23.8,53.4
2026-02-11,competitive,Asia,runasapi,Diamond,솜브라,DAMAGE,7.7,51.0
2026-02-11,competitive,Asia,runasapi,Diamond,시그마,TANK,13.5,57.0
2026-02-11,competitive,Asia,runasapi,Diamond,시메트라,DAMAGE,2.8,49.9
2026-02-11,competitive,Asia,runasapi,Diamond,아나,SUPPORT,55.8,47.9
2026-02-11,competitive,Asia,runasapi,Diamond,안란,DAMAGE,-1.0,-1.0
2026-02-11,competitive,Asia,runasapi,Diamond,애쉬,DAMAGE,12.0,48.7
2026-02-11,competitive,Asia,runasapi,Diamond,에코,DAMAGE,6.2,53.2
2026-02-11,competitive,Asia,runasapi,Diamond,엠레,DAMAGE,-1.0,-1.0
2026-02-11,competitive,Asia,runasapi,Diamond,오리사,TANK,7.7,43.8
2026-02-11,competitive,Asia,runasapi,Diamond,우양,SUPPORT,28.3,55.4
2026-02-11,competitive,Asia,runasapi,Diamond,위도우메이커,DAMAGE,1.1,33.5
2026-02-11,competitive,Asia,runasapi,Diamond,윈스턴,TANK,12.7,49.9
2026-02-11,competitive,Asia,runasapi,Diamond,일리아리,SUPPORT,17.0,56.4
2026-02-11,competitive,Asia,runasapi,Diamond,자리야,TANK,9.0,49.9
2026-02-11,competitive,Asia,runasapi,Diamond,정커퀸,TANK,7.2,53.8
2026-02-11,competitive,Asia,runasapi,Diamond,정크랫,DAMAGE,2.5,53.1
2026-02-11,competitive,Asia,runasapi,Diamond,제트팩 캣,SUPPORT,-1.0,-1.0
2026-02-11,competitive,Asia,runasapi,Diamond,젠야타,SUPPORT,10.3,48.8
2026-02-11,competitive,Asia,runasapi,Diamond,주노,SUPPORT,6.8,51.4
2026-02-11,competitive,Asia,runasapi,Diamond,캐서디,DAMAGE,34.2,45.8
2026-02-11,competitive,Asia,runasapi,Diamond,키리코,SUPPORT,40.6,46.7
2026-02-11,competitive,Asia,runasapi,Diamond,토르비욘,DAMAGE,2.9,50.3
2026-02-11,competitive,Asia,runasapi,Diamond,트레이서,DAMAGE,19.3,50.8
2026-02-11,competitive,Asia,runasapi,Diamond,파라,DAMAGE,2.9,47.0
2026-02-11,competitive,Asia,runasapi,Diamond,프레야,DAMAGE,5.3,47.8
2026-02-11,competitive,Asia,runasapi,Diamond,한조,DAMAGE,5.3,51.6
2026-02-11,competitive,Asia,runasapi,Diamond,해저드,TANK,4.1,52.9
2026-02-11,competitive,Asia,runasapi,Master,D.Va,TANK,7.1,52.3
2026-02-11,competitive,Asia,runasapi,Master,겐지,DAMAGE,18.8,48.8
2026-02-11,competitive,Asia,runasapi,Master,도미나,TANK,-1.0,-1.0
2026-02-11,competitive,Asia,runasapi,Master,둠피스트,TANK,12.7,43.3
2026-02-11,competitive,Asia,runasapi,Master,라마트라,TANK,3.8,45.0
2026-02-11,competitive,Asia,runasapi,Master,라이프위버,SUPPORT,2.3,38.6
2026-02-11,competitive,Asia,runasapi,Master,라인하르트,TANK,6.1,47.9
2026-02-11,competitive,Asia,runasapi,Master,레킹볼,TANK,6.7,52.6
2026-02-11,competitive,Asia,runasapi,Master,로드호그,TANK,4.2,46.2
2026-02-11,competitive,Asia,runasapi,Master,루시우,SUPPORT,7.8,48.4
2026-02-11,competitive,Asia,runasapi,Master,리퍼,DAMAGE,7.1,48.7
2026-02-11,competitive,Asia,runasapi,Master,마우가,TANK,2.6,42.2
2026-02-11,competitive,Asia,runasapi,Master,메르시,SUPPORT,3.9,55.1
2026-02-11,competitive,Asia,runasapi,Master,메이,DAMAGE,3.8,51.3
2026-02-11,competitive,Asia,runasapi,Master,모이라,SUPPORT,6.1,49.6
2026-02-11,competitive,Asia,runasapi,Master,미즈키,SUPPORT,-1.0,-1.0
2026-02-11,competitive,Asia,runasapi,Master,바스티온,DAMAGE,5.5,52.6
2026-02-11,competitive,Asia,runasapi,Master,바티스트,SUPPORT,11.7,48.7
2026-02-11,competitive,Asia,runasapi,Master,벤데타,DAMAGE,4.6,55.5
2026-02-11,competitive,Asia,runasapi,Master,벤처,DAMAGE,6.4,49.9
2026-02-11,competitive,Asia,runasapi,Master,브리기테,SUPPORT,8.2,47.7
2026-02-11,competitive,Asia,runasapi,Master,소전,DAMAGE,28.3,49.3
2026-02-11,competitive,Asia,runasapi,Master,솔저: 76,DAMAGE,20.0,53.4
2026-02-11,competitive,Asia,runasapi,Master,솜브라,DAMAGE,7.9,48.0
2026-02-11,competitive,Asia,runasapi,Master,시그마,TANK,14.9,58.9
2026-02-11,competitive,Asia,runasapi,Master,시메트라,DAMAGE,2.6,53.4
2026-02-11,competitive,Asia,runasapi,Master,아나,SUPPORT,50.1,48.3
2026-02-11,competitive,Asia,runasapi,Master,안란,DAMAGE,-1.0,-1.0
2026-02-11,competitive,Asia,runasapi,Master,애쉬,DAMAGE,10.6,52.9
2026-02-11,competitive,Asia,runasapi,Master,에코,DAMAGE,7.1,50.1
2026-02-11,competitive,Asia,runasapi,Master,엠레,DAMAGE,-1.0,-1.0
2026-02-11,competitive,Asia,runasapi,Master,오리사,TANK,6.9,42.3
2026-02-11,competitive,Asia,runasapi,Master,우양,SUPPORT,35.9,54.5
2026-02-11,competitive,Asia,runasapi,Master,위도우메이커,DAMAGE,1.4,22.6
2026-02-11,competitive,Asia,runasapi,Master,윈스턴,TANK,16.6,50.8
2026-02-11,competitive,Asia,runasapi,Master,일리아리,SUPPORT,20.2,54.9
2026-02-11,competitive,Asia,runasapi,Master,자리야,TANK,9.3,52.0
2026-02-11,competitive,Asia,runasapi,Master,정커퀸,TANK,5.5,53.4
2026-02-11,competitive,Asia,runasapi,Master,정크랫,DAMAGE,2.3,53.0
2026-02-11,competitive,Asia,runasapi,Master,제트팩 캣,SUPPORT,-1.0,-1.0
2026-02-11,competitive,Asia,runasapi,Master,젠야타,SUPPORT,7.4,48.5
2026-02-11,competitive,Asia,runasapi,Master,주노,SUPPORT,3.9,49.6
2026-02-11,competitive,Asia,runasapi,Master,캐서디,DAMAGE,30.8,47.1
2026-02-11,competitive,Asia,runasapi,Master,키리코,SUPPORT,42.5,46.4
2026-02-11,competitive,Asia,runasapi,Master,토르비욘,DAMAGE,2.7,48.3
2026-02-11,competitive,Asia,runasapi,Master,트레이서,DAMAGE,27.4,52.4
2026-02-11,competitive,Asia,runasapi,Master,파라,DAMAGE,3.2,45.9
2026-02-11,competitive,Asia,runasapi,Master,프레야,DAMAGE,5.1,45.2
2026-02-11,competitive,Asia,runasapi,Master,한조,DAMAGE,4.5,52.2
2026-02-11,competitive,Asia,runasapi,Master,해저드,TANK,3.7,53.3
2026-02-11,competitive,Asia,runasapi,Grandmaster,D.Va,TANK,8.6,51.3
2026-02-11,competitive,Asia,runasapi,Grandmaster,겐지,DAMAGE,12.5,48.3
2026-02-11,competitive,Asia,runasapi,Grandmaster,도미나,TANK,-1.0,-1.0
2026-02-11,competitive,Asia,runasapi,Grandmaster,둠피스트,TANK,9.8,39.7
2026-02-11,competitive,Asia,runasapi,Grandmaster,라마트라,TANK,3.5,48.9
2026-02-11,competitive,Asia,runasapi,Grandmaster,라이프위버,SUPPORT,0.8,35.4
2026-02-11,competitive,Asia,runasapi,Grandmaster,라인하르트,TANK,4.7,46.2
2026-02-11,competitive,Asia,runasapi,Grandmaster,레킹볼,TANK,6.8,54.6
2026-02-11,competitive,Asia,runasapi,Grandmaster,로드호그,TANK,2.5,43.3
2026-02-11,competitive,Asia,runasapi,Grandmaster,루시우,SUPPORT,10.2,41.5
2026-02-11,competitive,Asia,runasapi,Grandmaster,리퍼,DAMAGE,4.5,45.1
2026-02-11,competitive,Asia,runasapi,Grandmaster,마우가,TANK,1.4,33.9
2026-02-11,competitive,Asia,runasapi,Grandmaster,메르시,SUPPORT,2.1,41.7
2026-02-11,competitive,Asia,runasapi,Grandmaster,메이,DAMAGE,4.1,41.4
2026-02-11,competitive,Asia,runasapi,Grandmaster,모이라,SUPPORT,5.0,37.3
2026-02-11,competitive,Asia,runasapi,Grandmaster,미즈키,SUPPORT,-1.0,-1.0
2026-02-11,competitive,Asia,runasapi,Grandmaster,바스티온,DAMAGE,2.8,47.8
2026-02-11,competitive,Asia,runasapi,Grandmaster,바티스트,SUPPORT,18.7,55.9
2026-02-11,competitive,Asia,runasapi,Grandmaster,벤데타,DAMAGE,5.8,56.0
2026-02-11,competitive,Asia,runasapi,Grandmaster,벤처,DAMAGE,5.4,42.3
2026-02-11,competitive,Asia,runasapi,Grandmaster,브리기테,SUPPORT,7.8,47.3
2026-02-11,competitive,Asia,runasapi,Grandmaster,소전,DAMAGE,34.6,51.2
2026-02-11,competitive,Asia,runasapi,Grandmaster,솔저: 76,DAMAGE,15.5,50.7
2026-02-11,competitive,Asia,runasapi,Grandmaster,솜브라,DAMAGE,6.2,47.2
2026-02-11,competitive,Asia,runasapi,Grandmaster,시그마,TANK,21.8,62.6
2026-02-11,competitive,Asia,runasapi,Grandmaster,시메트라,DAMAGE,5.3,53.2
2026-02-11,competitive,Asia,runasapi,Grandmaster,아나,SUPPORT,41.3,46.5
2026-02-11,competitive,Asia,runasapi,Grandmaster,안란,DAMAGE,-1.0,-1.0
2026-02-11,competitive,Asia,runasapi,Grandmaster,애쉬,DAMAGE,12.9,52.6
2026-02-11,competitive,Asia,runasapi,Grandmaster,에코,DAMAGE,9.5,51.8
2026-02-11,competitive,Asia,runasapi,Grandmaster,엠레,DAMAGE,-1.0,-1.0
2026-02-11,competitive,Asia,runasapi,Grandmaster,오리사,TANK,5.2,44.6
2026-02-11,competitive,Asia,runasapi,Grandmaster,우양,SUPPORT,40.3,55.4
2026-02-11,competitive,Asia,runasapi,Grandmaster,위도우메이커,DAMAGE,2.3,27.1
2026-02-11,competitive,Asia,runasapi,Grandmaster,윈스턴,TANK,18.2,47.4
2026-02-11,competitive,Asia,runasapi,Grandmaster,일리아리,SUPPORT,22.6,57.7
2026-02-11,competitive,Asia,runasapi,Grandmaster,자리야,TANK,11.3,56.9
2026-02-11,competitive,Asia,runasapi,Grandmaster,정커퀸,TANK,3.1,41.7
2026-02-11,competitive,Asia,runasapi,Grandmaster,정크랫,DAMAGE,2.9,41.0
2026-02-11,competitive,Asia,runasapi,Grandmaster,제트팩 캣,SUPPORT,-1.0,-1.0
2026-02-11,competitive,Asia,runasapi,Grandmaster,젠야타,SUPPORT,4.5,56.8
2026-02-11,competitive,Asia,runasapi,Grandmaster,주노,SUPPORT,2.4,54.6
2026-02-11,competitive,Asia,runasapi,Grandmaster,캐서디,DAMAGE,23.8,47.2
2026-02-11,competitive,Asia,runasapi,Grandmaster,키리코,SUPPORT,44.4,46.1
2026-02-11,competitive,Asia,runasapi,Grandmaster,토르비욘,DAMAGE,2.1,48.6
2026-02-11,competitive,Asia,runasapi,Grandmaster,트레이서,DAMAGE,35.1,57.2
2026-02-11,competitive,Asia,runasapi,Grandmaster,파라,DAMAGE,2.7,55.1
2026-02-11,competitive,Asia,runasapi,Grandmaster,프레야,DAMAGE,6.9,52.0
2026-02-11,competitive,Asia,runasapi,Grandmaster,한조,DAMAGE,5.2,44.3
2026-02-11,competitive,Asia,runasapi,Grandmaster,해저드,TANK,3.0,47.2
2026-02-11,competitive,Asia,esperanca,All,D.Va,TANK,9.3,49.3
2026-02-11,competitive,Asia,esperanca,All,겐지,DAMAGE,19.6,52.1
2026-02-11,competitive,Asia,esperanca,All,도미나,TANK,-1.0,-1.0
2026-02-11,competitive,Asia,esperanca,All,둠피스트,TANK,8.4,51.2
2026-02-11,competitive,Asia,esperanca,All,라마트라,TANK,5.7,47.0
2026-02-11,competitive,Asia,esperanca,All,라이프위버,SUPPORT,4.7,44.2
2026-02-11,competitive,Asia,esperanca,All,라인하르트,TANK,8.8,50.1
2026-02-11,competitive,Asia,esperanca,All,레킹볼,TANK,5.2,52.8
2026-02-11,competitive,Asia,esperanca,All,로드호그,TANK,4.9,42.0
2026-02-11,competitive,Asia,esperanca,All,루시우,SUPPORT,6.6,48.4
2026-02-11,competitive,Asia,esperanca,All,리퍼,DAMAGE,10.6,51.7
2026-02-11,competitive,Asia,esperanca,All,마우가,TANK,3.6,46.9
2026-02-11,competitive,Asia,esperanca,All,메르시,SUPPORT,8.6,47.6
2026-02-11,competitive,Asia,esperanca,All,메이,DAMAGE,5.8,51.5
2026-02-11,competitive,Asia,esperanca,All,모이라,SUPPORT,16.1,48.3
2026-02-11,competitive,Asia,esperanca,All,미즈키,SUPPORT,-1.0,-1.0
2026-02-11,competitive,Asia,esperanca,All,바스티온,DAMAGE,9.4,49.0
2026-02-11,competitive,Asia,esperanca,All,바티스트,SUPPORT,8.9,47.4
2026-02-11,competitive,Asia,esperanca,All,벤데타,DAMAGE,4.7,55.1
2026-02-11,competitive,Asia,esperanca,All,벤처,DAMAGE,5.8,51.5
2026-02-11,competitive,Asia,esperanca,All,브리기테,SUPPORT,6.0,46.4
2026-02-11,competitive,Asia,esperanca,All,소전,DAMAGE,20.2,46.8
2026-02-11,competitive,Asia,esperanca,All,솔저: 76,DAMAGE,24.5,52.3
2026-02-11,competitive,Asia,esperanca,All,솜브라,DAMAGE,5.9,52.2
2026-02-11,competitive,Asia,esperanca,All,시그마,TANK,14.1,55.2
2026-02-11,competitive,Asia,esperanca,All,시메트라,DAMAGE,2.9,51.7
2026-02-11,competitive,Asia,esperanca,All,아나,SUPPORT,51.2,48.5
2026-02-11,competitive,Asia,esperanca,All,안란,DAMAGE,0.0,100.0
2026-02-11,competitive,Asia,esperanca,All,애쉬,DAMAGE,15.3,51.1
2026-02-11,competitive,Asia,esperanca,All,에코,DAMAGE,7.3,53.2
2026-02-11,competitive,Asia,esperanca,All,엠레,DAMAGE,-1.0,-1.0
2026-02-11,competitive,Asia,esperanca,All,오리사,TANK,10.3,44.0
2026-02-11,competitive,Asia,esperanca,All,우양,SUPPORT,22.0,55.1
2026-02-11,competitive,Asia,esperanca,All,위도우메이커,DAMAGE,1.4,39.1
2026-02-11,competitive,Asia,esperanca,All,윈스턴,TANK,12.0,52.3
2026-02-11,competitive,Asia,esperanca,All,일리아리,SUPPORT,13.3,56.6
2026-02-11,competitive,Asia,esperanca,All,자리야,TANK,7.7,50.4
2026-02-11,competitive,Asia,esperanca,All,정커퀸,TANK,6.5,54.0
2026-02-11,competitive,Asia,esperanca,All,정크랫,DAMAGE,4.3,47.4
2026-02-11,competitive,Asia,esperanca,All,제트팩 캣,SUPPORT,-1.0,-1.0
2026-02-11,competitive,Asia,esperanca,All,젠야타,SUPPORT,10.1,52.0
2026-02-11,competitive,Asia,esperanca,All,주노,SUPPORT,11.9,50.1
2026-02-11,competitive,Asia,esperanca,All,캐서디,DAMAGE,29.2,46.2
2026-02-11,competitive,Asia,esperanca,All,키리코,SUPPORT,40.6,48.7
2026-02-11,competitive,Asia,esperanca,All,토르비욘,DAMAGE,3.0,49.7
2026-02-11,competitive,Asia,esperanca,All,트레이서,DAMAGE,13.3,51.3
2026-02-11,competitive,Asia,esperanca,All,파라,DAMAGE,4.5,49.2
2026-02-11,competitive,Asia,esperanca,All,프레야,DAMAGE,6.0,46.9
2026-02-11,competitive,Asia,esperanca,All,한조,DAMAGE,6.4,48.8
2026-02-11,competitive,Asia,esperanca,All,해저드,TANK,3.5,47.9
2026-02-11,competitive,Asia,esperanca,Bronze,D.Va,TANK,10.6,48.3
2026-02-11,competitive,Asia,esperanca,Bronze,겐지,DAMAGE,12.9,53.7
2026-02-11,competitive,Asia,esperanca,Bronze,도미나,TANK,-1.0,-1.0
2026-02-11,competitive,Asia,esperanca,Bronze,둠피스트,TANK,4.1,53.7
2026-02-11,competitive,Asia,esperanca,Bronze,라마트라,TANK,9.5,49.2
2026-02-11,competitive,Asia,esperanca,Bronze,라이프위버,SUPPORT,5.4,43.7
2026-02-11,competitive,Asia,esperanca,Bronze,라인하르트,TANK,9.1,50.7
2026-02-11,competitive,Asia,esperanca,Bronze,레킹볼,TANK,4.0,55.4
2026-02-11,competitive,Asia,esperanca,Bronze,로드호그,TANK,5.8,44.9
2026-02-11,competitive,Asia,esperanca,Bronze,루시우,SUPPORT,8.4,47.3
2026-02-11,competitive,Asia,esperanca,Bronze,리퍼,DAMAGE,13.1,53.2
2026-02-11,competitive,Asia,esperanca,Bronze,마우가,TANK,4.8,45.8
2026-02-11,competitive,Asia,esperanca,Bronze,메르시,SUPPORT,13.1,44.7
2026-02-11,competitive,Asia,esperanca,Bronze,메이,DAMAGE,6.2,57.2
2026-02-11,competitive,Asia,esperanca,Bronze,모이라,SUPPORT,24.6,48.7
2026-02-11,competitive,Asia,esperanca,Bronze,미즈키,SUPPORT,-1.0,-1.0
2026-02-11,competitive,Asia,esperanca,Bronze,바스티온,DAMAGE,19.4,49.0
2026-02-11,competitive,Asia,esperanca,Bronze,바티스트,SUPPORT,8.6,46.4
2026-02-11,competitive,Asia,esperanca,Bronze,벤데타,DAMAGE,3.6,56.6
2026-02-11,competitive,Asia,esperanca,Bronze,벤처,DAMAGE,5.1,53.5
2026-02-11,competitive,Asia,esperanca,Bronze,브리기테,SUPPORT,3.2,46.5
2026-02-11,competitive,Asia,esperanca,Bronze,소전,DAMAGE,22.0,44.7
2026-02-11,competitive,Asia,esperanca,Bronze,솔저: 76,DAMAGE,27.3,52.6
2026-02-11,competitive,Asia,esperanca,Bronze,솜브라,DAMAGE,3.6,53.9
2026-02-11,competitive,Asia,esperanca,Bronze,시그마,TANK,17.8,54.4
2026-02-11,competitive,Asia,esperanca,Bronze,시메트라,DAMAGE,3.1,52.7
2026-02-11,competitive,Asia,esperanca,Bronze,아나,SUPPORT,33.3,50.2
2026-02-11,competitive,Asia,esperanca,Bronze,안란,DAMAGE,-1.0,-1.0
2026-02-11,competitive,Asia,esperanca,Bronze,애쉬,DAMAGE,15.0,49.5
2026-02-11,competitive,Asia,esperanca,Bronze,에코,DAMAGE,5.9,49.1
2026-02-11,competitive,Asia,esperanca,Bronze,엠레,DAMAGE,-1.0,-1.0
2026-02-11,competitive,Asia,esperanca,Bronze,오리사,TANK,15.4,46.3
2026-02-11,competitive,Asia,esperanca,Bronze,우양,SUPPORT,19.0,54.9
2026-02-11,competitive,Asia,esperanca,Bronze,위도우메이커,DAMAGE,2.5,40.7
2026-02-11,competitive,Asia,esperanca,Bronze,윈스턴,TANK,5.9,48.7
2026-02-11,competitive,Asia,esperanca,Bronze,일리아리,SUPPORT,11.5,54.3
2026-02-11,competitive,Asia,esperanca,Bronze,자리야,TANK,5.1,53.7
2026-02-11,competitive,Asia,esperanca,Bronze,정커퀸,TANK,4.6,52.5
2026-02-11,competitive,Asia,esperanca,Bronze,정크랫,DAMAGE,9.3,47.3
2026-02-11,competitive,Asia,esperanca,Bronze,제트팩 캣,SUPPORT,-1.0,-1.0
2026-02-11,competitive,Asia,esperanca,Bronze,젠야타,SUPPORT,12.1,52.5
2026-02-11,competitive,Asia,esperanca,Bronze,주노,SUPPORT,23.2,49.9
2026-02-11,competitive,Asia,esperanca,Bronze,캐서디,DAMAGE,18.7,48.0
2026-02-11,competitive,Asia,esperanca,Bronze,키리코,SUPPORT,37.6,51.0
2026-02-11,competitive,Asia,esperanca,Bronze,토르비욘,DAMAGE,4.2,50.1
2026-02-11,competitive,Asia,esperanca,Bronze,트레이서,DAMAGE,6.3,53.5
2026-02-11,competitive,Asia,esperanca,Bronze,파라,DAMAGE,7.5,51.2
2026-02-11,competitive,Asia,esperanca,Bronze,프레야,DAMAGE,7.0,45.0
2026-02-11,competitive,Asia,esperanca,Bronze,한조,DAMAGE,7.2,44.8
2026-02-11,competitive,Asia,esperanca,Bronze,해저드,TANK,3.1,48.3
2026-02-11,competitive,Asia,esperanca,Silver,D.Va,TANK,9.4,49.1
2026-02-11,competitive,Asia,esperanca,Silver,겐지,DAMAGE,16.2,53.5
2026-02-11,competitive,Asia,esperanca,Silver,도미나,TANK,-1.0,-1.0
2026-02-11,competitive,Asia,esperanca,Silver,둠피스트,TANK,5.9,54.6
2026-02-11,competitive,Asia,esperanca,Silver,라마트라,TANK,7.9,48.3
2026-02-11,competitive,Asia,esperanca,Silver,라이프위버,SUPPORT,5.9,43.0
2026-02-11,competitive,Asia,esperanca,Silver,라인하르트,TANK,9.8,51.0
2026-02-11,competitive,Asia,esperanca,Silver,레킹볼,TANK,4.3,54.9
2026-02-11,competitive,Asia,esperanca,Silver,로드호그,TANK,4.9,44.1
2026-02-11,competitive,Asia,esperanca,Silver,루시우,SUPPORT,7.4,46.7
2026-02-11,competitive,Asia,esperanca,Silver,리퍼,DAMAGE,12.3,51.0
2026-02-11,competitive,Asia,esperanca,Silver,마우가,TANK,4.3,44.5
2026-02-11,competitive,Asia,esperanca,Silver,메르시,SUPPORT,12.4,46.6
2026-02-11,competitive,Asia,esperanca,Silver,메이,DAMAGE,7.0,50.7
2026-02-11,competitive,Asia,esperanca,Silver,모이라,SUPPORT,22.1,48.9
2026-02-11,competitive,Asia,esperanca,Silver,미즈키,SUPPORT,-1.0,-1.0
2026-02-11,competitive,Asia,esperanca,Silver,바스티온,DAMAGE,13.7,49.0
2026-02-11,competitive,Asia,esperanca,Silver,바티스트,SUPPORT,8.9,48.5
2026-02-11,competitive,Asia,esperanca,Silver,벤데타,DAMAGE,4.9,57.1
2026-02-11,competitive,Asia,esperanca,Silver,벤처,DAMAGE,5.1,51.2
2026-02-11,competitive,Asia,esperanca,Silver,브리기테,SUPPORT,4.3,48.2
2026-02-11,competitive,Asia,esperanca,Silver,소전,DAMAGE,20.4,44.8
2026-02-11,competitive,Asia,esperanca,Silver,솔저: 76,DAMAGE,28.5,51.8
2026-02-11,competitive,Asia,esperanca,Silver,솜브라,DAMAGE,4.3,55.5
2026-02-11,competitive,Asia,esperanca,Silver,시그마,TANK,15.9,55.3
2026-02-11,competitive,Asia,esperanca,Silver,시메트라,DAMAGE,2.9,53.7
2026-02-11,competitive,Asia,esperanca,Silver,아나,SUPPORT,43.8,49.6
2026-02-11,competitive,Asia,esperanca,Silver,안란,DAMAGE,-1.0,-1.0
2026-02-11,competitive,Asia,esperanca,Silver,애쉬,DAMAGE,15.5,51.0
2026-02-11,competitive,Asia,esperanca,Silver,에코,DAMAGE,5.9,49.5
2026-02-11,competitive,Asia,esperanca,Silver,엠레,DAMAGE,-1.0,-1.0
2026-02-11,competitive,Asia,esperanca,Silver,오리사,TANK,13.9,44.0
2026-02-11,competitive,Asia,esperanca,Silver,우양,SUPPORT,17.9,55.8
2026-02-11,competitive,Asia,esperanca,Silver,위도우메이커,DAMAGE,1.7,44.7
2026-02-11,competitive,Asia,esperanca,Silver,윈스턴,TANK,7.3,50.4
2026-02-11,competitive,Asia,esperanca,Silver,일리아리,SUPPORT,10.8,55.2
2026-02-11,competitive,Asia,esperanca,Silver,자리야,TANK,7.1,51.6
2026-02-11,competitive,Asia,esperanca,Silver,정커퀸,TANK,6.1,54.1
2026-02-11,competitive,Asia,esperanca,Silver,정크랫,DAMAGE,6.6,45.1
2026-02-11,competitive,Asia,esperanca,Silver,제트팩 캣,SUPPORT,-1.0,-1.0
2026-02-11,competitive,Asia,esperanca,Silver,젠야타,SUPPORT,10.9,54.0
2026-02-11,competitive,Asia,esperanca,Silver,주노,SUPPORT,17.5,49.3
2026-02-11,competitive,Asia,esperanca,Silver,캐서디,DAMAGE,24.6,48.3
2026-02-11,competitive,Asia,esperanca,Silver,키리코,SUPPORT,38.1,49.0
2026-02-11,competitive,Asia,esperanca,Silver,토르비욘,DAMAGE,3.3,48.7
2026-02-11,competitive,Asia,esperanca,Silver,트레이서,DAMAGE,7.9,52.8
2026-02-11,competitive,Asia,esperanca,Silver,파라,DAMAGE,5.7,47.9
2026-02-11,competitive,Asia,esperanca,Silver,프레야,DAMAGE,6.5,48.7
2026-02-11,competitive,Asia,esperanca,Silver,한조,DAMAGE,7.0,49.8
2026-02-11,competitive,Asia,esperanca,Silver,해저드,TANK,3.2,45.3
2026-02-11,competitive,Asia,esperanca,Gold,D.Va,TANK,8.7,48.5
2026-02-11,competitive,Asia,esperanca,Gold,겐지,DAMAGE,19.5,51.4
2026-02-11,competitive,Asia,esperanca,Gold,도미나,TANK,-1.0,-1.0
2026-02-11,competitive,Asia,esperanca,Gold,둠피스트,TANK,6.8,51.6
2026-02-11,competitive,Asia,esperanca,Gold,라마트라,TANK,6.6,47.3
2026-02-11,competitive,Asia,esperanca,Gold,라이프위버,SUPPORT,5.5,44.6
2026-02-11,competitive,Asia,esperanca,Gold,라인하르트,TANK,10.2,51.5
2026-02-11,competitive,Asia,esperanca,Gold,레킹볼,TANK,4.8,54.5
2026-02-11,competitive,Asia,esperanca,Gold,로드호그,TANK,5.2,43.7
2026-02-11,competitive,Asia,esperanca,Gold,루시우,SUPPORT,6.2,47.7
2026-02-11,competitive,Asia,esperanca,Gold,리퍼,DAMAGE,11.8,52.1
2026-02-11,competitive,Asia,esperanca,Gold,마우가,TANK,3.8,48.8
2026-02-11,competitive,Asia,esperanca,Gold,메르시,SUPPORT,9.5,46.4
2026-02-11,competitive,Asia,esperanca,Gold,메이,DAMAGE,6.7,51.2
2026-02-11,competitive,Asia,esperanca,Gold,모이라,SUPPORT,18.9,49.3
2026-02-11,competitive,Asia,esperanca,Gold,미즈키,SUPPORT,-1.0,-1.0
2026-02-11,competitive,Asia,esperanca,Gold,바스티온,DAMAGE,9.9,48.7
2026-02-11,competitive,Asia,esperanca,Gold,바티스트,SUPPORT,8.4,47.5
2026-02-11,competitive,Asia,esperanca,Gold,벤데타,DAMAGE,4.9,54.6
2026-02-11,competitive,Asia,esperanca,Gold,벤처,DAMAGE,5.8,50.8
2026-02-11,competitive,Asia,esperanca,Gold,브리기테,SUPPORT,5.0,46.1
2026-02-11,competitive,Asia,esperanca,Gold,소전,DAMAGE,19.0,46.5
2026-02-11,competitive,Asia,esperanca,Gold,솔저: 76,DAMAGE,26.9,52.4
2026-02-11,competitive,Asia,esperanca,Gold,솜브라,DAMAGE,5.0,53.7
2026-02-11,competitive,Asia,esperanca,Gold,시그마,TANK,14.3,55.3
2026-02-11,competitive,Asia,esperanca,Gold,시메트라,DAMAGE,2.9,50.2
2026-02-11,competitive,Asia,esperanca,Gold,아나,SUPPORT,52.3,49.1
2026-02-11,competitive,Asia,esperanca,Gold,안란,DAMAGE,-1.0,-1.0
2026-02-11,competitive,Asia,esperanca,Gold,애쉬,DAMAGE,16.1,51.5
2026-02-11,competitive,Asia,esperanca,Gold,에코,DAMAGE,6.5,53.1
2026-02-11,competitive,Asia,esperanca,Gold,엠레,DAMAGE,-1.0,-1.0
2026-02-11,competitive,Asia,esperanca,Gold,오리사,TANK,11.7,42.5
2026-02-11,competitive,Asia,esperanca,Gold,우양,SUPPORT,18.8,54.6
2026-02-11,competitive,Asia,esperanca,Gold,위도우메이커,DAMAGE,1.4,41.4
2026-02-11,competitive,Asia,esperanca,Gold,윈스턴,TANK,9.3,52.0
2026-02-11,competitive,Asia,esperanca,Gold,일리아리,SUPPORT,11.3,56.1
2026-02-11,competitive,Asia,esperanca,Gold,자리야,TANK,8.4,48.9
2026-02-11,competitive,Asia,esperanca,Gold,정커퀸,TANK,6.9,55.0
2026-02-11,competitive,Asia,esperanca,Gold,정크랫,DAMAGE,4.3,45.8
2026-02-11,competitive,Asia,esperanca,Gold,제트팩 캣,SUPPORT,-1.0,-1.0
2026-02-11,competitive,Asia,esperanca,Gold,젠야타,SUPPORT,10.4,53.5
2026-02-11,competitive,Asia,esperanca,Gold,주노,SUPPORT,13.5,50.0
2026-02-11,competitive,Asia,esperanca,Gold,캐서디,DAMAGE,29.1,46.5
2026-02-11,competitive,Asia,esperanca,Gold,키리코,SUPPORT,40.1,49.0
2026-02-11,competitive,Asia,esperanca,Gold,토르비욘,DAMAGE,2.9,51.1
2026-02-11,competitive,Asia,esperanca,Gold,트레이서,DAMAGE,9.9,51.6
2026-02-11,competitive,Asia,esperanca,Gold,파라,DAMAGE,4.6,48.8
2026-02-11,competitive,Asia,esperanca,Gold,프레야,DAMAGE,6.0,47.2
2026-02-11,competitive,Asia,esperanca,Gold,한조,DAMAGE,6.8,49.4
2026-02-11,competitive,Asia,esperanca,Gold,해저드,TANK,3.3,49.3
2026-02-11,competitive,Asia,esperanca,Platinum,D.Va,TANK,9.1,50.2
2026-02-11,competitive,Asia,esperanca,Platinum,겐지,DAMAGE,21.9,52.2
2026-02-11,competitive,Asia,esperanca,Platinum,도미나,TANK,-1.0,-1.0
2026-02-11,competitive,Asia,esperanca,Platinum,둠피스트,TANK,9.2,51.4
2026-02-11,competitive,Asia,esperanca,Platinum,라마트라,TANK,4.9,45.8
2026-02-11,competitive,Asia,esperanca,Platinum,라이프위버,SUPPORT,4.6,44.5
2026-02-11,competitive,Asia,esperanca,Platinum,라인하르트,TANK,8.8,50.2
2026-02-11,competitive,Asia,esperanca,Platinum,레킹볼,TANK,5.4,51.6
2026-02-11,competitive,Asia,esperanca,Platinum,로드호그,TANK,5.0,39.4
2026-02-11,competitive,Asia,esperanca,Platinum,루시우,SUPPORT,5.9,49.5
2026-02-11,competitive,Asia,esperanca,Platinum,리퍼,DAMAGE,10.1,52.3
2026-02-11,competitive,Asia,esperanca,Platinum,마우가,TANK,3.4,47.9
2026-02-11,competitive,Asia,esperanca,Platinum,메르시,SUPPORT,7.3,49.3
2026-02-11,competitive,Asia,esperanca,Platinum,메이,DAMAGE,5.6,50.9
2026-02-11,competitive,Asia,esperanca,Platinum,모이라,SUPPORT,14.2,47.7
2026-02-11,competitive,Asia,esperanca,Platinum,미즈키,SUPPORT,-1.0,-1.0
2026-02-11,competitive,Asia,esperanca,Platinum,바스티온,DAMAGE,7.5,49.1
2026-02-11,competitive,Asia,esperanca,Platinum,바티스트,SUPPORT,8.5,46.2
2026-02-11,competitive,Asia,esperanca,Platinum,벤데타,DAMAGE,4.7,55.5
2026-02-11,competitive,Asia,esperanca,Platinum,벤처,DAMAGE,6.0,52.3
2026-02-11,competitive,Asia,esperanca,Platinum,브리기테,SUPPORT,6.4,46.1
2026-02-11,competitive,Asia,esperanca,Platinum,소전,DAMAGE,19.1,47.2
2026-02-11,competitive,Asia,esperanca,Platinum,솔저: 76,DAMAGE,23.9,51.9
2026-02-11,competitive,Asia,esperanca,Platinum,솜브라,DAMAGE,6.6,51.1
2026-02-11,competitive,Asia,esperanca,Platinum,시그마,TANK,13.1,55.0
2026-02-11,competitive,Asia,esperanca,Platinum,시메트라,DAMAGE,2.9,51.1
2026-02-11,competitive,Asia,esperanca,Platinum,아나,SUPPORT,56.0,47.9
2026-02-11,competitive,Asia,esperanca,Platinum,안란,DAMAGE,0.0,100.0
2026-02-11,competitive,Asia,esperanca,Platinum,애쉬,DAMAGE,15.6,51.0
2026-02-11,competitive,Asia,esperanca,Platinum,에코,DAMAGE,7.3,54.6
2026-02-11,competitive,Asia,esperanca,Platinum,엠레,DAMAGE,-1.0,-1.0
2026-02-11,competitive,Asia,esperanca,Platinum,오리사,TANK,9.1,45.8
2026-02-11,competitive,Asia,esperanca,Platinum,우양,SUPPORT,22.1,55.3
2026-02-11,competitive,Asia,esperanca,Platinum,위도우메이커,DAMAGE,1.1,34.6
2026-02-11,competitive,Asia,esperanca,Platinum,윈스턴,TANK,12.8,52.5
2026-02-11,competitive,Asia,esperanca,Platinum,일리아리,SUPPORT,13.5,57.1
2026-02-11,competitive,Asia,esperanca,Platinum,자리야,TANK,8.0,49.1
2026-02-11,competitive,Asia,esperanca,Platinum,정커퀸,TANK,7.5,53.5
2026-02-11,competitive,Asia,esperanca,Platinum,정크랫,DAMAGE,3.0,51.0
2026-02-11,competitive,Asia,esperanca,Platinum,제트팩 캣,SUPPORT,-1.0,-1.0
2026-02-11,competitive,Asia,esperanca,Platinum,젠야타,SUPPORT,10.3,51.2
2026-02-11,competitive,Asia,esperanca,Platinum,주노,SUPPORT,9.8,50.5
2026-02-11,competitive,Asia,esperanca,Platinum,캐서디,DAMAGE,32.5,45.6
2026-02-11,competitive,Asia,esperanca,Platinum,키리코,SUPPORT,41.4,48.6
2026-02-11,competitive,Asia,esperanca,Platinum,토르비욘,DAMAGE,2.9,50.5
2026-02-11,competitive,Asia,esperanca,Platinum,트레이서,DAMAGE,13.5,50.8
2026-02-11,competitive,Asia,esperanca,Platinum,파라,DAMAGE,3.9,49.2
2026-02-11,competitive,Asia,esperanca,Platinum,프레야,DAMAGE,5.7,46.5
2026-02-11,competitive,Asia,esperanca,Platinum,한조,DAMAGE,6.1,47.6
2026-02-11,competitive,Asia,esperanca,Platinum,해저드,TANK,3.7,47.7
2026-02-11,competitive,Asia,esperanca,Diamond,D.Va,TANK,10.0,50.9
2026-02-11,competitive,Asia,esperanca,Diamond,겐지,DAMAGE,22.9,51.2
2026-02-11,competitive,Asia,esperanca,Diamond,도미나,TANK,-1.0,-1.0
2026-02-11,competitive,Asia,esperanca,Diamond,둠피스트,TANK,12.1,50.6
2026-02-11,competitive,Asia,esperanca,Diamond,라마트라,TANK,3.5,44.2
2026-02-11,competitive,Asia,esperanca,Diamond,라이프위버,SUPPORT,3.3,45.4
2026-02-11,competitive,Asia,esperanca,Diamond,라인하르트,TANK,6.7,46.2
2026-02-11,competitive,Asia,esperanca,Diamond,레킹볼,TANK,6.2,50.7
2026-02-11,competitive,Asia,esperanca,Diamond,로드호그,TANK,4.4,39.2
2026-02-11,competitive,Asia,esperanca,Diamond,루시우,SUPPORT,6.4,49.6
2026-02-11,competitive,Asia,esperanca,Diamond,리퍼,DAMAGE,8.2,50.9
2026-02-11,competitive,Asia,esperanca,Diamond,마우가,TANK,2.7,45.9
2026-02-11,competitive,Asia,esperanca,Diamond,메르시,SUPPORT,5.6,51.3
2026-02-11,competitive,Asia,esperanca,Diamond,메이,DAMAGE,4.2,52.4
2026-02-11,competitive,Asia,esperanca,Diamond,모이라,SUPPORT,9.5,45.7
2026-02-11,competitive,Asia,esperanca,Diamond,미즈키,SUPPORT,-1.0,-1.0
2026-02-11,competitive,Asia,esperanca,Diamond,바스티온,DAMAGE,5.6,49.3
2026-02-11,competitive,Asia,esperanca,Diamond,바티스트,SUPPORT,8.8,46.7
2026-02-11,competitive,Asia,esperanca,Diamond,벤데타,DAMAGE,4.5,52.0
2026-02-11,competitive,Asia,esperanca,Diamond,벤처,DAMAGE,6.2,51.9
2026-02-11,competitive,Asia,esperanca,Diamond,브리기테,SUPPORT,8.2,46.0
2026-02-11,competitive,Asia,esperanca,Diamond,소전,DAMAGE,20.7,47.9
2026-02-11,competitive,Asia,esperanca,Diamond,솔저: 76,DAMAGE,20.2,53.8
2026-02-11,competitive,Asia,esperanca,Diamond,솜브라,DAMAGE,8.2,51.9
2026-02-11,competitive,Asia,esperanca,Diamond,시그마,TANK,12.1,55.6
2026-02-11,competitive,Asia,esperanca,Diamond,시메트라,DAMAGE,2.7,55.2
2026-02-11,competitive,Asia,esperanca,Diamond,아나,SUPPORT,56.7,47.3
2026-02-11,competitive,Asia,esperanca,Diamond,안란,DAMAGE,-1.0,-1.0
2026-02-11,competitive,Asia,esperanca,Diamond,애쉬,DAMAGE,13.4,50.1
2026-02-11,competitive,Asia,esperanca,Diamond,에코,DAMAGE,8.9,53.6
2026-02-11,competitive,Asia,esperanca,Diamond,엠레,DAMAGE,-1.0,-1.0
2026-02-11,competitive,Asia,esperanca,Diamond,오리사,TANK,6.4,42.4
2026-02-11,competitive,Asia,esperanca,Diamond,우양,SUPPORT,27.2,55.1
2026-02-11,competitive,Asia,esperanca,Diamond,위도우메이커,DAMAGE,1.1,34.8
2026-02-11,competitive,Asia,esperanca,Diamond,윈스턴,TANK,17.9,53.2
2026-02-11,competitive,Asia,esperanca,Diamond,일리아리,SUPPORT,16.8,57.4
2026-02-11,competitive,Asia,esperanca,Diamond,자리야,TANK,7.7,51.4
2026-02-11,competitive,Asia,esperanca,Diamond,정커퀸,TANK,6.3,54.8
2026-02-11,competitive,Asia,esperanca,Diamond,정크랫,DAMAGE,2.6,50.4
2026-02-11,competitive,Asia,esperanca,Diamond,제트팩 캣,SUPPORT,-1.0,-1.0
2026-02-11,competitive,Asia,esperanca,Diamond,젠야타,SUPPORT,9.5,49.7
2026-02-11,competitive,Asia,esperanca,Diamond,주노,SUPPORT,6.2,53.1
2026-02-11,competitive,Asia,esperanca,Diamond,캐서디,DAMAGE,33.6,45.2
2026-02-11,competitive,Asia,esperanca,Diamond,키리코,SUPPORT,41.8,47.4
2026-02-11,competitive,Asia,esperanca,Diamond,토르비욘,DAMAGE,2.7,47.1
2026-02-11,competitive,Asia,esperanca,Diamond,트레이서,DAMAGE,19.8,51.0
2026-02-11,competitive,Asia,esperanca,Diamond,파라,DAMAGE,3.3,50.8
2026-02-11,competitive,Asia,esperanca,Diamond,프레야,DAMAGE,5.7,46.4
2026-02-11,competitive,Asia,esperanca,Diamond,한조,DAMAGE,5.5,48.4
2026-02-11,competitive,Asia,esperanca,Diamond,해저드,TANK,4.0,47.8
2026-02-11,competitive,Asia,esperanca,Master,D.Va,TANK,9.0,47.0
2026-02-11,competitive,Asia,esperanca,Master,겐지,DAMAGE,20.0,51.9
2026-02-11,competitive,Asia,esperanca,Master,도미나,TANK,-1.0,-1.0
2026-02-11,competitive,Asia,esperanca,Master,둠피스트,TANK,13.8,46.0
2026-02-11,competitive,Asia,esperanca,Master,라마트라,TANK,2.3,42.3
2026-02-11,competitive,Asia,esperanca,Master,라이프위버,SUPPORT,2.1,44.7
2026-02-11,competitive,Asia,esperanca,Master,라인하르트,TANK,5.2,45.6
2026-02-11,competitive,Asia,esperanca,Master,레킹볼,TANK,7.0,53.7
2026-02-11,competitive,Asia,esperanca,Master,로드호그,TANK,4.1,44.6
2026-02-11,competitive,Asia,esperanca,Master,루시우,SUPPORT,6.9,49.7
2026-02-11,competitive,Asia,esperanca,Master,리퍼,DAMAGE,7.1,47.7
2026-02-11,competitive,Asia,esperanca,Master,마우가,TANK,2.3,43.0
2026-02-11,competitive,Asia,esperanca,Master,메르시,SUPPORT,4.3,48.0
2026-02-11,competitive,Asia,esperanca,Master,메이,DAMAGE,3.4,51.6
2026-02-11,competitive,Asia,esperanca,Master,모이라,SUPPORT,5.8,47.4
2026-02-11,competitive,Asia,esperanca,Master,미즈키,SUPPORT,-1.0,-1.0
2026-02-11,competitive,Asia,esperanca,Master,바스티온,DAMAGE,4.5,52.0
2026-02-11,competitive,Asia,esperanca,Master,바티스트,SUPPORT,10.8,48.6
2026-02-11,competitive,Asia,esperanca,Master,벤데타,DAMAGE,4.1,54.6
2026-02-11,competitive,Asia,esperanca,Master,벤처,DAMAGE,6.2,50.4
2026-02-11,competitive,Asia,esperanca,Master,브리기테,SUPPORT,9.3,46.1
2026-02-11,competitive,Asia,esperanca,Master,소전,DAMAGE,24.9,50.2
2026-02-11,competitive,Asia,esperanca,Master,솔저: 76,DAMAGE,16.2,51.0
2026-02-11,competitive,Asia,esperanca,Master,솜브라,DAMAGE,8.2,50.4
2026-02-11,competitive,Asia,esperanca,Master,시그마,TANK,12.9,54.5
2026-02-11,competitive,Asia,esperanca,Master,시메트라,DAMAGE,2.5,48.9
2026-02-11,competitive,Asia,esperanca,Master,아나,SUPPORT,51.7,45.8
2026-02-11,competitive,Asia,esperanca,Master,안란,DAMAGE,-1.0,-1.0
2026-02-11,competitive,Asia,esperanca,Master,애쉬,DAMAGE,14.3,52.6
2026-02-11,competitive,Asia,esperanca,Master,에코,DAMAGE,10.9,54.8
2026-02-11,competitive,Asia,esperanca,Master,엠레,DAMAGE,-1.0,-1.0
2026-02-11,competitive,Asia,esperanca,Master,오리사,TANK,4.7,42.8
2026-02-11,competitive,Asia,esperanca,Master,우양,SUPPORT,33.5,55.5
2026-02-11,competitive,Asia,esperanca,Master,위도우메이커,DAMAGE,1.3,37.2
2026-02-11,competitive,Asia,esperanca,Master,윈스턴,TANK,23.2,55.0
2026-02-11,competitive,Asia,esperanca,Master,일리아리,SUPPORT,20.2,58.9
2026-02-11,competitive,Asia,esperanca,Master,자리야,TANK,6.8,54.7
2026-02-11,competitive,Asia,esperanca,Master,정커퀸,TANK,4.5,50.3
2026-02-11,competitive,Asia,esperanca,Master,정크랫,DAMAGE,2.1,48.1
2026-02-11,competitive,Asia,esperanca,Master,제트팩 캣,SUPPORT,-1.0,-1.0
2026-02-11,competitive,Asia,esperanca,Master,젠야타,SUPPORT,7.0,46.6
2026-02-11,competitive,Asia,esperanca,Master,주노,SUPPORT,3.4,48.2
2026-02-11,competitive,Asia,esperanca,Master,캐서디,DAMAGE,29.4,43.7
2026-02-11,competitive,Asia,esperanca,Master,키리코,SUPPORT,45.0,47.8
2026-02-11,competitive,Asia,esperanca,Master,토르비욘,DAMAGE,2.5,49.3
2026-02-11,competitive,Asia,esperanca,Master,트레이서,DAMAGE,28.1,50.7
2026-02-11,competitive,Asia,esperanca,Master,파라,DAMAGE,3.3,49.0
2026-02-11,competitive,Asia,esperanca,Master,프레야,DAMAGE,5.6,46.4
2026-02-11,competitive,Asia,esperanca,Master,한조,DAMAGE,5.2,53.5
2026-02-11,competitive,Asia,esperanca,Master,해저드,TANK,4.2,50.3
2026-02-11,competitive,Asia,esperanca,Grandmaster,D.Va,TANK,12.1,45.7
2026-02-11,competitive,Asia,esperanca,Grandmaster,겐지,DAMAGE,13.3,52.6
2026-02-11,competitive,Asia,esperanca,Grandmaster,도미나,TANK,-1.0,-1.0
2026-02-11,competitive,Asia,esperanca,Grandmaster,둠피스트,TANK,10.7,47.4
2026-02-11,competitive,Asia,esperanca,Grandmaster,라마트라,TANK,2.3,49.6
2026-02-11,competitive,Asia,esperanca,Grandmaster,라이프위버,SUPPORT,1.0,39.7
2026-02-11,competitive,Asia,esperanca,Grandmaster,라인하르트,TANK,4.1,44.6
2026-02-11,competitive,Asia,esperanca,Grandmaster,레킹볼,TANK,8.5,47.0
2026-02-11,competitive,Asia,esperanca,Grandmaster,로드호그,TANK,2.6,38.0
2026-02-11,competitive,Asia,esperanca,Grandmaster,루시우,SUPPORT,8.8,54.0
2026-02-11,competitive,Asia,esperanca,Grandmaster,리퍼,DAMAGE,3.5,51.4
2026-02-11,competitive,Asia,esperanca,Grandmaster,마우가,TANK,1.2,59.4
2026-02-11,competitive,Asia,esperanca,Grandmaster,메르시,SUPPORT,2.3,47.5
2026-02-11,competitive,Asia,esperanca,Grandmaster,메이,DAMAGE,3.6,49.3
2026-02-11,competitive,Asia,esperanca,Grandmaster,모이라,SUPPORT,3.7,37.5
2026-02-11,competitive,Asia,esperanca,Grandmaster,미즈키,SUPPORT,-1.0,-1.0
2026-02-11,competitive,Asia,esperanca,Grandmaster,바스티온,DAMAGE,2.6,48.1
2026-02-11,competitive,Asia,esperanca,Grandmaster,바티스트,SUPPORT,17.1,53.8
2026-02-11,competitive,Asia,esperanca,Grandmaster,벤데타,DAMAGE,5.9,56.2
2026-02-11,competitive,Asia,esperanca,Grandmaster,벤처,DAMAGE,4.6,42.2
2026-02-11,competitive,Asia,esperanca,Grandmaster,브리기테,SUPPORT,9.6,48.1
2026-02-11,competitive,Asia,esperanca,Grandmaster,소전,DAMAGE,28.0,50.8
2026-02-11,competitive,Asia,esperanca,Grandmaster,솔저: 76,DAMAGE,13.4,53.0
2026-02-11,competitive,Asia,esperanca,Grandmaster,솜브라,DAMAGE,6.2,39.7
2026-02-11,competitive,Asia,esperanca,Grandmaster,시그마,TANK,17.0,61.5
2026-02-11,competitive,Asia,esperanca,Grandmaster,시메트라,DAMAGE,4.8,45.7
2026-02-11,competitive,Asia,esperanca,Grandmaster,아나,SUPPORT,46.3,46.4
2026-02-11,competitive,Asia,esperanca,Grandmaster,안란,DAMAGE,-1.0,-1.0
2026-02-11,competitive,Asia,esperanca,Grandmaster,애쉬,DAMAGE,18.6,56.1
2026-02-11,competitive,Asia,esperanca,Grandmaster,에코,DAMAGE,13.4,61.0
2026-02-11,competitive,Asia,esperanca,Grandmaster,엠레,DAMAGE,-1.0,-1.0
2026-02-11,competitive,Asia,esperanca,Grandmaster,오리사,TANK,3.2,41.6
2026-02-11,competitive,Asia,esperanca,Grandmaster,우양,SUPPORT,37.0,52.5
2026-02-11,competitive,Asia,esperanca,Grandmaster,위도우메이커,DAMAGE,1.7,18.2
2026-02-11,competitive,Asia,esperanca,Grandmaster,윈스턴,TANK,23.7,47.4
2026-02-11,competitive,Asia,esperanca,Grandmaster,일리아리,SUPPORT,22.0,55.9
2026-02-11,competitive,Asia,esperanca,Grandmaster,자리야,TANK,9.0,58.3
2026-02-11,competitive,Asia,esperanca,Grandmaster,정커퀸,TANK,1.6,63.6
2026-02-11,competitive,Asia,esperanca,Grandmaster,정크랫,DAMAGE,2.1,47.3
2026-02-11,competitive,Asia,esperanca,Grandmaster,제트팩 캣,SUPPORT,-1.0,-1.0
2026-02-11,competitive,Asia,esperanca,Grandmaster,젠야타,SUPPORT,4.3,44.8
2026-02-11,competitive,Asia,esperanca,Grandmaster,주노,SUPPORT,1.4,37.0
2026-02-11,competitive,Asia,esperanca,Grandmaster,캐서디,DAMAGE,22.1,41.4
2026-02-11,competitive,Asia,esperanca,Grandmaster,키리코,SUPPORT,46.6,50.0
2026-02-11,competitive,Asia,esperanca,Grandmaster,토르비욘,DAMAGE,1.5,48.1
2026-02-11,competitive,Asia,esperanca,Grandmaster,트레이서,DAMAGE,38.7,50.7
2026-02-11,competitive,Asia,esperanca,Grandmaster,파라,DAMAGE,2.9,53.4
2026-02-11,competitive,Asia,esperanca,Grandmaster,프레야,DAMAGE,8.1,45.2
2026-02-11,competitive,Asia,esperanca,Grandmaster,한조,DAMAGE,5.1,52.1
2026-02-11,competitive,Asia,esperanca,Grandmaster,해저드,TANK,4.0,49.2
2026-02-11,competitive,Asia,colosseo,All,D.Va,TANK,7.4,47.1
2026-02-11,competitive,Asia,colosseo,All,겐지,DAMAGE,18.2,53.3
2026-02-11,competitive,Asia,colosseo,All,도미나,TANK,-1.0,-1.0
2026-02-11,competitive,Asia,colosseo,All,둠피스트,TANK,8.1,53.6
2026-02-11,competitive,Asia,colosseo,All,라마트라,TANK,6.5,47.8
2026-02-11,competitive,Asia,colosseo,All,라이프위버,SUPPORT,4.9,45.2
2026-02-11,competitive,Asia,colosseo,All,라인하르트,TANK,9.7,51.1
2026-02-11,competitive,Asia,colosseo,All,레킹볼,TANK,4.9,53.4
2026-02-11,competitive,Asia,colosseo,All,로드호그,TANK,4.7,41.5
2026-02-11,competitive,Asia,colosseo,All,루시우,SUPPORT,5.5,51.3
2026-02-11,competitive,Asia,colosseo,All,리퍼,DAMAGE,9.7,50.9
2026-02-11,competitive,Asia,colosseo,All,마우가,TANK,3.4,45.8
2026-02-11,competitive,Asia,colosseo,All,메르시,SUPPORT,8.6,47.9
2026-02-11,competitive,Asia,colosseo,All,메이,DAMAGE,6.5,51.1
2026-02-11,competitive,Asia,colosseo,All,모이라,SUPPORT,15.1,47.1
2026-02-11,competitive,Asia,colosseo,All,미즈키,SUPPORT,-1.0,-1.0
2026-02-11,competitive,Asia,colosseo,All,바스티온,DAMAGE,9.9,47.6
2026-02-11,competitive,Asia,colosseo,All,바티스트,SUPPORT,9.2,46.4
2026-02-11,competitive,Asia,colosseo,All,벤데타,DAMAGE,4.5,57.0
2026-02-11,competitive,Asia,colosseo,All,벤처,DAMAGE,5.5,53.1
2026-02-11,competitive,Asia,colosseo,All,브리기테,SUPPORT,5.0,45.9
2026-02-11,competitive,Asia,colosseo,All,소전,DAMAGE,21.0,47.7
2026-02-11,competitive,Asia,colosseo,All,솔저: 76,DAMAGE,21.4,50.5
2026-02-11,competitive,Asia,colosseo,All,솜브라,DAMAGE,5.6,52.9
2026-02-11,competitive,Asia,colosseo,All,시그마,TANK,16.5,55.1
2026-02-11,competitive,Asia,colosseo,All,시메트라,DAMAGE,2.6,49.7
2026-02-11,competitive,Asia,colosseo,All,아나,SUPPORT,56.6,49.2
2026-02-11,competitive,Asia,colosseo,All,안란,DAMAGE,0.0,55.7
2026-02-11,competitive,Asia,colosseo,All,애쉬,DAMAGE,19.8,51.3
2026-02-11,competitive,Asia,colosseo,All,에코,DAMAGE,6.2,54.1
2026-02-11,competitive,Asia,colosseo,All,엠레,DAMAGE,-1.0,-1.0
2026-02-11,competitive,Asia,colosseo,All,오리사,TANK,11.3,43.2
2026-02-11,competitive,Asia,colosseo,All,우양,SUPPORT,20.9,55.5
2026-02-11,competitive,Asia,colosseo,All,위도우메이커,DAMAGE,3.4,45.3
2026-02-11,competitive,Asia,colosseo,All,윈스턴,TANK,9.6,51.6
2026-02-11,competitive,Asia,colosseo,All,일리아리,SUPPORT,14.6,57.1
2026-02-11,competitive,Asia,colosseo,All,자리야,TANK,8.7,48.8
2026-02-11,competitive,Asia,colosseo,All,정커퀸,TANK,6.2,56.1
2026-02-11,competitive,Asia,colosseo,All,정크랫,DAMAGE,4.8,47.8
2026-02-11,competitive,Asia,colosseo,All,제트팩 캣,SUPPORT,-1.0,-1.0
2026-02-11,competitive,Asia,colosseo,All,젠야타,SUPPORT,13.4,53.1
2026-02-11,competitive,Asia,colosseo,All,주노,SUPPORT,10.5,48.6
2026-02-11,competitive,Asia,colosseo,All,캐서디,DAMAGE,25.8,44.3
2026-02-11,competitive,Asia,colosseo,All,키리코,SUPPORT,35.9,47.1
2026-02-11,competitive,Asia,colosseo,All,토르비욘,DAMAGE,3.2,48.6
2026-02-11,competitive,Asia,colosseo,All,트레이서,DAMAGE,11.6,52.5
2026-02-11,competitive,Asia,colosseo,All,파라,DAMAGE,4.7,51.1
2026-02-11,competitive,Asia,colosseo,All,프레야,DAMAGE,6.5,48.1
2026-02-11,competitive,Asia,colosseo,All,한조,DAMAGE,9.1,50.8
2026-02-11,competitive,Asia,colosseo,All,해저드,TANK,3.0,49.5
2026-02-11,competitive,Asia,colosseo,Bronze,D.Va,TANK,9.6,50.2
2026-02-11,competitive,Asia,colosseo,Bronze,겐지,DAMAGE,12.6,56.0
2026-02-11,competitive,Asia,colosseo,Bronze,도미나,TANK,-1.0,-1.0
2026-02-11,competitive,Asia,colosseo,Bronze,둠피스트,TANK,4.4,58.0
2026-02-11,competitive,Asia,colosseo,Bronze,라마트라,TANK,10.0,49.9
2026-02-11,competitive,Asia,colosseo,Bronze,라이프위버,SUPPORT,5.0,46.7
2026-02-11,competitive,Asia,colosseo,Bronze,라인하르트,TANK,9.4,52.2
2026-02-11,competitive,Asia,colosseo,Bronze,레킹볼,TANK,4.0,54.5
2026-02-11,competitive,Asia,colosseo,Bronze,로드호그,TANK,5.6,49.8
2026-02-11,competitive,Asia,colosseo,Bronze,루시우,SUPPORT,7.9,49.5
2026-02-11,competitive,Asia,colosseo,Bronze,리퍼,DAMAGE,11.8,52.1
2026-02-11,competitive,Asia,colosseo,Bronze,마우가,TANK,4.5,44.0
2026-02-11,competitive,Asia,colosseo,Bronze,메르시,SUPPORT,11.9,48.6
2026-02-11,competitive,Asia,colosseo,Bronze,메이,DAMAGE,6.9,55.3
2026-02-11,competitive,Asia,colosseo,Bronze,모이라,SUPPORT,24.8,47.3
2026-02-11,competitive,Asia,colosseo,Bronze,미즈키,SUPPORT,-1.0,-1.0
2026-02-11,competitive,Asia,colosseo,Bronze,바스티온,DAMAGE,19.1,48.7
2026-02-11,competitive,Asia,colosseo,Bronze,바티스트,SUPPORT,9.0,46.2
2026-02-11,competitive,Asia,colosseo,Bronze,벤데타,DAMAGE,3.9,59.4
2026-02-11,competitive,Asia,colosseo,Bronze,벤처,DAMAGE,4.6,53.3
2026-02-11,competitive,Asia,colosseo,Bronze,브리기테,SUPPORT,2.9,46.3
2026-02-11,competitive,Asia,colosseo,Bronze,소전,DAMAGE,23.0,44.3
2026-02-11,competitive,Asia,colosseo,Bronze,솔저: 76,DAMAGE,24.9,49.7
2026-02-11,competitive,Asia,colosseo,Bronze,솜브라,DAMAGE,3.5,52.1
2026-02-11,competitive,Asia,colosseo,Bronze,시그마,TANK,18.2,51.4
2026-02-11,competitive,Asia,colosseo,Bronze,시메트라,DAMAGE,2.6,49.8
2026-02-11,competitive,Asia,colosseo,Bronze,아나,SUPPORT,37.0,50.8
2026-02-11,competitive,Asia,colosseo,Bronze,안란,DAMAGE,-1.0,-1.0
2026-02-11,competitive,Asia,colosseo,Bronze,애쉬,DAMAGE,17.3,50.9
2026-02-11,competitive,Asia,colosseo,Bronze,에코,DAMAGE,5.7,50.0
2026-02-11,competitive,Asia,colosseo,Bronze,엠레,DAMAGE,-1.0,-1.0
2026-02-11,competitive,Asia,colosseo,Bronze,오리사,TANK,16.5,43.1
2026-02-11,competitive,Asia,colosseo,Bronze,우양,SUPPORT,19.0,53.8
2026-02-11,competitive,Asia,colosseo,Bronze,위도우메이커,DAMAGE,3.7,44.2
2026-02-11,competitive,Asia,colosseo,Bronze,윈스턴,TANK,5.2,54.0
2026-02-11,competitive,Asia,colosseo,Bronze,일리아리,SUPPORT,12.0,54.0
2026-02-11,competitive,Asia,colosseo,Bronze,자리야,TANK,5.1,49.4
2026-02-11,competitive,Asia,colosseo,Bronze,정커퀸,TANK,4.8,54.4
2026-02-11,competitive,Asia,colosseo,Bronze,정크랫,DAMAGE,9.7,47.1
2026-02-11,competitive,Asia,colosseo,Bronze,제트팩 캣,SUPPORT,-1.0,-1.0
2026-02-11,competitive,Asia,colosseo,Bronze,젠야타,SUPPORT,13.2,54.9
2026-02-11,competitive,Asia,colosseo,Bronze,주노,SUPPORT,22.1,45.7
2026-02-11,competitive,Asia,colosseo,Bronze,캐서디,DAMAGE,17.7,46.2
2026-02-11,competitive,Asia,colosseo,Bronze,키리코,SUPPORT,35.3,50.1
2026-02-11,competitive,Asia,colosseo,Bronze,토르비욘,DAMAGE,4.1,47.6
2026-02-11,competitive,Asia,colosseo,Bronze,트레이서,DAMAGE,6.2,54.0
2026-02-11,competitive,Asia,colosseo,Bronze,파라,DAMAGE,7.6,52.8
2026-02-11,competitive,Asia,colosseo,Bronze,프레야,DAMAGE,6.7,47.7
2026-02-11,competitive,Asia,colosseo,Bronze,한조,DAMAGE,8.4,50.8
2026-02-11,competitive,Asia,colosseo,Bronze,해저드,TANK,2.8,46.6
2026-02-11,competitive,Asia,colosseo,Silver,D.Va,TANK,8.2,46.3
2026-02-11,competitive,Asia,colosseo,Silver,겐지,DAMAGE,15.5,52.8
2026-02-11,competitive,Asia,colosseo,Silver,도미나,TANK,-1.0,-1.0
2026-02-11,competitive,Asia,colosseo,Silver,둠피스트,TANK,5.3,56.0
2026-02-11,competitive,Asia,colosseo,Silver,라마트라,TANK,8.5,48.4
2026-02-11,competitive,Asia,colosseo,Silver,라이프위버,SUPPORT,5.9,46.0
2026-02-11,competitive,Asia,colosseo,Silver,라인하르트,TANK,10.3,52.5
2026-02-11,competitive,Asia,colosseo,Silver,레킹볼,TANK,4.4,55.7
2026-02-11,competitive,Asia,colosseo,Silver,로드호그,TANK,4.8,41.1
2026-02-11,competitive,Asia,colosseo,Silver,루시우,SUPPORT,6.9,48.7
2026-02-11,competitive,Asia,colosseo,Silver,리퍼,DAMAGE,12.1,51.4
2026-02-11,competitive,Asia,colosseo,Silver,마우가,TANK,4.3,46.2
2026-02-11,competitive,Asia,colosseo,Silver,메르시,SUPPORT,12.2,46.9
2026-02-11,competitive,Asia,colosseo,Silver,메이,DAMAGE,7.2,52.7
2026-02-11,competitive,Asia,colosseo,Silver,모이라,SUPPORT,21.9,48.8
2026-02-11,competitive,Asia,colosseo,Silver,미즈키,SUPPORT,-1.0,-1.0
2026-02-11,competitive,Asia,colosseo,Silver,바스티온,DAMAGE,13.8,47.0
2026-02-11,competitive,Asia,colosseo,Silver,바티스트,SUPPORT,8.5,46.1
2026-02-11,competitive,Asia,colosseo,Silver,벤데타,DAMAGE,4.7,57.6
2026-02-11,competitive,Asia,colosseo,Silver,벤처,DAMAGE,5.0,52.1
2026-02-11,competitive,Asia,colosseo,Silver,브리기테,SUPPORT,3.7,46.2
2026-02-11,competitive,Asia,colosseo,Silver,소전,DAMAGE,20.5,47.3
2026-02-11,competitive,Asia,colosseo,Silver,솔저: 76,DAMAGE,26.0,49.9
2026-02-11,competitive,Asia,colosseo,Silver,솜브라,DAMAGE,4.3,54.4
2026-02-11,competitive,Asia,colosseo,Silver,시그마,TANK,17.6,53.8
2026-02-11,competitive,Asia,colosseo,Silver,시메트라,DAMAGE,2.4,51.3
2026-02-11,competitive,Asia,colosseo,Silver,아나,SUPPORT,47.2,50.4
2026-02-11,competitive,Asia,colosseo,Silver,안란,DAMAGE,-1.0,-1.0
2026-02-11,competitive,Asia,colosseo,Silver,애쉬,DAMAGE,19.3,51.7
2026-02-11,competitive,Asia,colosseo,Silver,에코,DAMAGE,5.3,53.4
2026-02-11,competitive,Asia,colosseo,Silver,엠레,DAMAGE,-1.0,-1.0
2026-02-11,competitive,Asia,colosseo,Silver,오리사,TANK,14.3,43.8
2026-02-11,competitive,Asia,colosseo,Silver,우양,SUPPORT,17.6,54.2
2026-02-11,competitive,Asia,colosseo,Silver,위도우메이커,DAMAGE,3.4,46.5
2026-02-11,competitive,Asia,colosseo,Silver,윈스턴,TANK,6.3,50.3
2026-02-11,competitive,Asia,colosseo,Silver,일리아리,SUPPORT,11.7,57.1
2026-02-11,competitive,Asia,colosseo,Silver,자리야,TANK,7.3,52.6
2026-02-11,competitive,Asia,colosseo,Silver,정커퀸,TANK,6.0,55.4
2026-02-11,competitive,Asia,colosseo,Silver,정크랫,DAMAGE,7.3,47.5
2026-02-11,competitive,Asia,colosseo,Silver,제트팩 캣,SUPPORT,-1.0,-1.0
2026-02-11,competitive,Asia,colosseo,Silver,젠야타,SUPPORT,12.3,55.2
2026-02-11,competitive,Asia,colosseo,Silver,주노,SUPPORT,15.8,48.4
2026-02-11,competitive,Asia,colosseo,Silver,캐서디,DAMAGE,21.3,46.3
2026-02-11,competitive,Asia,colosseo,Silver,키리코,SUPPORT,36.2,47.6
2026-02-11,competitive,Asia,colosseo,Silver,토르비욘,DAMAGE,3.4,45.9
2026-02-11,competitive,Asia,colosseo,Silver,트레이서,DAMAGE,7.0,51.5
2026-02-11,competitive,Asia,colosseo,Silver,파라,DAMAGE,5.8,50.1
2026-02-11,competitive,Asia,colosseo,Silver,프레야,DAMAGE,6.5,49.0
2026-02-11,competitive,Asia,colosseo,Silver,한조,DAMAGE,9.3,51.0
2026-02-11,competitive,Asia,colosseo,Silver,해저드,TANK,2.7,49.9
2026-02-11,competitive,Asia,colosseo,Gold,D.Va,TANK,7.0,46.9
2026-02-11,competitive,Asia,colosseo,Gold,겐지,DAMAGE,18.0,54.3
2026-02-11,competitive,Asia,colosseo,Gold,도미나,TANK,-1.0,-1.0
2026-02-11,competitive,Asia,colosseo,Gold,둠피스트,TANK,6.6,55.7
2026-02-11,competitive,Asia,colosseo,Gold,라마트라,TANK,7.3,48.1
2026-02-11,competitive,Asia,colosseo,Gold,라이프위버,SUPPORT,5.7,45.6
2026-02-11,competitive,Asia,colosseo,Gold,라인하르트,TANK,10.8,52.1
2026-02-11,competitive,Asia,colosseo,Gold,레킹볼,TANK,4.5,54.1
2026-02-11,competitive,Asia,colosseo,Gold,로드호그,TANK,4.8,41.9
2026-02-11,competitive,Asia,colosseo,Gold,루시우,SUPPORT,5.5,51.7
2026-02-11,competitive,Asia,colosseo,Gold,리퍼,DAMAGE,10.7,51.3
2026-02-11,competitive,Asia,colosseo,Gold,마우가,TANK,3.6,45.5
2026-02-11,competitive,Asia,colosseo,Gold,메르시,SUPPORT,9.5,46.8
2026-02-11,competitive,Asia,colosseo,Gold,메이,DAMAGE,7.4,50.8
2026-02-11,competitive,Asia,colosseo,Gold,모이라,SUPPORT,17.9,48.0
2026-02-11,competitive,Asia,colosseo,Gold,미즈키,SUPPORT,-1.0,-1.0
2026-02-11,competitive,Asia,colosseo,Gold,바스티온,DAMAGE,10.4,47.3
2026-02-11,competitive,Asia,colosseo,Gold,바티스트,SUPPORT,8.6,46.2
2026-02-11,competitive,Asia,colosseo,Gold,벤데타,DAMAGE,4.5,55.8
2026-02-11,competitive,Asia,colosseo,Gold,벤처,DAMAGE,5.4,53.0
2026-02-11,competitive,Asia,colosseo,Gold,브리기테,SUPPORT,4.6,47.7
2026-02-11,competitive,Asia,colosseo,Gold,소전,DAMAGE,19.4,47.7
2026-02-11,competitive,Asia,colosseo,Gold,솔저: 76,DAMAGE,23.6,49.8
2026-02-11,competitive,Asia,colosseo,Gold,솜브라,DAMAGE,4.7,54.5
2026-02-11,competitive,Asia,colosseo,Gold,시그마,TANK,16.5,55.4
2026-02-11,competitive,Asia,colosseo,Gold,시메트라,DAMAGE,2.7,50.2
2026-02-11,competitive,Asia,colosseo,Gold,아나,SUPPORT,56.8,49.2
2026-02-11,competitive,Asia,colosseo,Gold,안란,DAMAGE,0.0,0.0
2026-02-11,competitive,Asia,colosseo,Gold,애쉬,DAMAGE,20.9,50.9
2026-02-11,competitive,Asia,colosseo,Gold,에코,DAMAGE,5.6,54.2
2026-02-11,competitive,Asia,colosseo,Gold,엠레,DAMAGE,-1.0,-1.0
2026-02-11,competitive,Asia,colosseo,Gold,오리사,TANK,12.7,43.2
2026-02-11,competitive,Asia,colosseo,Gold,우양,SUPPORT,17.9,55.3
2026-02-11,competitive,Asia,colosseo,Gold,위도우메이커,DAMAGE,3.5,45.6
2026-02-11,competitive,Asia,colosseo,Gold,윈스턴,TANK,7.6,50.5
2026-02-11,competitive,Asia,colosseo,Gold,일리아리,SUPPORT,12.3,57.1
2026-02-11,competitive,Asia,colosseo,Gold,자리야,TANK,8.9,47.2
2026-02-11,competitive,Asia,colosseo,Gold,정커퀸,TANK,6.8,56.8
2026-02-11,competitive,Asia,colosseo,Gold,정크랫,DAMAGE,5.1,45.8
2026-02-11,competitive,Asia,colosseo,Gold,제트팩 캣,SUPPORT,-1.0,-1.0
2026-02-11,competitive,Asia,colosseo,Gold,젠야타,SUPPORT,13.2,54.4
2026-02-11,competitive,Asia,colosseo,Gold,주노,SUPPORT,11.6,48.4
2026-02-11,competitive,Asia,colosseo,Gold,캐서디,DAMAGE,25.4,45.1
2026-02-11,competitive,Asia,colosseo,Gold,키리코,SUPPORT,36.4,47.5
2026-02-11,competitive,Asia,colosseo,Gold,토르비욘,DAMAGE,3.3,50.6
2026-02-11,competitive,Asia,colosseo,Gold,트레이서,DAMAGE,8.6,53.0
2026-02-11,competitive,Asia,colosseo,Gold,파라,DAMAGE,4.7,50.6
2026-02-11,competitive,Asia,colosseo,Gold,프레야,DAMAGE,6.4,46.8
2026-02-11,competitive,Asia,colosseo,Gold,한조,DAMAGE,9.8,51.2
2026-02-11,competitive,Asia,colosseo,Gold,해저드,TANK,2.9,48.7
2026-02-11,competitive,Asia,colosseo,Platinum,D.Va,TANK,6.8,47.5
2026-02-11,competitive,Asia,colosseo,Platinum,겐지,DAMAGE,20.0,53.3
2026-02-11,competitive,Asia,colosseo,Platinum,도미나,TANK,-1.0,-1.0
2026-02-11,competitive,Asia,colosseo,Platinum,둠피스트,TANK,8.6,52.7
2026-02-11,competitive,Asia,colosseo,Platinum,라마트라,TANK,5.8,47.2
2026-02-11,competitive,Asia,colosseo,Platinum,라이프위버,SUPPORT,4.7,44.1
2026-02-11,competitive,Asia,colosseo,Platinum,라인하르트,TANK,10.0,50.8
2026-02-11,competitive,Asia,colosseo,Platinum,레킹볼,TANK,5.2,53.4
2026-02-11,competitive,Asia,colosseo,Platinum,로드호그,TANK,4.8,39.6
2026-02-11,competitive,Asia,colosseo,Platinum,루시우,SUPPORT,4.5,53.0
2026-02-11,competitive,Asia,colosseo,Platinum,리퍼,DAMAGE,8.9,50.6
2026-02-11,competitive,Asia,colosseo,Platinum,마우가,TANK,3.2,46.8
2026-02-11,competitive,Asia,colosseo,Platinum,메르시,SUPPORT,7.4,50.1
2026-02-11,competitive,Asia,colosseo,Platinum,메이,DAMAGE,6.5,49.6
2026-02-11,competitive,Asia,colosseo,Platinum,모이라,SUPPORT,12.4,45.4
2026-02-11,competitive,Asia,colosseo,Platinum,미즈키,SUPPORT,-1.0,-1.0
2026-02-11,competitive,Asia,colosseo,Platinum,바스티온,DAMAGE,8.1,48.2
2026-02-11,competitive,Asia,colosseo,Platinum,바티스트,SUPPORT,8.9,46.3
2026-02-11,competitive,Asia,colosseo,Platinum,벤데타,DAMAGE,4.5,57.5
2026-02-11,competitive,Asia,colosseo,Platinum,벤처,DAMAGE,5.8,53.1
2026-02-11,competitive,Asia,colosseo,Platinum,브리기테,SUPPORT,5.3,44.5
2026-02-11,competitive,Asia,colosseo,Platinum,소전,DAMAGE,20.1,47.8
2026-02-11,competitive,Asia,colosseo,Platinum,솔저: 76,DAMAGE,20.3,51.1
2026-02-11,competitive,Asia,colosseo,Platinum,솜브라,DAMAGE,6.1,52.6
2026-02-11,competitive,Asia,colosseo,Platinum,시그마,TANK,16.0,55.9
2026-02-11,competitive,Asia,colosseo,Platinum,시메트라,DAMAGE,2.5,49.2
2026-02-11,competitive,Asia,colosseo,Platinum,아나,SUPPORT,62.8,49.0
2026-02-11,competitive,Asia,colosseo,Platinum,안란,DAMAGE,0.0,100.0
2026-02-11,competitive,Asia,colosseo,Platinum,애쉬,DAMAGE,20.5,51.8
2026-02-11,competitive,Asia,colosseo,Platinum,에코,DAMAGE,5.9,53.2
2026-02-11,competitive,Asia,colosseo,Platinum,엠레,DAMAGE,-1.0,-1.0
2026-02-11,competitive,Asia,colosseo,Platinum,오리사,TANK,10.1,42.7
2026-02-11,competitive,Asia,colosseo,Platinum,우양,SUPPORT,20.7,56.0
2026-02-11,competitive,Asia,colosseo,Platinum,위도우메이커,DAMAGE,3.5,46.5
2026-02-11,competitive,Asia,colosseo,Platinum,윈스턴,TANK,10.1,51.5
2026-02-11,competitive,Asia,colosseo,Platinum,일리아리,SUPPORT,15.1,57.6
2026-02-11,competitive,Asia,colosseo,Platinum,자리야,TANK,9.5,47.9
2026-02-11,competitive,Asia,colosseo,Platinum,정커퀸,TANK,6.7,56.5
2026-02-11,competitive,Asia,colosseo,Platinum,정크랫,DAMAGE,3.5,50.3
2026-02-11,competitive,Asia,colosseo,Platinum,제트팩 캣,SUPPORT,-1.0,-1.0
2026-02-11,competitive,Asia,colosseo,Platinum,젠야타,SUPPORT,14.4,52.7
2026-02-11,competitive,Asia,colosseo,Platinum,주노,SUPPORT,8.3,49.4
2026-02-11,competitive,Asia,colosseo,Platinum,캐서디,DAMAGE,28.6,43.4
2026-02-11,competitive,Asia,colosseo,Platinum,키리코,SUPPORT,35.5,46.3
2026-02-11,competitive,Asia,colosseo,Platinum,토르비욘,DAMAGE,3.2,48.5
2026-02-11,competitive,Asia,colosseo,Platinum,트레이서,DAMAGE,11.7,52.9
2026-02-11,competitive,Asia,colosseo,Platinum,파라,DAMAGE,4.1,50.7
2026-02-11,competitive,Asia,colosseo,Platinum,프레야,DAMAGE,6.5,48.6
2026-02-11,competitive,Asia,colosseo,Platinum,한조,DAMAGE,9.5,49.9
2026-02-11,competitive,Asia,colosseo,Platinum,해저드,TANK,3.1,49.8
2026-02-11,competitive,Asia,colosseo,Diamond,D.Va,TANK,7.3,46.4
2026-02-11,competitive,Asia,colosseo,Diamond,겐지,DAMAGE,21.1,52.0
2026-02-11,competitive,Asia,colosseo,Diamond,도미나,TANK,-1.0,-1.0
2026-02-11,competitive,Asia,colosseo,Diamond,둠피스트,TANK,12.0,52.2
2026-02-11,competitive,Asia,colosseo,Diamond,라마트라,TANK,4.2,45.5
2026-02-11,competitive,Asia,colosseo,Diamond,라이프위버,SUPPORT,3.5,44.4
2026-02-11,competitive,Asia,colosseo,Diamond,라인하르트,TANK,7.9,47.6
2026-02-11,competitive,Asia,colosseo,Diamond,레킹볼,TANK,5.8,51.2
2026-02-11,competitive,Asia,colosseo,Diamond,로드호그,TANK,4.3,40.7
2026-02-11,competitive,Asia,colosseo,Diamond,루시우,SUPPORT,4.9,52.5
2026-02-11,competitive,Asia,colosseo,Diamond,리퍼,DAMAGE,7.2,50.4
2026-02-11,competitive,Asia,colosseo,Diamond,마우가,TANK,2.7,44.9
2026-02-11,competitive,Asia,colosseo,Diamond,메르시,SUPPORT,5.5,47.5
2026-02-11,competitive,Asia,colosseo,Diamond,메이,DAMAGE,5.2,51.3
2026-02-11,competitive,Asia,colosseo,Diamond,모이라,SUPPORT,8.1,44.5
2026-02-11,competitive,Asia,colosseo,Diamond,미즈키,SUPPORT,-1.0,-1.0
2026-02-11,competitive,Asia,colosseo,Diamond,바스티온,DAMAGE,6.5,46.8
2026-02-11,competitive,Asia,colosseo,Diamond,바티스트,SUPPORT,9.8,47.1
2026-02-11,competitive,Asia,colosseo,Diamond,벤데타,DAMAGE,4.4,55.9
2026-02-11,competitive,Asia,colosseo,Diamond,벤처,DAMAGE,5.9,53.9
2026-02-11,competitive,Asia,colosseo,Diamond,브리기테,SUPPORT,6.5,45.5
2026-02-11,competitive,Asia,colosseo,Diamond,소전,DAMAGE,22.4,49.3
2026-02-11,competitive,Asia,colosseo,Diamond,솔저: 76,DAMAGE,16.6,51.7
2026-02-11,competitive,Asia,colosseo,Diamond,솜브라,DAMAGE,7.7,52.4
2026-02-11,competitive,Asia,colosseo,Diamond,시그마,TANK,15.3,56.5
2026-02-11,competitive,Asia,colosseo,Diamond,시메트라,DAMAGE,2.4,46.7
2026-02-11,competitive,Asia,colosseo,Diamond,아나,SUPPORT,63.2,47.6
2026-02-11,competitive,Asia,colosseo,Diamond,안란,DAMAGE,0.0,100.0
2026-02-11,competitive,Asia,colosseo,Diamond,애쉬,DAMAGE,18.9,50.0
2026-02-11,competitive,Asia,colosseo,Diamond,에코,DAMAGE,7.3,56.7
2026-02-11,competitive,Asia,colosseo,Diamond,엠레,DAMAGE,-1.0,-1.0
2026-02-11,competitive,Asia,colosseo,Diamond,오리사,TANK,7.8,42.6
2026-02-11,competitive,Asia,colosseo,Diamond,우양,SUPPORT,25.6,56.7
2026-02-11,competitive,Asia,colosseo,Diamond,위도우메이커,DAMAGE,3.4,43.7
2026-02-11,competitive,Asia,colosseo,Diamond,윈스턴,TANK,13.8,52.7
2026-02-11,competitive,Asia,colosseo,Diamond,일리아리,SUPPORT,18.4,57.7
2026-02-11,competitive,Asia,colosseo,Diamond,자리야,TANK,9.4,49.7
2026-02-11,competitive,Asia,colosseo,Diamond,정커퀸,TANK,5.9,55.4
2026-02-11,competitive,Asia,colosseo,Diamond,정크랫,DAMAGE,3.0,49.9
2026-02-11,competitive,Asia,colosseo,Diamond,제트팩 캣,SUPPORT,-1.0,-1.0
2026-02-11,competitive,Asia,colosseo,Diamond,젠야타,SUPPORT,14.5,50.4
2026-02-11,competitive,Asia,colosseo,Diamond,주노,SUPPORT,5.1,50.5
2026-02-11,competitive,Asia,colosseo,Diamond,캐서디,DAMAGE,29.4,42.6
2026-02-11,competitive,Asia,colosseo,Diamond,키리코,SUPPORT,35.0,46.1
2026-02-11,competitive,Asia,colosseo,Diamond,토르비욘,DAMAGE,2.9,50.0
2026-02-11,competitive,Asia,colosseo,Diamond,트레이서,DAMAGE,17.3,52.3
2026-02-11,competitive,Asia,colosseo,Diamond,파라,DAMAGE,3.7,51.0
2026-02-11,competitive,Asia,colosseo,Diamond,프레야,DAMAGE,6.6,48.8
2026-02-11,competitive,Asia,colosseo,Diamond,한조,DAMAGE,8.1,51.1
2026-02-11,competitive,Asia,colosseo,Diamond,해저드,TANK,3.5,50.5
2026-02-11,competitive,Asia,colosseo,Master,D.Va,TANK,7.0,46.0
2026-02-11,competitive,Asia,colosseo,Master,겐지,DAMAGE,18.3,50.9
2026-02-11,competitive,Asia,colosseo,Master,도미나,TANK,-1.0,-1.0
2026-02-11,competitive,Asia,colosseo,Master,둠피스트,TANK,13.7,50.4
2026-02-11,competitive,Asia,colosseo,Master,라마트라,TANK,3.6,44.6
2026-02-11,competitive,Asia,colosseo,Master,라이프위버,SUPPORT,2.7,43.9
2026-02-11,competitive,Asia,colosseo,Master,라인하르트,TANK,6.2,50.1
2026-02-11,competitive,Asia,colosseo,Master,레킹볼,TANK,5.4,51.0
2026-02-11,competitive,Asia,colosseo,Master,로드호그,TANK,3.9,41.3
2026-02-11,competitive,Asia,colosseo,Master,루시우,SUPPORT,5.0,51.4
2026-02-11,competitive,Asia,colosseo,Master,리퍼,DAMAGE,6.2,47.6
2026-02-11,competitive,Asia,colosseo,Master,마우가,TANK,2.0,43.8
2026-02-11,competitive,Asia,colosseo,Master,메르시,SUPPORT,4.8,47.3
2026-02-11,competitive,Asia,colosseo,Master,메이,DAMAGE,4.1,50.8
2026-02-11,competitive,Asia,colosseo,Master,모이라,SUPPORT,5.5,46.7
2026-02-11,competitive,Asia,colosseo,Master,미즈키,SUPPORT,-1.0,-1.0
2026-02-11,competitive,Asia,colosseo,Master,바스티온,DAMAGE,4.8,50.2
2026-02-11,competitive,Asia,colosseo,Master,바티스트,SUPPORT,12.3,45.8
2026-02-11,competitive,Asia,colosseo,Master,벤데타,DAMAGE,4.4,58.8
2026-02-11,competitive,Asia,colosseo,Master,벤처,DAMAGE,6.5,53.5
2026-02-11,competitive,Asia,colosseo,Master,브리기테,SUPPORT,7.1,46.1
2026-02-11,competitive,Asia,colosseo,Master,소전,DAMAGE,26.8,47.5
2026-02-11,competitive,Asia,colosseo,Master,솔저: 76,DAMAGE,13.6,51.4
2026-02-11,competitive,Asia,colosseo,Master,솜브라,DAMAGE,8.3,50.8
2026-02-11,competitive,Asia,colosseo,Master,시그마,TANK,16.8,55.2
2026-02-11,competitive,Asia,colosseo,Master,시메트라,DAMAGE,2.5,50.6
2026-02-11,competitive,Asia,colosseo,Master,아나,SUPPORT,57.8,48.3
2026-02-11,competitive,Asia,colosseo,Master,안란,DAMAGE,-1.0,-1.0
2026-02-11,competitive,Asia,colosseo,Master,애쉬,DAMAGE,17.7,52.9
2026-02-11,competitive,Asia,colosseo,Master,에코,DAMAGE,9.6,56.3
2026-02-11,competitive,Asia,colosseo,Master,엠레,DAMAGE,-1.0,-1.0
2026-02-11,competitive,Asia,colosseo,Master,오리사,TANK,6.3,44.3
2026-02-11,competitive,Asia,colosseo,Master,우양,SUPPORT,32.2,55.4
2026-02-11,competitive,Asia,colosseo,Master,위도우메이커,DAMAGE,3.0,39.1
2026-02-11,competitive,Asia,colosseo,Master,윈스턴,TANK,18.0,52.3
2026-02-11,competitive,Asia,colosseo,Master,일리아리,SUPPORT,22.1,56.8
2026-02-11,competitive,Asia,colosseo,Master,자리야,TANK,9.0,49.2
2026-02-11,competitive,Asia,colosseo,Master,정커퀸,TANK,4.7,53.6
2026-02-11,competitive,Asia,colosseo,Master,정크랫,DAMAGE,2.3,48.3
2026-02-11,competitive,Asia,colosseo,Master,제트팩 캣,SUPPORT,-1.0,-1.0
2026-02-11,competitive,Asia,colosseo,Master,젠야타,SUPPORT,11.1,47.9
2026-02-11,competitive,Asia,colosseo,Master,주노,SUPPORT,3.0,53.0
2026-02-11,competitive,Asia,colosseo,Master,캐서디,DAMAGE,26.9,42.6
2026-02-11,competitive,Asia,colosseo,Master,키리코,SUPPORT,36.4,46.8
2026-02-11,competitive,Asia,colosseo,Master,토르비욘,DAMAGE,2.4,45.5
2026-02-11,competitive,Asia,colosseo,Master,트레이서,DAMAGE,25.0,50.9
2026-02-11,competitive,Asia,colosseo,Master,파라,DAMAGE,4.4,55.3
2026-02-11,competitive,Asia,colosseo,Master,프레야,DAMAGE,6.0,48.2
2026-02-11,competitive,Asia,colosseo,Master,한조,DAMAGE,7.4,53.7
2026-02-11,competitive,Asia,colosseo,Master,해저드,TANK,3.4,50.8
2026-02-11,competitive,Asia,colosseo,Grandmaster,D.Va,TANK,8.0,48.0
2026-02-11,competitive,Asia,colosseo,Grandmaster,겐지,DAMAGE,11.1,48.3
2026-02-11,competitive,Asia,colosseo,Grandmaster,도미나,TANK,-1.0,-1.0
2026-02-11,competitive,Asia,colosseo,Grandmaster,둠피스트,TANK,12.3,49.8
2026-02-11,competitive,Asia,colosseo,Grandmaster,라마트라,TANK,3.0,54.7
2026-02-11,competitive,Asia,colosseo,Grandmaster,라이프위버,SUPPORT,1.0,53.0
2026-02-11,competitive,Asia,colosseo,Grandmaster,라인하르트,TANK,4.7,40.9
2026-02-11,competitive,Asia,colosseo,Grandmaster,레킹볼,TANK,7.0,49.8
2026-02-11,competitive,Asia,colosseo,Grandmaster,로드호그,TANK,3.0,41.9
2026-02-11,competitive,Asia,colosseo,Grandmaster,루시우,SUPPORT,8.0,50.1
2026-02-11,competitive,Asia,colosseo,Grandmaster,리퍼,DAMAGE,4.0,44.5
2026-02-11,competitive,Asia,colosseo,Grandmaster,마우가,TANK,0.9,41.0
2026-02-11,competitive,Asia,colosseo,Grandmaster,메르시,SUPPORT,2.8,42.0
2026-02-11,competitive,Asia,colosseo,Grandmaster,메이,DAMAGE,3.8,40.3
2026-02-11,competitive,Asia,colosseo,Grandmaster,모이라,SUPPORT,4.1,54.6
2026-02-11,competitive,Asia,colosseo,Grandmaster,미즈키,SUPPORT,-1.0,-1.0
2026-02-11,competitive,Asia,colosseo,Grandmaster,바스티온,DAMAGE,2.6,52.2
2026-02-11,competitive,Asia,colosseo,Grandmaster,바티스트,SUPPORT,18.5,49.9
2026-02-11,competitive,Asia,colosseo,Grandmaster,벤데타,DAMAGE,6.4,54.9
2026-02-11,competitive,Asia,colosseo,Grandmaster,벤처,DAMAGE,4.3,51.4
2026-02-11,competitive,Asia,colosseo,Grandmaster,브리기테,SUPPORT,7.4,45.2
2026-02-11,competitive,Asia,colosseo,Grandmaster,소전,DAMAGE,30.9,52.0
2026-02-11,competitive,Asia,colosseo,Grandmaster,솔저: 76,DAMAGE,10.8,56.5
2026-02-11,competitive,Asia,colosseo,Grandmaster,솜브라,DAMAGE,8.0,46.6
2026-02-11,competitive,Asia,colosseo,Grandmaster,시그마,TANK,21.0,54.9
2026-02-11,competitive,Asia,colosseo,Grandmaster,시메트라,DAMAGE,4.4,53.0
2026-02-11,competitive,Asia,colosseo,Grandmaster,아나,SUPPORT,49.6,46.0
2026-02-11,competitive,Asia,colosseo,Grandmaster,안란,DAMAGE,-1.0,-1.0
2026-02-11,competitive,Asia,colosseo,Grandmaster,애쉬,DAMAGE,19.2,51.3
2026-02-11,competitive,Asia,colosseo,Grandmaster,에코,DAMAGE,13.8,53.4
2026-02-11,competitive,Asia,colosseo,Grandmaster,엠레,DAMAGE,-1.0,-1.0
2026-02-11,competitive,Asia,colosseo,Grandmaster,오리사,TANK,4.6,41.4
2026-02-11,competitive,Asia,colosseo,Grandmaster,우양,SUPPORT,37.5,54.9
2026-02-11,competitive,Asia,colosseo,Grandmaster,위도우메이커,DAMAGE,3.1,37.8
2026-02-11,competitive,Asia,colosseo,Grandmaster,윈스턴,TANK,20.6,54.2
2026-02-11,competitive,Asia,colosseo,Grandmaster,일리아리,SUPPORT,23.1,57.1
2026-02-11,competitive,Asia,colosseo,Grandmaster,자리야,TANK,10.0,47.7
2026-02-11,competitive,Asia,colosseo,Grandmaster,정커퀸,TANK,2.3,55.4
2026-02-11,competitive,Asia,colosseo,Grandmaster,정크랫,DAMAGE,2.6,47.4
2026-02-11,competitive,Asia,colosseo,Grandmaster,제트팩 캣,SUPPORT,-1.0,-1.0
2026-02-11,competitive,Asia,colosseo,Grandmaster,젠야타,SUPPORT,6.6,45.3
2026-02-11,competitive,Asia,colosseo,Grandmaster,주노,SUPPORT,1.9,47.1
2026-02-11,competitive,Asia,colosseo,Grandmaster,캐서디,DAMAGE,19.8,42.2
2026-02-11,competitive,Asia,colosseo,Grandmaster,키리코,SUPPORT,39.5,48.6
2026-02-11,competitive,Asia,colosseo,Grandmaster,토르비욘,DAMAGE,1.5,50.4
2026-02-11,competitive,Asia,colosseo,Grandmaster,트레이서,DAMAGE,34.4,52.5
2026-02-11,competitive,Asia,colosseo,Grandmaster,파라,DAMAGE,4.6,59.4
2026-02-11,competitive,Asia,colosseo,Grandmaster,프레야,DAMAGE,8.4,46.3
2026-02-11,competitive,Asia,colosseo,Grandmaster,한조,DAMAGE,6.4,49.8
2026-02-11,competitive,Asia,colosseo,Grandmaster,해저드,TANK,2.9,50.1
